A	2	8.00	0.177
A	3	6.00	0.133
A	4	3.00	0.066
A	5	6.00	0.133
A	6	10.00	0.222
A	7	4.00	0.088
A	8	0.00	0
A	9	0.00	0
A	10	0.00	0
A	11	0.00	0
A	12	4.00	0.088
A	13	13.00	0.288
A	14	34.00	0.755
A	15	42.00	0.933
A	16	37.00	0.822
A	17	31.00	0.688
A	18	12.00	0.266
A	19	35.00	0.777
A	20	37.00	0.822
A	21	4.00	0.088
A	22	13.00	0.288
A	23	32.00	0.711
A	24	19.00	0.422
A	25	0.00	0
A	26	6.00	0.133
A	27	18.00	0.4
A	28	3.00	0.066
A	29	1.00	0.022
A	30	0.00	0
A	31	2.00	0.044
A	32	4.00	0.088
A	33	3.00	0.066
A	34	3.00	0.066
A	35	12.00	0.266
A	36	0.00	0
A	37	11.00	0.244
A	38	7.00	0.155
A	39	0.00	0
A	40	11.00	0.244
A	41	1.00	0.022
A	42	0.00	0
A	43	20.00	0.444
A	44	7.00	0.155
A	45	3.00	0.066
A	46	2.00	0.044
A	47	14.00	0.311
A	48	7.00	0.155
A	49	6.00	0.133
A	50	5.00	0.111
A	51	6.00	0.133
A	52	12.00	0.266
A	53	0.00	0
A	54	0.00	0
A	55	0.00	0
A	56	0.00	0
A	57	1.00	0.022
A	58	7.00	0.155
A	59	7.00	0.155
A	60	4.00	0.088
A	61	8.00	0.177
A	62	11.00	0.244
A	63	7.00	0.155
A	64	11.00	0.244
A	65	0.00	0
A	66	6.00	0.133
A	67	6.00	0.133
A	68	0.00	0
A	69	0.00	0
A	70	5.00	0.111
A	71	8.00	0.177
A	72	0.00	0
A	73	10.00	0.222
A	74	7.00	0.155
A	75	17.00	0.377
A	76	17.00	0.377
A	77	21.00	0.466
A	78	16.00	0.355
A	79	12.00	0.266
A	80	23.00	0.511
A	81	10.00	0.222
A	82	15.00	0.333
A	83	0.00	0
A	84	0.00	0
A	85	0.00	0
A	86	1.00	0.022
A	87	3.00	0.066
A	88	6.00	0.133
A	89	8.00	0.177
A	90	3.00	0.066
A	91	5.00	0.111
A	92	5.00	0.111
A	93	5.00	0.111
A	94	3.00	0.066
A	95	0.00	0
A	96	1.00	0.022
A	97	2.00	0.044
A	98	0.00	0
A	99	10.00	0.222
A	100	12.00	0.266
A	101	4.00	0.088
A	102	13.00	0.288
A	103	14.00	0.311
A	104	10.00	0.222
A	105	0.00	0
A	106	3.00	0.066
A	107	1.00	0.022
A	108	4.00	0.088
A	109	10.00	0.222
A	110	27.00	0.6
A	111	12.00	0.266
A	112	12.00	0.266
A	113	10.00	0.222
A	114	6.00	0.133
A	115	3.00	0.066
A	116	0.00	0
A	117	6.00	0.133
A	118	3.00	0.066
A	119	3.00	0.066
A	120	0.00	0
A	121	4.00	0.088
A	122	2.00	0.044
A	123	1.00	0.022
A	124	14.00	0.311
A	125	7.00	0.155
A	126	14.00	0.311
A	127	18.00	0.4
A	128	15.00	0.333
A	129	18.00	0.4
