chain	res	score	prob
A	1	11.00	0.239
A	2	1.00	0.021
A	3	6.00	0.130
A	4	5.00	0.108
A	5	11.00	0.239
A	6	5.00	0.108
A	7	5.00	0.108
A	8	6.00	0.130
A	9	14.00	0.304
A	10	4.00	0.086
A	11	6.00	0.130
A	12	3.00	0.065
A	13	1.00	0.021
A	14	7.00	0.152
A	15	2.00	0.043
A	16	6.00	0.130
A	17	5.00	0.108
A	18	11.00	0.239
A	19	6.00	0.130
A	20	4.00	0.086
A	21	1.00	0.021
A	22	3.00	0.065
A	23	2.00	0.043
A	24	7.00	0.152
A	25	3.00	0.065
A	26	11.00	0.239
A	27	9.00	0.195
A	28	6.00	0.130
A	29	3.00	0.065
A	30	6.00	0.130
A	31	3.00	0.065
A	32	0.00	0
A	33	0.00	0
A	34	14.00	0.304
A	35	0.00	0
A	36	6.00	0.130
A	37	1.00	0.021
A	38	3.00	0.065
A	39	7.00	0.152
A	40	9.00	0.195
A	41	14.00	0.304
A	42	9.00	0.195
A	43	6.00	0.130
A	44	7.00	0.152
A	45	7.00	0.152
A	46	6.00	0.130
A	47	0.00	0
A	48	4.00	0.086
A	49	15.00	0.326
A	50	14.00	0.304
A	51	3.00	0.065
A	52	14.00	0.304
A	53	14.00	0.304
A	54	14.00	0.304
A	55	14.00	0.304
A	56	26.00	0.565
A	57	17.00	0.369
A	58	10.00	0.217
A	59	7.00	0.152
A	60	11.00	0.239
A	61	7.00	0.152
A	62	5.00	0.108
A	63	5.00	0.108
A	64	6.00	0.130
A	65	4.00	0.086
A	66	6.00	0.130
A	67	13.00	0.282
A	68	4.00	0.086
A	69	5.00	0.108
A	70	9.00	0.195
A	71	0.00	0
A	72	6.00	0.130
A	73	0.00	0
A	74	4.00	0.086
A	75	1.00	0.021
A	76	10.00	0.217
A	77	8.00	0.173
A	78	0.00	0
A	79	6.00	0.130
A	80	5.00	0.108
A	81	3.00	0.065
A	82	1.00	0.021
A	83	3.00	0.065
A	84	1.00	0.021
A	85	11.00	0.239
A	86	0.00	0
A	87	0.00	0
A	88	0.00	0
A	89	7.00	0.152
A	90	1.00	0.021
A	91	3.00	0.065
A	92	9.00	0.195
A	93	16.00	0.347
A	94	23.00	0.5
A	95	10.00	0.217
A	96	0.00	0
A	97	5.00	0.108
A	98	3.00	0.065
A	99	8.00	0.173
A	100	21.00	0.456
A	101	8.00	0.173
A	102	1.00	0.021
A	103	5.00	0.108
A	104	0.00	0
A	105	2.00	0.043
A	106	5.00	0.108
A	107	3.00	0.065
A	108	4.00	0.086
A	109	4.00	0.086
A	110	3.00	0.065
A	111	5.00	0.108
A	112	5.00	0.108
A	113	3.00	0.065
A	114	5.00	0.108
A	115	1.00	0.021
A	116	4.00	0.086
A	117	4.00	0.086
A	118	0.00	0
A	119	18.00	0.391
A	120	14.00	0.304
A	121	5.00	0.108
A	122	17.00	0.369
A	123	5.00	0.108
A	124	3.00	0.065
A	125	6.00	0.130
A	126	9.00	0.195
A	127	3.00	0.065
A	128	2.00	0.043
A	129	3.00	0.065
A	130	0.00	0
A	131	0.00	0
A	132	0.00	0
A	133	0.00	0
A	134	0.00	0
A	135	1.00	0.021
A	136	0.00	0
A	137	5.00	0.108
A	138	9.00	0.195
A	139	0.00	0
A	140	0.00	0
A	141	1.00	0.021
A	142	24.00	0.521
A	143	11.00	0.239
A	144	21.00	0.456
A	145	9.00	0.195
A	146	10.00	0.217
A	147	2.00	0.043
A	148	0.00	0
A	149	4.00	0.086
A	150	2.00	0.043
A	151	5.00	0.108
A	152	4.00	0.086
A	153	6.00	0.130
A	154	11.00	0.239
A	155	5.00	0.108
A	156	18.00	0.391
A	157	11.00	0.239
A	158	9.00	0.195
A	159	20.00	0.434
A	160	28.00	0.608
A	161	45.00	0.978
A	162	28.00	0.608
A	163	38.00	0.826
A	164	18.00	0.391
A	165	15.00	0.326
A	166	3.00	0.065
A	167	5.00	0.108
A	168	7.00	0.152
A	169	8.00	0.173
A	170	4.00	0.086
A	171	2.00	0.043
A	172	1.00	0.021
A	173	2.00	0.043
A	174	0.00	0
A	175	22.00	0.478
A	176	4.00	0.086
A	177	0.00	0
A	178	5.00	0.108
A	179	0.00	0
A	180	4.00	0.086
A	181	2.00	0.043
A	182	6.00	0.130
A	183	8.00	0.173
A	184	2.00	0.043
A	185	4.00	0.086
A	186	13.00	0.282
A	187	10.00	0.217
A	188	9.00	0.195
A	189	5.00	0.108
A	190	5.00	0.108
A	191	4.00	0.086
A	192	0.00	0
A	193	3.00	0.065
A	194	0.00	0
A	195	3.00	0.065
A	196	0.00	0
A	197	3.00	0.065
A	198	0.00	0
A	199	1.00	0.021
A	200	4.00	0.086
A	201	8.00	0.173
A	202	12.00	0.260
A	203	7.00	0.152
A	204	5.00	0.108
A	205	2.00	0.043
A	206	5.00	0.108
A	207	5.00	0.108
A	208	8.00	0.173
A	209	10.00	0.217
A	210	17.00	0.369
A	211	16.00	0.347
A	212	16.00	0.347
A	213	35.00	0.760
A	214	39.00	0.847
B	1	19.00	0.413
B	2	16.00	0.347
B	3	11.00	0.239
B	4	6.00	0.130
B	5	6.00	0.130
B	6	2.00	0.043
B	7	2.00	0.043
B	8	9.00	0.195
B	9	9.00	0.195
B	10	9.00	0.195
B	11	8.00	0.173
B	12	8.00	0.173
B	13	11.00	0.239
B	14	5.00	0.108
B	15	9.00	0.195
B	16	8.00	0.173
B	17	10.00	0.217
B	18	1.00	0.021
B	19	6.00	0.130
B	20	1.00	0.021
B	21	6.00	0.130
B	22	0.00	0
B	23	5.00	0.108
B	24	3.00	0.065
B	25	6.00	0.130
B	26	17.00	0.369
B	27	7.00	0.152
B	28	9.00	0.195
B	29	0.00	0
B	30	15.00	0.326
B	31	7.00	0.152
B	32	7.00	0.152
B	33	0.00	0
B	34	3.00	0.065
B	35	0.00	0
B	36	0.00	0
B	37	0.00	0
B	38	6.00	0.130
B	39	11.00	0.239
B	40	16.00	0.347
B	41	38.00	0.826
B	42	27.00	0.586
B	43	27.00	0.586
B	44	32.00	0.695
B	45	11.00	0.239
B	46	8.00	0.173
B	47	7.00	0.152
B	48	0.00	0
B	49	0.00	0
B	50	0.00	0
B	51	11.00	0.239
B	52	0.00	0
B	53	43.00	0.934
B	54	38.00	0.826
B	55	20.00	0.434
B	56	16.00	0.347
B	57	21.00	0.456
B	58	27.00	0.586
B	59	11.00	0.239
B	60	3.00	0.065
B	61	12.00	0.260
B	62	8.00	0.173
B	63	5.00	0.108
B	64	13.00	0.282
B	65	11.00	0.239
B	66	8.00	0.173
B	67	8.00	0.173
B	68	11.00	0.239
B	69	5.00	0.108
B	70	13.00	0.282
B	71	22.00	0.478
B	72	10.00	0.217
B	73	22.00	0.478
B	74	16.00	0.347
B	75	12.00	0.260
B	76	4.00	0.086
B	77	11.00	0.239
B	78	0.00	0
B	79	8.00	0.173
B	80	1.00	0.021
B	81	8.00	0.173
B	82	0.00	0
B	83	11.00	0.239
B	84	5.00	0.108
B	85	1.00	0.021
B	86	7.00	0.152
B	87	7.00	0.152
B	88	7.00	0.152
B	89	6.00	0.130
B	90	7.00	0.152
B	91	13.00	0.282
B	92	6.00	0.130
B	93	0.00	0
B	94	4.00	0.086
B	95	0.00	0
B	96	0.00	0
B	97	3.00	0.065
B	98	20.00	0.434
B	99	15.00	0.326
B	100	3.00	0.065
B	101	17.00	0.369
B	102	9.00	0.195
B	103	9.00	0.195
B	104	0.00	0
B	105	12.00	0.260
B	106	7.00	0.152
B	107	3.00	0.065
B	108	10.00	0.217
B	109	0.00	0
B	110	9.00	0.195
B	111	3.00	0.065
B	112	4.00	0.086
B	113	5.00	0.108
B	114	4.00	0.086
B	115	11.00	0.239
B	116	8.00	0.173
B	117	6.00	0.130
B	118	11.00	0.239
B	119	6.00	0.130
B	120	8.00	0.173
B	121	1.00	0.021
B	122	2.00	0.043
B	123	4.00	0.086
B	124	1.00	0.021
B	125	19.00	0.413
B	126	19.00	0.413
B	127	30.00	0.652
B	128	39.00	0.847
B	129	31.00	0.673
B	130	37.00	0.804
B	131	16.00	0.347
B	132	18.00	0.391
B	133	8.00	0.173
B	134	10.00	0.217
B	135	10.00	0.217
B	136	5.00	0.108
B	137	6.00	0.130
B	138	0.00	0
B	139	0.00	0
B	140	0.00	0
B	141	0.00	0
B	142	0.00	0
B	143	11.00	0.239
B	144	8.00	0.173
B	145	0.00	0
B	146	1.00	0.021
B	147	7.00	0.152
B	148	11.00	0.239
B	149	7.00	0.152
B	150	4.00	0.086
B	151	7.00	0.152
B	152	5.00	0.108
B	154	8.00	0.173
B	155	4.00	0.086
B	160	4.00	0.086
B	161	11.00	0.239
B	162	6.00	0.130
B	163	11.00	0.239
B	164	6.00	0.130
B	165	11.00	0.239
B	166	8.00	0.173
B	167	4.00	0.086
B	169	5.00	0.108
B	170	5.00	0.108
B	171	2.00	0.043
B	172	4.00	0.086
B	173	34.00	0.739
B	174	26.00	0.565
B	175	31.00	0.673
B	176	15.00	0.326
B	177	11.00	0.239
B	178	10.00	0.217
B	181	14.00	0.304
B	182	9.00	0.195
B	183	10.00	0.217
B	184	5.00	0.108
B	185	8.00	0.173
B	186	2.00	0.043
B	187	0.00	0
B	188	0.00	0
B	189	0.00	0
B	190	6.00	0.130
B	191	15.00	0.326
B	192	9.00	0.195
B	193	7.00	0.152
B	194	8.00	0.173
B	196	6.00	0.130
B	197	17.00	0.369
B	198	25.00	0.543
B	200	14.00	0.304
B	201	9.00	0.195
B	202	6.00	0.130
B	203	1.00	0.021
B	204	3.00	0.065
B	206	0.00	0
B	207	3.00	0.065
B	208	2.00	0.043
B	209	3.00	0.065
B	210	1.00	0.021
B	211	5.00	0.108
B	212	4.00	0.086
B	213	11.00	0.239
B	214	6.00	0.130
B	215	4.00	0.086
B	216	8.00	0.173
B	217	7.00	0.152
B	218	5.00	0.108
B	219	7.00	0.152
B	220	18.00	0.391
B	221	11.00	0.239
C	1	7.00	0.152
C	2	13.00	0.282
C	3	2.00	0.043
C	4	18.00	0.391
C	5	21.00	0.456
C	6	12.00	0.260
C	7	17.00	0.369
C	8	0.00	0
C	9	0.00	0
C	10	10.00	0.217
C	11	6.00	0.130
C	12	0.00	0
C	13	12.00	0.260
C	14	15.00	0.326
C	15	6.00	0.130
C	16	0.00	0
C	17	0.00	0
C	18	5.00	0.108
C	19	18.00	0.391
C	20	0.00	0
C	21	20.00	0.434
C	22	33.00	0.717
C	23	40.00	0.869
C	24	19.00	0.413
C	25	1.00	0.021
C	26	0.00	0
C	27	44.00	0.956
C	28	0.00	0
C	29	0.00	0
C	30	3.00	0.065
C	31	0.00	0
C	32	0.00	0
C	33	20.00	0.434
C	34	28.00	0.608
C	35	3.00	0.065
C	36	4.00	0.086
C	37	18.00	0.391
C	38	10.00	0.217
C	39	2.00	0.043
C	40	2.00	0.043
C	41	23.00	0.5
C	42	5.00	0.108
C	43	11.00	0.239
C	44	17.00	0.369
C	45	28.00	0.608
C	46	18.00	0.391
C	47	33.00	0.717
C	48	25.00	0.543
C	49	12.00	0.260
C	50	4.00	0.086
C	51	2.00	0.043
C	52	5.00	0.108
C	53	6.00	0.130
C	54	0.00	0
C	55	0.00	0
C	56	0.00	0
C	57	4.00	0.086
C	58	0.00	0
C	59	38.00	0.826
C	60	0.00	0
C	61	37.00	0.804
C	62	45.00	0.978
C	63	46.00	1
C	64	0.00	0
C	65	12.00	0.260
C	66	17.00	0.369
C	67	14.00	0.304
C	68	22.00	0.478
C	69	14.00	0.304
C	70	26.00	0.565
C	71	12.00	0.260
C	72	3.00	0.065
C	73	33.00	0.717
C	74	5.00	0.108
C	75	0.00	0
C	76	5.00	0.108
C	77	11.00	0.239
C	78	10.00	0.217
C	79	13.00	0.282
C	80	2.00	0.043
C	81	25.00	0.543
C	82	14.00	0.304
C	83	1.00	0.021
C	84	16.00	0.347
C	85	12.00	0.260
C	86	8.00	0.173
C	87	3.00	0.065
C	88	1.00	0.021
C	89	5.00	0.108
C	90	4.00	0.086
C	91	0.00	0
C	92	0.00	0
C	93	6.00	0.130
C	94	0.00	0
C	95	0.00	0
C	96	0.00	0
C	97	13.00	0.282
C	98	4.00	0.086
C	99	1.00	0.021
C	100	0.00	0
C	101	5.00	0.108
C	102	14.00	0.304
C	103	34.00	0.739
C	104	4.00	0.086
C	105	0.00	0
C	106	16.00	0.347
C	107	30.00	0.652
C	108	8.00	0.173
C	109	23.00	0.5
C	110	11.00	0.239
C	111	19.00	0.413
C	112	29.00	0.630
C	113	26.00	0.565
C	114	32.00	0.695
C	115	0.00	0
C	116	37.00	0.804
C	117	33.00	0.717
C	118	41.00	0.891
C	119	43.00	0.934
C	120	40.00	0.869
C	121	34.00	0.739
C	122	37.00	0.804
C	123	29.00	0.630
C	124	22.00	0.478
C	125	28.00	0.608
C	126	15.00	0.326
C	127	12.00	0.260
C	128	20.00	0.434
C	129	12.00	0.260
