I	8	38.00	0.791
I	9	21.00	0.437
I	10	3.00	0.062
I	11	17.00	0.354
I	12	22.00	0.458
I	13	0.00	0
I	14	13.00	0.270
I	15	11.00	0.229
I	16	22.00	0.458
I	17	5.00	0.104
I	18	12.00	0.25
I	19	23.00	0.479
I	20	20.00	0.416
I	21	0.00	0
I	22	35.00	0.729
I	23	27.00	0.562
I	24	24.00	0.5
I	25	8.00	0.166
I	26	31.00	0.645
I	27	34.00	0.708
I	28	32.00	0.666
I	29	15.00	0.312
I	30	24.00	0.5
I	31	13.00	0.270
I	32	13.00	0.270
I	33	22.00	0.458
I	34	17.00	0.354
I	35	36.00	0.75
I	36	28.00	0.583
I	37	28.00	0.583
I	38	17.00	0.354
I	39	18.00	0.375
I	40	23.00	0.479
I	41	16.00	0.333
I	42	15.00	0.312
I	43	9.00	0.187
I	44	10.00	0.208
I	45	1.00	0.020
I	46	8.00	0.166
I	47	8.00	0.166
I	48	30.00	0.625
I	49	35.00	0.729
I	50	16.00	0.333
I	51	16.00	0.333
I	52	0.00	0
I	53	27.00	0.562
I	54	0.00	0
I	55	18.00	0.375
I	56	14.00	0.291
I	57	9.00	0.187
I	58	13.00	0.270
I	59	6.00	0.125
I	60	9.00	0.187
I	61	18.00	0.375
I	62	4.00	0.083
I	63	1.00	0.020
I	64	22.00	0.458
I	65	40.00	0.833
I	66	35.00	0.729
I	67	10.00	0.208
I	68	45.00	0.937
I	69	23.00	0.479
I	70	19.00	0.395
