B	159	18.00	0.4
B	160	14.00	0.311
B	161	17.00	0.377
B	162	0.00	0
B	163	11.00	0.244
B	164	0.00	0
B	165	10.00	0.222
B	166	12.00	0.266
B	167	6.00	0.133
B	168	6.00	0.133
B	169	8.00	0.177
B	170	6.00	0.133
B	171	9.00	0.2
B	172	2.00	0.044
B	173	5.00	0.111
B	174	5.00	0.111
B	175	0.00	0
B	176	8.00	0.177
B	177	7.00	0.155
B	178	5.00	0.111
B	179	0.00	0
B	180	3.00	0.066
B	181	1.00	0.022
B	182	1.00	0.022
B	183	3.00	0.066
B	184	5.00	0.111
B	185	10.00	0.222
B	186	16.00	0.355
B	187	15.00	0.333
B	188	10.00	0.222
B	189	10.00	0.222
B	190	14.00	0.311
B	191	6.00	0.133
B	192	15.00	0.333
B	193	9.00	0.2
B	194	7.00	0.155
B	195	2.00	0.044
B	196	11.00	0.244
B	197	0.00	0
B	198	8.00	0.177
B	199	6.00	0.133
B	200	15.00	0.333
B	201	13.00	0.288
B	202	5.00	0.111
B	203	3.00	0.066
B	204	14.00	0.311
B	205	9.00	0.2
B	206	9.00	0.2
B	207	6.00	0.133
B	208	0.00	0
B	209	10.00	0.222
B	210	10.00	0.222
B	211	0.00	0
B	212	0.00	0
B	213	8.00	0.177
B	214	9.00	0.2
B	215	3.00	0.066
B	216	5.00	0.111
B	217	11.00	0.244
B	218	11.00	0.244
B	219	14.00	0.311
B	220	8.00	0.177
B	221	6.00	0.133
B	222	13.00	0.288
B	223	15.00	0.333
B	224	18.00	0.4
B	225	15.00	0.333
B	226	20.00	0.444
