I	1	13.00	0.224
I	2	2.00	0.034
I	3	14.00	0.241
I	4	15.00	0.258
I	5	14.00	0.241
I	6	20.00	0.344
I	7	17.00	0.293
I	8	4.00	0.068
I	9	14.00	0.241
I	10	13.00	0.224
I	11	5.00	0.086
I	12	6.00	0.103
I	13	6.00	0.103
I	14	19.00	0.327
I	15	3.00	0.051
I	16	11.00	0.189
I	17	0.00	0
I	18	12.00	0.206
I	19	16.00	0.275
I	20	15.00	0.258
I	21	16.00	0.275
I	22	10.00	0.172
I	23	18.00	0.310
I	24	13.00	0.224
I	25	19.00	0.327
I	26	3.00	0.051
I	27	26.00	0.448
I	28	6.00	0.103
I	29	10.00	0.172
I	30	0.00	0
I	31	16.00	0.275
I	32	13.00	0.224
I	33	11.00	0.189
I	34	10.00	0.172
I	35	3.00	0.051
I	36	12.00	0.206
I	37	12.00	0.206
I	38	4.00	0.068
I	39	6.00	0.103
I	40	7.00	0.120
I	41	10.00	0.172
I	42	12.00	0.206
I	43	7.00	0.120
I	44	5.00	0.086
I	45	17.00	0.293
I	46	16.00	0.275
I	47	4.00	0.068
I	48	15.00	0.258
I	49	14.00	0.241
I	50	0.00	0
I	51	13.00	0.224
I	52	35.00	0.603
I	53	22.00	0.379
I	54	16.00	0.275
I	55	16.00	0.275
I	56	8.00	0.137
I	57	8.00	0.137
I	58	0.00	0
I	59	15.00	0.258
I	60	5.00	0.086
I	61	0.00	0
I	62	9.00	0.155
I	63	5.00	0.086
I	64	5.00	0.086
I	65	6.00	0.103
I	66	7.00	0.120
I	67	0.00	0
I	68	0.00	0
I	69	0.00	0
I	70	0.00	0
I	71	1.00	0.017
I	72	5.00	0.086
I	73	20.00	0.344
I	74	6.00	0.103
I	75	0.00	0
I	76	6.00	0.103
I	77	10.00	0.172
I	78	15.00	0.258
I	79	18.00	0.310
I	80	12.00	0.206
I	81	0.00	0
I	82	10.00	0.172
I	83	17.00	0.293
I	84	20.00	0.344
I	85	8.00	0.137
I	86	36.00	0.620
I	87	10.00	0.172
I	88	7.00	0.120
I	89	3.00	0.051
I	90	11.00	0.189
I	91	18.00	0.310
I	92	34.00	0.586
I	93	26.00	0.448
I	94	21.00	0.362
I	95	36.00	0.620
I	96	16.00	0.275
I	97	11.00	0.189
I	98	8.00	0.137
I	99	0.00	0
I	100	6.00	0.103
I	101	0.00	0
I	102	11.00	0.189
I	103	11.00	0.189
I	104	18.00	0.310
I	105	31.00	0.534
