B	1	8.00	0.190
B	2	9.00	0.214
B	3	1.00	0.023
B	4	4.00	0.095
B	5	0.00	0
B	6	3.00	0.071
B	7	0.00	0
B	8	5.00	0.119
B	9	2.00	0.047
B	10	3.00	0.071
B	11	9.00	0.214
B	12	5.00	0.119
B	13	5.00	0.119
B	14	7.00	0.166
B	15	6.00	0.142
B	16	0.00	0
B	17	1.00	0.023
B	18	3.00	0.071
B	19	2.00	0.047
B	20	0.00	0
B	21	2.00	0.047
B	22	5.00	0.119
B	23	0.00	0
B	24	5.00	0.119
B	25	9.00	0.214
B	26	7.00	0.166
B	27	21.00	0.5
B	28	20.00	0.476
B	29	36.00	0.857
B	30	18.00	0.428
B	31	11.00	0.261
B	32	7.00	0.166
B	33	8.00	0.190
B	34	5.00	0.119
B	35	3.00	0.071
B	36	0.00	0
B	37	0.00	0
B	38	12.00	0.285
B	39	14.00	0.333
B	40	11.00	0.261
B	41	5.00	0.119
B	42	31.00	0.738
B	43	41.00	0.976
B	44	42.00	1
B	45	20.00	0.476
B	46	27.00	0.642
B	47	22.00	0.523
B	48	13.00	0.309
B	49	4.00	0.095
B	50	3.00	0.071
B	51	0.00	0
B	52	12.00	0.285
B	53	1.00	0.023
B	54	6.00	0.142
B	55	11.00	0.261
B	56	4.00	0.095
B	57	6.00	0.142
B	58	15.00	0.357
B	59	0.00	0
B	60	9.00	0.214
B	61	8.00	0.190
B	62	2.00	0.047
B	63	2.00	0.047
B	64	10.00	0.238
B	65	7.00	0.166
B	66	2.00	0.047
B	67	0.00	0
B	68	8.00	0.190
B	69	6.00	0.142
B	70	0.00	0
B	71	0.00	0
B	72	7.00	0.166
B	73	0.00	0
B	74	0.00	0
B	75	10.00	0.238
B	76	17.00	0.404
B	77	0.00	0
B	78	15.00	0.357
B	79	12.00	0.285
B	80	23.00	0.547
B	81	15.00	0.357
B	82	12.00	0.285
B	83	15.00	0.357
B	84	1.00	0.023
B	85	7.00	0.166
B	86	8.00	0.190
B	87	11.00	0.261
B	88	14.00	0.333
B	89	12.00	0.285
