chain	res	score	prob
A	1	17.00	0.242
A	2	2.00	0.028
A	3	12.00	0.171
A	4	3.00	0.042
A	5	13.00	0.185
A	6	20.00	0.285
A	7	0.00	0
A	8	6.00	0.085
A	9	23.00	0.328
A	10	8.00	0.114
A	11	10.00	0.142
A	12	21.00	0.3
A	13	20.00	0.285
A	14	1.00	0.014
A	15	29.00	0.414
A	16	24.00	0.342
A	17	22.00	0.314
A	18	0.00	0
A	19	7.00	0.1
A	20	39.00	0.557
A	21	0.00	0
A	22	0.00	0
A	23	21.00	0.3
A	24	5.00	0.071
A	25	0.00	0
A	26	0.00	0
A	27	12.00	0.171
A	28	1.00	0.014
A	29	0.00	0
A	30	0.00	0
A	31	0.00	0
A	32	0.00	0
A	33	5.00	0.071
A	34	0.00	0
A	35	0.00	0
A	36	6.00	0.085
A	37	2.00	0.028
A	38	4.00	0.057
A	39	13.00	0.185
A	40	1.00	0.014
A	41	10.00	0.142
A	42	15.00	0.214
A	43	6.00	0.085
A	44	0.00	0
A	45	7.00	0.1
A	46	17.00	0.242
A	47	8.00	0.114
A	48	2.00	0.028
A	49	11.00	0.157
A	50	15.00	0.214
A	51	1.00	0.014
A	52	1.00	0.014
A	53	12.00	0.171
A	54	7.00	0.1
A	55	6.00	0.085
A	56	1.00	0.014
A	57	20.00	0.285
A	58	18.00	0.257
A	59	0.00	0
A	60	7.00	0.1
A	61	16.00	0.228
A	62	18.00	0.257
A	63	0.00	0
A	64	16.00	0.228
A	65	41.00	0.585
A	66	39.00	0.557
A	67	21.00	0.3
A	68	22.00	0.314
A	69	33.00	0.471
A	70	6.00	0.085
A	71	6.00	0.085
A	72	0.00	0
A	73	0.00	0
A	74	7.00	0.1
A	75	9.00	0.128
A	76	50.00	0.714
A	77	44.00	0.628
A	78	61.00	0.871
A	79	44.00	0.628
A	80	28.00	0.4
A	81	5.00	0.071
A	82	1.00	0.014
A	83	1.00	0.014
A	84	1.00	0.014
A	85	1.00	0.014
A	86	0.00	0
A	87	0.00	0
A	88	0.00	0
A	89	0.00	0
A	90	0.00	0
A	91	0.00	0
A	92	0.00	0
A	93	0.00	0
A	94	10.00	0.142
A	95	1.00	0.014
A	96	2.00	0.028
A	97	25.00	0.357
A	98	11.00	0.157
A	99	6.00	0.085
A	100	19.00	0.271
A	101	31.00	0.442
A	102	14.00	0.2
A	103	10.00	0.142
A	104	7.00	0.1
A	105	17.00	0.242
A	106	1.00	0.014
A	107	0.00	0
A	108	6.00	0.085
A	109	12.00	0.171
A	110	0.00	0
A	111	0.00	0
A	112	14.00	0.2
A	113	1.00	0.014
A	114	0.00	0
A	115	1.00	0.014
A	116	1.00	0.014
A	117	9.00	0.128
A	118	6.00	0.085
A	119	2.00	0.028
A	120	5.00	0.071
A	121	12.00	0.171
A	122	9.00	0.128
A	123	0.00	0
A	124	0.00	0
A	125	0.00	0
A	126	7.00	0.1
A	127	4.00	0.057
A	128	20.00	0.285
A	129	11.00	0.157
A	130	18.00	0.257
A	131	6.00	0.085
A	132	56.00	0.8
A	133	40.00	0.571
A	134	36.00	0.514
A	135	35.00	0.5
A	136	0.00	0
A	137	5.00	0.071
A	138	5.00	0.071
A	139	0.00	0
A	140	11.00	0.157
A	141	44.00	0.628
A	142	23.00	0.328
A	143	16.00	0.228
A	144	20.00	0.285
A	145	8.00	0.114
A	146	18.00	0.257
A	147	13.00	0.185
A	148	3.00	0.042
A	149	2.00	0.028
A	150	2.00	0.028
A	151	0.00	0
A	152	0.00	0
A	153	0.00	0
A	154	0.00	0
A	155	0.00	0
A	156	0.00	0
A	157	0.00	0
A	158	0.00	0
A	159	6.00	0.085
A	160	7.00	0.1
A	161	0.00	0
A	162	9.00	0.128
A	163	3.00	0.042
A	164	9.00	0.128
A	165	0.00	0
A	166	5.00	0.071
A	167	10.00	0.142
A	168	7.00	0.1
A	169	2.00	0.028
A	170	8.00	0.114
A	171	1.00	0.014
A	172	0.00	0
A	173	8.00	0.114
A	174	12.00	0.171
A	175	1.00	0.014
A	176	4.00	0.057
A	177	12.00	0.171
A	178	12.00	0.171
A	179	0.00	0
A	180	0.00	0
A	181	8.00	0.114
A	182	12.00	0.171
A	183	0.00	0
A	184	9.00	0.128
A	185	11.00	0.157
A	186	12.00	0.171
A	187	0.00	0
A	188	18.00	0.257
A	189	31.00	0.442
A	190	4.00	0.057
A	191	19.00	0.271
A	192	4.00	0.057
A	193	2.00	0.028
A	194	0.00	0
A	195	0.00	0
A	196	0.00	0
A	197	0.00	0
A	198	0.00	0
A	199	0.00	0
A	200	0.00	0
A	201	11.00	0.157
A	202	0.00	0
A	203	0.00	0
A	204	6.00	0.085
A	205	6.00	0.085
A	206	9.00	0.128
A	207	4.00	0.057
A	208	4.00	0.057
A	209	2.00	0.028
A	210	22.00	0.314
A	211	19.00	0.271
A	212	23.00	0.328
A	213	12.00	0.171
A	214	11.00	0.157
A	215	30.00	0.428
A	216	11.00	0.157
A	217	0.00	0
A	218	8.00	0.114
A	219	5.00	0.071
A	220	1.00	0.014
A	221	2.00	0.028
A	222	6.00	0.085
A	223	8.00	0.114
A	224	19.00	0.271
A	225	1.00	0.014
A	226	8.00	0.114
A	227	3.00	0.042
A	228	7.00	0.1
A	229	8.00	0.114
A	230	19.00	0.271
A	231	24.00	0.342
A	232	38.00	0.542
A	233	22.00	0.314
A	234	39.00	0.557
A	235	24.00	0.342
A	236	14.00	0.2
A	237	17.00	0.242
A	238	2.00	0.028
A	239	0.00	0
A	240	0.00	0
A	241	0.00	0
A	242	1.00	0.014
A	243	0.00	0
A	244	0.00	0
A	245	1.00	0.014
A	246	0.00	0
A	247	0.00	0
A	248	1.00	0.014
A	249	4.00	0.057
A	250	3.00	0.042
A	251	6.00	0.085
A	252	15.00	0.214
A	253	5.00	0.071
A	254	23.00	0.328
A	255	11.00	0.157
A	256	2.00	0.028
A	257	10.00	0.142
A	258	7.00	0.1
A	259	0.00	0
A	260	1.00	0.014
A	261	18.00	0.257
A	262	7.00	0.1
A	263	0.00	0
A	264	13.00	0.185
A	265	18.00	0.257
A	266	12.00	0.171
A	267	34.00	0.485
A	268	7.00	0.1
A	269	25.00	0.357
A	270	26.00	0.371
A	271	26.00	0.371
A	272	39.00	0.557
A	273	59.00	0.842
A	274	31.00	0.442
A	275	15.00	0.214
A	276	8.00	0.114
A	277	0.00	0
A	278	11.00	0.157
A	279	1.00	0.014
A	280	0.00	0
A	281	0.00	0
A	282	0.00	0
A	283	0.00	0
A	284	2.00	0.028
A	285	0.00	0
A	286	0.00	0
A	287	1.00	0.014
A	288	5.00	0.071
A	289	0.00	0
A	290	2.00	0.028
A	291	1.00	0.014
A	292	3.00	0.042
A	293	8.00	0.114
A	294	16.00	0.228
A	295	12.00	0.171
A	296	9.00	0.128
A	297	23.00	0.328
A	298	21.00	0.3
A	299	8.00	0.114
A	300	26.00	0.371
A	301	30.00	0.428
A	302	29.00	0.414
A	303	7.00	0.1
A	304	8.00	0.114
A	305	2.00	0.028
A	306	16.00	0.228
A	307	16.00	0.228
B	1	48.00	0.685
B	2	35.00	0.5
B	3	44.00	0.628
B	4	15.00	0.214
B	5	28.00	0.4
B	6	39.00	0.557
B	7	17.00	0.242
B	8	12.00	0.171
B	9	32.00	0.457
B	10	36.00	0.514
B	11	59.00	0.842
B	12	63.00	0.9
B	13	60.00	0.857
B	14	53.00	0.757
B	15	57.00	0.814
B	16	56.00	0.8
B	17	62.00	0.885
B	18	64.00	0.914
B	19	59.00	0.842
B	20	54.00	0.771
B	21	43.00	0.614
B	22	17.00	0.242
B	23	37.00	0.528
B	24	44.00	0.628
B	25	33.00	0.471
B	26	37.00	0.528
B	27	43.00	0.614
B	28	6.00	0.085
B	29	32.00	0.457
B	30	5.00	0.071
B	31	35.00	0.5
B	32	33.00	0.471
B	33	48.00	0.685
B	34	37.00	0.528
B	35	54.00	0.771
B	36	60.00	0.857
B	37	53.00	0.757
B	38	15.00	0.214
B	39	4.00	0.057
B	40	3.00	0.042
B	41	14.00	0.2
B	42	11.00	0.157
B	43	11.00	0.157
B	44	0.00	0
B	45	21.00	0.3
B	46	4.00	0.057
B	47	24.00	0.342
B	48	18.00	0.257
B	49	7.00	0.1
B	50	4.00	0.057
B	51	17.00	0.242
B	52	24.00	0.342
B	53	35.00	0.5
B	54	19.00	0.271
B	55	1.00	0.014
B	56	1.00	0.014
B	57	16.00	0.228
B	58	8.00	0.114
B	59	8.00	0.114
B	60	13.00	0.185
B	61	4.00	0.057
B	62	27.00	0.385
B	63	31.00	0.442
B	64	29.00	0.414
B	65	67.00	0.957
B	66	59.00	0.842
B	67	51.00	0.728
B	68	61.00	0.871
B	69	56.00	0.8
B	70	15.00	0.214
B	71	16.00	0.228
B	72	9.00	0.128
B	73	41.00	0.585
B	74	15.00	0.214
B	75	6.00	0.085
B	76	39.00	0.557
B	77	18.00	0.257
B	78	56.00	0.8
B	79	26.00	0.371
B	80	15.00	0.214
B	81	13.00	0.185
B	82	12.00	0.171
B	83	13.00	0.185
B	84	6.00	0.085
B	85	3.00	0.042
B	86	5.00	0.071
B	87	7.00	0.1
B	88	17.00	0.242
B	89	5.00	0.071
B	90	37.00	0.528
B	91	9.00	0.128
B	92	14.00	0.2
B	93	16.00	0.228
B	94	6.00	0.085
B	95	3.00	0.042
B	96	4.00	0.057
B	97	2.00	0.028
B	98	21.00	0.3
B	99	28.00	0.4
B	100	24.00	0.342
B	101	28.00	0.4
B	102	41.00	0.585
B	103	54.00	0.771
B	104	43.00	0.614
B	105	37.00	0.528
B	106	32.00	0.457
B	107	22.00	0.314
B	108	15.00	0.214
B	109	20.00	0.285
B	110	15.00	0.214
B	111	4.00	0.057
B	112	7.00	0.1
B	113	0.00	0
B	114	23.00	0.328
B	115	26.00	0.371
B	116	46.00	0.657
B	117	30.00	0.428
B	118	48.00	0.685
B	119	37.00	0.528
B	120	11.00	0.157
B	121	28.00	0.4
B	122	22.00	0.314
B	123	42.00	0.6
B	124	49.00	0.7
B	125	13.00	0.185
B	126	40.00	0.571
B	127	24.00	0.342
B	128	53.00	0.757
B	129	48.00	0.685
C	1	41.00	0.585
C	2	31.00	0.442
C	3	44.00	0.628
C	4	21.00	0.3
C	5	22.00	0.314
C	6	34.00	0.485
C	7	22.00	0.314
C	8	16.00	0.228
C	9	34.00	0.485
C	10	34.00	0.485
C	11	65.00	0.928
C	12	66.00	0.942
C	13	53.00	0.757
C	14	66.00	0.942
C	15	52.00	0.742
C	16	52.00	0.742
C	17	70.00	1
C	18	56.00	0.8
C	19	62.00	0.885
C	20	52.00	0.742
C	21	44.00	0.628
C	22	20.00	0.285
C	23	42.00	0.6
C	24	28.00	0.4
C	25	45.00	0.642
C	26	49.00	0.7
C	27	46.00	0.657
C	28	4.00	0.057
C	29	47.00	0.671
C	30	9.00	0.128
C	31	30.00	0.428
C	32	20.00	0.285
C	33	48.00	0.685
C	34	54.00	0.771
C	35	63.00	0.9
C	36	51.00	0.728
C	37	56.00	0.8
C	38	19.00	0.271
C	39	3.00	0.042
C	40	4.00	0.057
C	41	20.00	0.285
C	42	24.00	0.342
C	43	22.00	0.314
C	44	2.00	0.028
C	45	20.00	0.285
C	46	3.00	0.042
C	47	16.00	0.228
C	48	23.00	0.328
C	49	9.00	0.128
C	50	5.00	0.071
C	51	17.00	0.242
C	52	24.00	0.342
C	53	27.00	0.385
C	54	36.00	0.514
C	55	6.00	0.085
C	56	7.00	0.1
C	57	9.00	0.128
C	58	11.00	0.157
C	59	12.00	0.171
C	60	9.00	0.128
C	61	6.00	0.085
C	62	35.00	0.5
C	63	35.00	0.5
C	64	43.00	0.614
C	65	68.00	0.971
C	66	64.00	0.914
C	67	55.00	0.785
C	68	68.00	0.971
C	69	64.00	0.914
C	70	16.00	0.228
C	71	33.00	0.471
C	72	8.00	0.114
C	73	34.00	0.485
C	74	25.00	0.357
C	75	9.00	0.128
C	76	40.00	0.571
C	77	15.00	0.214
C	78	39.00	0.557
C	79	21.00	0.3
C	80	14.00	0.2
C	81	50.00	0.714
C	82	28.00	0.4
C	83	32.00	0.457
C	84	44.00	0.628
C	85	13.00	0.185
C	86	16.00	0.228
C	87	16.00	0.228
C	88	21.00	0.3
C	89	4.00	0.057
C	90	46.00	0.657
C	91	15.00	0.214
C	92	18.00	0.257
C	93	28.00	0.4
C	94	16.00	0.228
C	95	2.00	0.028
C	96	8.00	0.114
C	97	8.00	0.114
C	98	35.00	0.5
C	99	33.00	0.471
C	100	44.00	0.628
C	101	38.00	0.542
C	102	45.00	0.642
C	103	46.00	0.657
C	104	40.00	0.571
C	105	31.00	0.442
C	106	28.00	0.4
C	107	16.00	0.228
C	108	11.00	0.157
C	109	15.00	0.214
C	110	10.00	0.142
C	111	2.00	0.028
C	112	10.00	0.142
C	113	0.00	0
C	114	25.00	0.357
C	115	34.00	0.485
C	116	42.00	0.6
C	117	43.00	0.614
C	118	53.00	0.757
C	119	30.00	0.428
C	120	4.00	0.057
C	121	33.00	0.471
C	122	33.00	0.471
C	123	41.00	0.585
C	124	36.00	0.514
C	125	11.00	0.157
C	126	18.00	0.257
C	127	8.00	0.114
C	128	17.00	0.242
C	129	28.00	0.4
C	130	41.00	0.585
C	131	33.00	0.471
C	132	20.00	0.285
C	133	11.00	0.157
C	134	31.00	0.442
