A	1	46.00	0.582
A	2	62.00	0.784
A	3	61.00	0.772
A	4	71.00	0.898
A	5	63.00	0.797
A	6	40.00	0.506
A	7	40.00	0.506
A	8	4.00	0.050
A	9	4.00	0.050
A	10	10.00	0.126
A	11	15.00	0.189
A	12	11.00	0.139
A	13	20.00	0.253
A	14	18.00	0.227
A	15	21.00	0.265
A	16	25.00	0.316
A	17	28.00	0.354
A	18	19.00	0.240
A	19	22.00	0.278
A	20	6.00	0.075
A	21	5.00	0.063
A	22	21.00	0.265
A	23	17.00	0.215
A	24	10.00	0.126
A	25	1.00	0.012
A	26	29.00	0.367
A	27	28.00	0.354
A	28	1.00	0.012
A	29	4.00	0.050
A	30	38.00	0.481
A	31	18.00	0.227
A	32	52.00	0.658
A	33	51.00	0.645
A	34	61.00	0.772
A	35	53.00	0.670
A	36	25.00	0.316
A	37	62.00	0.784
A	38	41.00	0.518
A	39	79.00	1
A	40	73.00	0.924
A	41	78.00	0.987
A	42	64.00	0.810
A	43	39.00	0.493
A	44	8.00	0.101
A	45	1.00	0.012
A	46	12.00	0.151
A	47	18.00	0.227
A	48	0.00	0
A	49	2.00	0.025
A	50	13.00	0.164
A	51	4.00	0.050
A	52	19.00	0.240
A	53	14.00	0.177
A	54	13.00	0.164
A	55	17.00	0.215
A	56	12.00	0.151
A	57	18.00	0.227
A	58	6.00	0.075
A	59	23.00	0.291
A	60	5.00	0.063
A	61	18.00	0.227
A	62	33.00	0.417
A	63	18.00	0.227
A	64	2.00	0.025
A	65	6.00	0.075
A	66	19.00	0.240
A	67	11.00	0.139
A	68	4.00	0.050
A	69	9.00	0.113
A	70	13.00	0.164
A	71	10.00	0.126
A	72	1.00	0.012
A	73	2.00	0.025
A	74	11.00	0.139
A	75	15.00	0.189
A	76	22.00	0.278
A	77	4.00	0.050
A	78	10.00	0.126
A	79	36.00	0.455
A	80	41.00	0.518
A	81	73.00	0.924
A	82	55.00	0.696
A	83	65.00	0.822
A	84	26.00	0.329
A	85	50.00	0.632
A	86	76.00	0.962
A	87	24.00	0.303
A	88	18.00	0.227
A	89	14.00	0.177
A	90	4.00	0.050
A	91	13.00	0.164
A	92	9.00	0.113
A	93	6.00	0.075
A	94	20.00	0.253
A	95	0.00	0
A	96	7.00	0.088
A	97	12.00	0.151
A	98	20.00	0.253
A	99	9.00	0.113
A	100	23.00	0.291
A	101	18.00	0.227
A	102	13.00	0.164
A	103	1.00	0.012
A	104	8.00	0.101
A	105	6.00	0.075
A	106	0.00	0
A	107	3.00	0.037
A	108	8.00	0.101
A	109	14.00	0.177
A	110	1.00	0.012
A	111	0.00	0
A	112	13.00	0.164
A	113	12.00	0.151
A	114	0.00	0
A	115	1.00	0.012
A	116	13.00	0.164
A	117	14.00	0.177
A	118	0.00	0
A	119	4.00	0.050
A	120	20.00	0.253
A	121	11.00	0.139
A	122	0.00	0
A	123	7.00	0.088
A	124	16.00	0.202
A	125	8.00	0.101
A	126	2.00	0.025
A	127	7.00	0.088
A	128	0.00	0
A	129	19.00	0.240
A	130	22.00	0.278
A	131	30.00	0.379
A	132	30.00	0.379
A	133	26.00	0.329
A	134	52.00	0.658
A	135	46.00	0.582
A	136	15.00	0.189
A	137	21.00	0.265
A	138	6.00	0.075
A	139	6.00	0.075
A	140	0.00	0
A	141	7.00	0.088
A	142	0.00	0
A	143	25.00	0.316
A	144	21.00	0.265
A	145	2.00	0.025
A	146	4.00	0.050
A	147	13.00	0.164
A	148	27.00	0.341
A	149	25.00	0.316
A	150	38.00	0.481
A	151	50.00	0.632
A	152	42.00	0.531
A	153	49.00	0.620
A	154	21.00	0.265
A	155	7.00	0.088
A	156	4.00	0.050
A	157	9.00	0.113
A	158	8.00	0.101
A	159	9.00	0.113
A	160	3.00	0.037
A	161	6.00	0.075
A	162	0.00	0
A	163	1.00	0.012
A	164	13.00	0.164
A	165	10.00	0.126
A	166	27.00	0.341
A	167	15.00	0.189
A	168	1.00	0.012
A	169	6.00	0.075
A	170	36.00	0.455
A	171	26.00	0.329
A	172	56.00	0.708
A	173	14.00	0.177
A	174	0.00	0
A	175	15.00	0.189
A	176	0.00	0
A	177	14.00	0.177
A	178	0.00	0
A	179	0.00	0
A	180	6.00	0.075
A	181	4.00	0.050
A	182	2.00	0.025
A	183	2.00	0.025
A	184	0.00	0
A	185	0.00	0
A	186	10.00	0.126
A	187	1.00	0.012
A	188	16.00	0.202
A	189	10.00	0.126
A	190	5.00	0.063
A	191	4.00	0.050
A	192	0.00	0
A	193	15.00	0.189
A	194	0.00	0
A	195	23.00	0.291
A	196	38.00	0.481
A	197	28.00	0.354
A	198	22.00	0.278
A	199	3.00	0.037
A	200	29.00	0.367
A	201	5.00	0.063
A	202	9.00	0.113
A	203	10.00	0.126
A	204	6.00	0.075
A	205	9.00	0.113
A	206	13.00	0.164
A	207	5.00	0.063
A	208	0.00	0
A	209	8.00	0.101
A	210	27.00	0.341
A	211	35.00	0.443
A	212	6.00	0.075
A	213	14.00	0.177
A	214	9.00	0.113
A	215	9.00	0.113
A	216	17.00	0.215
A	217	23.00	0.291
A	218	9.00	0.113
A	219	9.00	0.113
A	220	21.00	0.265
A	221	19.00	0.240
A	222	34.00	0.430
A	223	43.00	0.544
A	224	26.00	0.329
A	225	22.00	0.278
A	226	21.00	0.265
A	227	36.00	0.455
A	228	14.00	0.177
A	229	17.00	0.215
A	230	0.00	0
A	231	2.00	0.025
A	232	1.00	0.012
A	233	5.00	0.063
A	234	5.00	0.063
A	235	9.00	0.113
A	236	21.00	0.265
A	237	28.00	0.354
A	238	18.00	0.227
A	239	5.00	0.063
A	240	10.00	0.126
A	241	9.00	0.113
A	242	44.00	0.556
A	243	0.00	0
A	244	39.00	0.493
A	245	3.00	0.037
A	246	0.00	0
A	247	18.00	0.227
A	248	15.00	0.189
A	249	20.00	0.253
A	250	17.00	0.215
A	251	16.00	0.202
A	252	7.00	0.088
A	253	21.00	0.265
A	254	22.00	0.278
A	255	37.00	0.468
A	256	23.00	0.291
A	257	5.00	0.063
A	258	28.00	0.354
A	259	15.00	0.189
A	260	17.00	0.215
A	261	17.00	0.215
A	262	7.00	0.088
A	263	7.00	0.088
A	264	8.00	0.101
A	265	11.00	0.139
A	266	1.00	0.012
A	267	14.00	0.177
A	268	16.00	0.202
A	269	25.00	0.316
A	270	12.00	0.151
A	271	9.00	0.113
A	272	9.00	0.113
A	273	2.00	0.025
A	274	7.00	0.088
A	275	14.00	0.177
A	276	2.00	0.025
A	277	4.00	0.050
A	278	19.00	0.240
A	279	20.00	0.253
A	280	29.00	0.367
A	281	50.00	0.632
A	282	53.00	0.670
A	283	55.00	0.696
A	284	19.00	0.240
A	285	55.00	0.696
A	286	26.00	0.329
A	287	25.00	0.316
A	288	0.00	0
A	289	0.00	0
A	290	7.00	0.088
A	291	2.00	0.025
A	292	6.00	0.075
A	293	5.00	0.063
A	294	19.00	0.240
A	295	9.00	0.113
A	296	13.00	0.164
A	297	5.00	0.063
A	298	16.00	0.202
A	299	6.00	0.075
A	300	49.00	0.620
A	301	0.00	0
A	302	58.00	0.734
A	303	7.00	0.088
A	304	15.00	0.189
A	305	0.00	0
A	306	8.00	0.101
A	307	4.00	0.050
A	308	15.00	0.189
A	309	30.00	0.379
A	310	0.00	0
A	311	6.00	0.075
A	312	10.00	0.126
A	313	13.00	0.164
A	314	5.00	0.063
A	315	4.00	0.050
A	316	18.00	0.227
A	317	7.00	0.088
A	318	4.00	0.050
A	319	15.00	0.189
A	320	26.00	0.329
A	321	27.00	0.341
A	322	26.00	0.329
A	323	19.00	0.240
A	324	0.00	0
A	325	4.00	0.050
A	326	6.00	0.075
A	327	40.00	0.506
A	328	13.00	0.164
A	329	28.00	0.354
A	330	14.00	0.177
A	331	16.00	0.202
A	332	16.00	0.202
A	333	25.00	0.316
A	334	25.00	0.316
A	335	28.00	0.354
A	336	31.00	0.392
A	337	28.00	0.354
A	338	25.00	0.316
A	339	22.00	0.278
A	340	24.00	0.303
A	341	3.00	0.037
A	342	20.00	0.253
A	343	12.00	0.151
A	344	21.00	0.265
A	345	0.00	0
A	346	0.00	0
A	347	0.00	0
A	348	3.00	0.037
A	349	7.00	0.088
A	350	12.00	0.151
A	351	4.00	0.050
A	352	3.00	0.037
A	353	10.00	0.126
A	354	5.00	0.063
A	355	3.00	0.037
A	356	17.00	0.215
A	357	3.00	0.037
A	358	2.00	0.025
A	359	0.00	0
A	360	7.00	0.088
A	361	15.00	0.189
A	362	20.00	0.253
A	363	17.00	0.215
A	364	18.00	0.227
A	365	9.00	0.113
A	366	10.00	0.126
A	367	1.00	0.012
A	368	0.00	0
A	369	13.00	0.164
A	370	6.00	0.075
A	371	2.00	0.025
A	372	0.00	0
A	373	0.00	0
A	374	7.00	0.088
A	375	1.00	0.012
A	376	0.00	0
A	377	0.00	0
A	378	11.00	0.139
A	379	0.00	0
A	380	0.00	0
A	381	4.00	0.050
A	382	4.00	0.050
A	383	25.00	0.316
A	384	4.00	0.050
A	385	8.00	0.101
A	386	7.00	0.088
A	387	6.00	0.075
A	388	18.00	0.227
A	389	4.00	0.050
A	390	2.00	0.025
A	391	4.00	0.050
A	392	2.00	0.025
A	393	8.00	0.101
A	394	1.00	0.012
A	395	11.00	0.139
A	396	18.00	0.227
A	397	15.00	0.189
A	398	10.00	0.126
A	399	4.00	0.050
A	400	7.00	0.088
A	401	7.00	0.088
A	402	9.00	0.113
A	403	28.00	0.354
A	404	7.00	0.088
A	405	6.00	0.075
A	406	7.00	0.088
A	407	9.00	0.113
A	408	1.00	0.012
A	409	7.00	0.088
A	410	8.00	0.101
A	411	3.00	0.037
A	412	0.00	0
A	413	12.00	0.151
A	414	17.00	0.215
A	415	10.00	0.126
A	416	6.00	0.075
A	417	11.00	0.139
A	418	17.00	0.215
A	419	28.00	0.354
A	420	28.00	0.354
A	421	26.00	0.329
A	429	38.00	0.481
A	430	48.00	0.607
A	431	32.00	0.405
A	432	12.00	0.151
A	433	15.00	0.189
A	434	13.00	0.164
A	435	9.00	0.113
A	436	8.00	0.101
A	437	5.00	0.063
A	438	13.00	0.164
A	439	13.00	0.164
A	440	18.00	0.227
A	441	33.00	0.417
A	442	17.00	0.215
A	443	22.00	0.278
A	444	6.00	0.075
A	445	7.00	0.088
A	446	2.00	0.025
A	447	4.00	0.050
A	448	0.00	0
A	449	1.00	0.012
A	450	0.00	0
A	451	13.00	0.164
A	452	7.00	0.088
A	453	38.00	0.481
A	454	30.00	0.379
A	455	45.00	0.569
A	456	17.00	0.215
A	457	17.00	0.215
A	458	0.00	0
A	459	0.00	0
A	460	5.00	0.063
A	461	3.00	0.037
A	462	7.00	0.088
A	463	4.00	0.050
A	464	0.00	0
A	465	0.00	0
A	466	21.00	0.265
A	467	20.00	0.253
A	468	39.00	0.493
A	469	50.00	0.632
A	470	25.00	0.316
A	471	53.00	0.670
A	472	50.00	0.632
A	473	28.00	0.354
A	474	9.00	0.113
A	475	37.00	0.468
A	476	34.00	0.430
A	477	21.00	0.265
A	478	36.00	0.455
A	479	10.00	0.126
A	480	0.00	0
A	481	6.00	0.075
A	482	34.00	0.430
A	483	35.00	0.443
A	484	18.00	0.227
A	485	6.00	0.075
A	486	8.00	0.101
A	487	0.00	0
A	488	6.00	0.075
A	489	6.00	0.075
A	490	9.00	0.113
A	491	0.00	0
A	492	4.00	0.050
A	493	2.00	0.025
A	494	0.00	0
A	495	1.00	0.012
A	496	1.00	0.012
A	497	0.00	0
A	498	6.00	0.075
A	499	5.00	0.063
A	500	7.00	0.088
A	501	7.00	0.088
A	502	4.00	0.050
A	503	9.00	0.113
A	504	1.00	0.012
A	505	0.00	0
A	506	0.00	0
A	507	2.00	0.025
A	508	9.00	0.113
A	509	7.00	0.088
A	510	7.00	0.088
A	511	3.00	0.037
A	512	2.00	0.025
A	513	11.00	0.139
A	514	3.00	0.037
A	515	7.00	0.088
A	516	12.00	0.151
A	517	27.00	0.341
A	518	14.00	0.177
A	519	5.00	0.063
A	520	10.00	0.126
A	521	18.00	0.227
A	522	3.00	0.037
A	523	12.00	0.151
A	524	5.00	0.063
A	525	8.00	0.101
A	526	8.00	0.101
A	527	0.00	0
A	528	11.00	0.139
A	529	19.00	0.240
A	530	8.00	0.101
A	531	18.00	0.227
A	532	4.00	0.050
A	533	7.00	0.088
A	534	10.00	0.126
A	535	5.00	0.063
A	536	7.00	0.088
A	537	10.00	0.126
A	538	19.00	0.240
A	539	4.00	0.050
A	540	4.00	0.050
A	541	0.00	0
A	542	1.00	0.012
A	543	1.00	0.012
A	544	5.00	0.063
A	545	2.00	0.025
A	546	4.00	0.050
A	547	6.00	0.075
A	548	5.00	0.063
A	549	9.00	0.113
A	550	3.00	0.037
A	551	0.00	0
A	552	0.00	0
A	553	0.00	0
A	554	0.00	0
A	555	1.00	0.012
A	556	4.00	0.050
A	557	20.00	0.253
A	558	7.00	0.088
A	559	0.00	0
A	560	4.00	0.050
A	561	1.00	0.012
A	562	7.00	0.088
A	563	17.00	0.215
A	564	4.00	0.050
A	565	13.00	0.164
A	566	20.00	0.253
A	567	22.00	0.278
A	568	23.00	0.291
A	569	21.00	0.265
A	570	12.00	0.151
A	571	27.00	0.341
A	572	15.00	0.189
A	573	12.00	0.151
A	574	15.00	0.189
A	575	16.00	0.202
A	576	21.00	0.265
A	577	7.00	0.088
A	578	24.00	0.303
A	579	16.00	0.202
A	580	0.00	0
A	581	4.00	0.050
A	582	2.00	0.025
A	583	0.00	0
A	584	1.00	0.012
A	585	4.00	0.050
A	586	15.00	0.189
A	587	12.00	0.151
A	588	0.00	0
A	589	7.00	0.088
A	590	0.00	0
A	591	2.00	0.025
A	592	0.00	0
A	593	5.00	0.063
A	594	28.00	0.354
A	595	37.00	0.468
A	596	12.00	0.151
A	597	11.00	0.139
A	598	5.00	0.063
A	599	27.00	0.341
A	600	0.00	0
A	601	22.00	0.278
A	602	0.00	0
A	603	0.00	0
A	604	10.00	0.126
A	605	11.00	0.139
A	606	16.00	0.202
A	607	19.00	0.240
A	608	3.00	0.037
A	609	0.00	0
A	610	28.00	0.354
A	611	0.00	0
A	612	7.00	0.088
A	613	1.00	0.012
A	614	12.00	0.151
A	615	2.00	0.025
A	616	2.00	0.025
A	617	11.00	0.139
A	618	5.00	0.063
A	619	32.00	0.405
A	620	27.00	0.341
A	621	0.00	0
A	622	0.00	0
A	623	28.00	0.354
A	624	1.00	0.012
A	625	13.00	0.164
A	626	32.00	0.405
A	627	18.00	0.227
A	628	21.00	0.265
A	629	4.00	0.050
A	630	11.00	0.139
A	631	28.00	0.354
