chain	res	score	prob
A	1	7.00	0.101
A	2	3.00	0.043
A	3	5.00	0.072
A	4	7.00	0.101
A	5	5.00	0.072
A	6	5.00	0.072
A	7	12.00	0.173
A	8	9.00	0.130
A	9	9.00	0.130
A	10	11.00	0.159
A	11	9.00	0.130
A	12	18.00	0.260
A	13	3.00	0.043
A	14	6.00	0.086
A	15	18.00	0.260
A	16	12.00	0.173
A	17	13.00	0.188
A	18	22.00	0.318
A	19	1.00	0.014
A	20	8.00	0.115
A	21	0.00	0
A	22	3.00	0.043
A	23	0.00	0
A	24	6.00	0.086
A	25	1.00	0.014
A	26	5.00	0.072
A	27	5.00	0.072
A	28	6.00	0.086
A	29	5.00	0.072
A	30	8.00	0.115
A	31	14.00	0.202
A	32	2.00	0.028
A	33	0.00	0
A	34	1.00	0.014
A	35	1.00	0.014
A	36	1.00	0.014
A	37	3.00	0.043
A	38	8.00	0.115
A	39	4.00	0.057
A	40	20.00	0.289
A	41	40.00	0.579
A	42	14.00	0.202
A	43	11.00	0.159
A	44	9.00	0.130
A	45	5.00	0.072
A	46	5.00	0.072
A	47	0.00	0
A	48	0.00	0
A	49	24.00	0.347
A	50	10.00	0.144
A	51	3.00	0.043
A	52	13.00	0.188
A	53	11.00	0.159
A	54	11.00	0.159
A	55	8.00	0.115
A	56	17.00	0.246
A	57	1.00	0.014
A	58	4.00	0.057
A	59	3.00	0.043
A	60	17.00	0.246
A	61	6.00	0.086
A	62	1.00	0.014
A	63	3.00	0.043
A	64	3.00	0.043
A	65	5.00	0.072
A	66	3.00	0.043
A	67	9.00	0.130
A	68	3.00	0.043
A	69	4.00	0.057
A	70	8.00	0.115
A	71	1.00	0.014
A	72	3.00	0.043
A	73	0.00	0
A	74	3.00	0.043
A	75	0.00	0
A	76	2.00	0.028
A	77	16.00	0.231
A	78	4.00	0.057
A	79	12.00	0.173
A	80	7.00	0.101
A	81	3.00	0.043
A	82	2.00	0.028
A	83	0.00	0
A	84	0.00	0
A	85	5.00	0.072
A	86	0.00	0
A	87	8.00	0.115
A	88	0.00	0
A	89	0.00	0
A	90	0.00	0
A	91	2.00	0.028
A	92	2.00	0.028
A	93	7.00	0.101
A	94	2.00	0.028
A	95	1.00	0.014
A	96	3.00	0.043
A	97	4.00	0.057
A	98	8.00	0.115
A	99	16.00	0.231
A	100	21.00	0.304
A	101	5.00	0.072
A	102	0.00	0
A	103	7.00	0.101
A	104	1.00	0.014
A	105	9.00	0.130
A	106	0.00	0
A	107	3.00	0.043
A	108	11.00	0.159
A	109	16.00	0.231
A	110	9.00	0.130
A	111	13.00	0.188
A	112	9.00	0.130
A	113	5.00	0.072
A	114	20.00	0.289
A	115	3.00	0.043
A	116	1.00	0.014
A	117	12.00	0.173
A	118	0.00	0
A	119	6.00	0.086
A	120	8.00	0.115
A	121	2.00	0.028
A	122	12.00	0.173
A	123	5.00	0.072
A	124	8.00	0.115
A	125	2.00	0.028
A	126	15.00	0.217
A	127	7.00	0.101
A	128	0.00	0
A	129	3.00	0.043
A	130	0.00	0
A	131	0.00	0
A	132	0.00	0
A	133	0.00	0
A	134	0.00	0
A	135	0.00	0
A	136	0.00	0
A	137	10.00	0.144
A	138	22.00	0.318
A	139	0.00	0
A	140	2.00	0.028
A	141	3.00	0.043
A	142	17.00	0.246
A	143	13.00	0.188
A	144	9.00	0.130
A	145	13.00	0.188
A	146	12.00	0.173
A	147	2.00	0.028
A	148	0.00	0
A	149	3.00	0.043
A	150	1.00	0.014
A	151	12.00	0.173
A	152	1.00	0.014
A	153	9.00	0.130
A	154	16.00	0.231
A	155	9.00	0.130
A	156	5.00	0.072
A	157	11.00	0.159
A	158	5.00	0.072
A	159	7.00	0.101
A	160	13.00	0.188
A	161	25.00	0.362
A	162	13.00	0.188
A	163	12.00	0.173
A	164	18.00	0.260
A	165	17.00	0.246
A	166	3.00	0.043
A	167	7.00	0.101
A	168	4.00	0.057
A	169	19.00	0.275
A	170	3.00	0.043
A	171	1.00	0.014
A	172	1.00	0.014
A	173	3.00	0.043
A	174	2.00	0.028
A	175	5.00	0.072
A	176	3.00	0.043
A	177	0.00	0
A	178	1.00	0.014
A	179	0.00	0
A	180	6.00	0.086
A	181	3.00	0.043
A	182	7.00	0.101
A	183	10.00	0.144
A	184	11.00	0.159
A	185	18.00	0.260
A	186	0.00	0
A	187	14.00	0.202
A	188	25.00	0.362
A	189	13.00	0.188
A	190	14.00	0.202
A	191	8.00	0.115
A	192	0.00	0
A	193	2.00	0.028
A	194	0.00	0
A	195	2.00	0.028
A	196	0.00	0
A	197	1.00	0.014
A	198	3.00	0.043
A	199	3.00	0.043
A	200	8.00	0.115
A	201	5.00	0.072
A	202	2.00	0.028
A	203	3.00	0.043
A	204	4.00	0.057
A	205	4.00	0.057
A	206	2.00	0.028
A	207	14.00	0.202
A	208	11.00	0.159
A	209	9.00	0.130
A	210	11.00	0.159
A	211	15.00	0.217
A	212	34.00	0.492
A	213	22.00	0.318
A	214	33.00	0.478
B	1	16.00	0.231
B	2	13.00	0.188
B	3	8.00	0.115
B	4	9.00	0.130
B	5	3.00	0.043
B	6	4.00	0.057
B	7	3.00	0.043
B	8	4.00	0.057
B	9	1.00	0.014
B	10	6.00	0.086
B	11	8.00	0.115
B	12	4.00	0.057
B	13	4.00	0.057
B	14	3.00	0.043
B	15	6.00	0.086
B	16	10.00	0.144
B	17	6.00	0.086
B	18	3.00	0.043
B	19	6.00	0.086
B	20	0.00	0
B	21	2.00	0.028
B	22	0.00	0
B	23	5.00	0.072
B	24	1.00	0.014
B	25	5.00	0.072
B	26	11.00	0.159
B	27	9.00	0.130
B	28	5.00	0.072
B	29	0.00	0
B	30	2.00	0.028
B	31	13.00	0.188
B	32	8.00	0.115
B	33	1.00	0.014
B	34	0.00	0
B	35	0.00	0
B	36	0.00	0
B	37	0.00	0
B	38	1.00	0.014
B	39	21.00	0.304
B	40	8.00	0.115
B	41	23.00	0.333
B	42	25.00	0.362
B	43	14.00	0.202
B	44	16.00	0.231
B	45	7.00	0.101
B	46	7.00	0.101
B	47	1.00	0.014
B	48	0.00	0
B	49	0.00	0
B	50	0.00	0
B	51	1.00	0.014
B	52	2.00	0.028
B	53	1.00	0.014
B	54	6.00	0.086
B	55	3.00	0.043
B	56	6.00	0.086
B	57	6.00	0.086
B	58	7.00	0.101
B	59	0.00	0
B	60	4.00	0.057
B	61	3.00	0.043
B	62	3.00	0.043
B	63	3.00	0.043
B	64	3.00	0.043
B	65	6.00	0.086
B	66	8.00	0.115
B	67	3.00	0.043
B	68	0.00	0
B	69	8.00	0.115
B	70	3.00	0.043
B	71	4.00	0.057
B	72	4.00	0.057
B	73	11.00	0.159
B	74	2.00	0.028
B	75	12.00	0.173
B	76	6.00	0.086
B	77	6.00	0.086
B	78	0.00	0
B	79	0.00	0
B	80	2.00	0.028
B	81	0.00	0
B	82	8.00	0.115
B	83	0.00	0
B	84	5.00	0.072
B	85	4.00	0.057
B	86	1.00	0.014
B	87	2.00	0.028
B	88	8.00	0.115
B	89	4.00	0.057
B	90	1.00	0.014
B	91	3.00	0.043
B	92	4.00	0.057
B	93	26.00	0.376
B	94	1.00	0.014
B	95	23.00	0.333
B	96	0.00	0
B	97	0.00	0
B	98	12.00	0.173
B	99	0.00	0
B	100	6.00	0.086
B	101	0.00	0
B	102	15.00	0.217
B	103	14.00	0.202
B	104	0.00	0
B	105	19.00	0.275
B	106	15.00	0.217
B	107	9.00	0.130
B	108	4.00	0.057
B	109	23.00	0.333
B	110	15.00	0.217
B	111	0.00	0
B	112	8.00	0.115
B	113	0.00	0
B	114	2.00	0.028
B	115	2.00	0.028
B	116	4.00	0.057
B	117	7.00	0.101
B	118	8.00	0.115
B	119	7.00	0.101
B	120	6.00	0.086
B	121	2.00	0.028
B	122	3.00	0.043
B	123	4.00	0.057
B	124	3.00	0.043
B	125	3.00	0.043
B	126	5.00	0.072
B	127	1.00	0.014
B	128	1.00	0.014
B	129	15.00	0.217
B	130	17.00	0.246
B	131	24.00	0.347
B	132	25.00	0.362
B	133	20.00	0.289
B	134	14.00	0.202
B	135	28.00	0.405
B	136	16.00	0.231
B	137	23.00	0.333
B	138	28.00	0.405
B	139	20.00	0.289
B	140	12.00	0.173
B	141	11.00	0.159
B	142	0.00	0
B	143	0.00	0
B	144	0.00	0
B	145	0.00	0
B	146	3.00	0.043
B	147	4.00	0.057
B	148	6.00	0.086
B	149	0.00	0
B	150	3.00	0.043
B	151	0.00	0
B	152	14.00	0.202
B	153	17.00	0.246
B	154	7.00	0.101
B	155	9.00	0.130
B	156	12.00	0.173
B	157	5.00	0.072
B	158	3.00	0.043
B	159	5.00	0.072
B	160	3.00	0.043
B	161	6.00	0.086
B	162	7.00	0.101
B	163	6.00	0.086
B	164	8.00	0.115
B	165	9.00	0.130
B	166	11.00	0.159
B	167	24.00	0.347
B	168	23.00	0.333
B	169	30.00	0.434
B	170	4.00	0.057
B	171	22.00	0.318
B	172	18.00	0.260
B	173	16.00	0.231
B	174	13.00	0.188
B	175	9.00	0.130
B	176	7.00	0.101
B	177	8.00	0.115
B	178	6.00	0.086
B	179	13.00	0.188
B	180	3.00	0.043
B	181	11.00	0.159
B	182	0.00	0
B	183	3.00	0.043
B	184	0.00	0
B	185	0.00	0
B	186	11.00	0.159
B	187	5.00	0.072
B	188	5.00	0.072
B	189	9.00	0.130
B	190	15.00	0.217
B	191	13.00	0.188
B	192	15.00	0.217
B	193	21.00	0.304
B	194	28.00	0.405
B	195	21.00	0.304
B	196	14.00	0.202
B	197	1.00	0.014
B	198	3.00	0.043
B	199	0.00	0
B	200	2.00	0.028
B	201	0.00	0
B	202	6.00	0.086
B	203	0.00	0
B	204	4.00	0.057
B	205	2.00	0.028
B	206	5.00	0.072
B	207	7.00	0.101
B	208	4.00	0.057
B	209	9.00	0.130
B	210	1.00	0.014
B	211	5.00	0.072
B	212	2.00	0.028
B	213	14.00	0.202
B	214	7.00	0.101
C	4	32.00	0.463
C	5	24.00	0.347
C	6	21.00	0.304
C	7	13.00	0.188
C	8	17.00	0.246
C	9	5.00	0.072
C	10	8.00	0.115
C	11	9.00	0.130
C	12	5.00	0.072
C	13	4.00	0.057
C	14	3.00	0.043
C	15	9.00	0.130
C	16	7.00	0.101
C	17	16.00	0.231
C	18	4.00	0.057
C	19	0.00	0
C	20	34.00	0.492
C	21	0.00	0
C	22	25.00	0.362
C	23	0.00	0
C	24	22.00	0.318
C	25	5.00	0.072
C	26	7.00	0.101
C	27	8.00	0.115
C	28	10.00	0.144
C	29	4.00	0.057
C	30	7.00	0.101
C	31	12.00	0.173
C	32	4.00	0.057
C	33	23.00	0.333
C	34	0.00	0
C	35	12.00	0.173
C	36	0.00	0
C	37	34.00	0.492
C	38	1.00	0.014
C	39	13.00	0.188
C	40	10.00	0.144
C	41	6.00	0.086
C	42	13.00	0.188
C	43	18.00	0.260
C	44	40.00	0.579
C	45	30.00	0.434
C	46	29.00	0.420
C	47	33.00	0.478
C	48	46.00	0.666
C	49	21.00	0.304
C	50	69.00	1
C	51	61.00	0.884
C	52	13.00	0.188
C	53	10.00	0.144
C	54	22.00	0.318
C	55	6.00	0.086
C	56	30.00	0.434
C	57	2.00	0.028
C	58	30.00	0.434
C	59	0.00	0
C	60	16.00	0.231
C	61	32.00	0.463
C	62	5.00	0.072
C	63	0.00	0
C	64	11.00	0.159
C	65	17.00	0.246
C	66	6.00	0.086
C	67	5.00	0.072
C	68	12.00	0.173
C	69	9.00	0.130
C	70	0.00	0
C	71	1.00	0.014
C	72	3.00	0.043
C	73	0.00	0
C	74	40.00	0.579
C	75	0.00	0
C	76	41.00	0.594
C	77	7.00	0.101
C	78	53.00	0.768
C	79	33.00	0.478
C	80	11.00	0.159
C	81	35.00	0.507
C	82	40.00	0.579
C	91	47.00	0.681
C	92	51.00	0.739
C	93	33.00	0.478
C	94	37.00	0.536
C	95	25.00	0.362
C	96	15.00	0.217
C	97	3.00	0.043
C	98	4.00	0.057
C	99	7.00	0.101
C	100	3.00	0.043
C	101	7.00	0.101
C	102	0.00	0
C	103	5.00	0.072
C	104	16.00	0.231
C	105	13.00	0.188
C	106	0.00	0
C	107	3.00	0.043
C	108	1.00	0.014
C	109	10.00	0.144
C	110	11.00	0.159
C	111	0.00	0
C	112	6.00	0.086
C	113	8.00	0.115
C	114	11.00	0.159
C	115	15.00	0.217
C	116	12.00	0.173
C	117	19.00	0.275
C	118	6.00	0.086
C	119	16.00	0.231
C	120	13.00	0.188
C	121	12.00	0.173
C	122	6.00	0.086
C	123	0.00	0
C	124	3.00	0.043
C	125	0.00	0
C	126	1.00	0.014
C	127	0.00	0
C	128	5.00	0.072
C	129	12.00	0.173
C	130	12.00	0.173
C	131	50.00	0.724
C	132	4.00	0.057
C	133	51.00	0.739
C	134	11.00	0.159
C	135	52.00	0.753
C	136	12.00	0.173
C	137	22.00	0.318
C	138	51.00	0.739
C	139	44.00	0.637
C	140	62.00	0.898
C	141	17.00	0.246
C	142	10.00	0.144
C	143	2.00	0.028
C	144	6.00	0.086
C	145	13.00	0.188
C	146	3.00	0.043
C	147	1.00	0.014
C	148	2.00	0.028
C	149	14.00	0.202
C	150	8.00	0.115
C	151	0.00	0
C	152	0.00	0
C	153	0.00	0
C	154	0.00	0
C	155	0.00	0
C	156	2.00	0.028
C	157	8.00	0.115
C	158	14.00	0.202
C	159	2.00	0.028
C	160	8.00	0.115
C	161	5.00	0.072
C	162	9.00	0.130
C	163	12.00	0.173
C	164	10.00	0.144
C	165	13.00	0.188
C	166	9.00	0.130
C	167	0.00	0
C	168	1.00	0.014
C	169	0.00	0
C	170	2.00	0.028
C	171	10.00	0.144
C	172	6.00	0.086
C	173	1.00	0.014
C	174	10.00	0.144
C	175	0.00	0
C	176	6.00	0.086
C	177	3.00	0.043
C	178	4.00	0.057
C	179	2.00	0.028
C	180	5.00	0.072
C	181	16.00	0.231
C	182	8.00	0.115
C	183	5.00	0.072
C	184	7.00	0.101
C	185	1.00	0.014
C	186	19.00	0.275
C	187	0.00	0
C	188	8.00	0.115
C	189	0.00	0
C	190	0.00	0
C	191	0.00	0
C	192	0.00	0
C	193	0.00	0
C	194	9.00	0.130
C	195	10.00	0.144
C	196	5.00	0.072
C	197	14.00	0.202
C	198	14.00	0.202
C	199	5.00	0.072
C	200	0.00	0
C	201	2.00	0.028
C	202	1.00	0.014
C	203	6.00	0.086
C	204	5.00	0.072
C	205	2.00	0.028
C	206	13.00	0.188
C	207	22.00	0.318
C	208	28.00	0.405
C	209	27.00	0.391
C	210	15.00	0.217
C	211	10.00	0.144
D	1	10.00	0.144
D	2	3.00	0.043
D	3	9.00	0.130
D	4	7.00	0.101
D	5	14.00	0.202
D	6	5.00	0.072
D	7	8.00	0.115
D	8	8.00	0.115
D	9	11.00	0.159
D	10	11.00	0.159
D	11	8.00	0.115
D	12	14.00	0.202
D	13	3.00	0.043
D	14	4.00	0.057
D	15	5.00	0.072
D	16	3.00	0.043
D	17	11.00	0.159
D	18	8.00	0.115
D	19	5.00	0.072
D	20	5.00	0.072
D	21	0.00	0
D	22	5.00	0.072
D	23	0.00	0
D	24	8.00	0.115
D	25	2.00	0.028
D	26	4.00	0.057
D	27	3.00	0.043
D	28	13.00	0.188
D	29	3.00	0.043
D	30	12.00	0.173
D	31	21.00	0.304
D	32	3.00	0.043
D	33	0.00	0
D	34	0.00	0
D	35	1.00	0.014
D	36	1.00	0.014
D	37	3.00	0.043
D	38	8.00	0.115
D	39	5.00	0.072
D	40	16.00	0.231
D	41	37.00	0.536
D	42	13.00	0.188
D	43	8.00	0.115
D	44	6.00	0.086
D	45	6.00	0.086
D	46	2.00	0.028
D	47	1.00	0.014
D	48	1.00	0.014
D	49	18.00	0.260
D	50	11.00	0.159
D	51	4.00	0.057
D	52	16.00	0.231
D	53	14.00	0.202
D	54	16.00	0.231
D	55	9.00	0.130
D	56	16.00	0.231
D	57	3.00	0.043
D	58	6.00	0.086
D	59	3.00	0.043
D	60	6.00	0.086
D	61	4.00	0.057
D	62	1.00	0.014
D	63	4.00	0.057
D	64	2.00	0.028
D	65	6.00	0.086
D	66	5.00	0.072
D	67	8.00	0.115
D	68	8.00	0.115
D	69	4.00	0.057
D	70	9.00	0.130
D	71	2.00	0.028
D	72	5.00	0.072
D	73	0.00	0
D	74	3.00	0.043
D	75	0.00	0
D	76	6.00	0.086
D	77	6.00	0.086
D	78	3.00	0.043
D	79	8.00	0.115
D	80	3.00	0.043
D	81	3.00	0.043
D	82	2.00	0.028
D	83	1.00	0.014
D	84	2.00	0.028
D	85	10.00	0.144
D	86	0.00	0
D	87	10.00	0.144
D	88	0.00	0
D	89	2.00	0.028
D	90	0.00	0
D	91	0.00	0
D	92	1.00	0.014
D	93	10.00	0.144
D	94	1.00	0.014
D	95	2.00	0.028
D	96	1.00	0.014
D	97	7.00	0.101
D	98	9.00	0.130
D	99	14.00	0.202
D	100	20.00	0.289
D	101	9.00	0.130
D	102	0.00	0
D	103	11.00	0.159
D	104	1.00	0.014
D	105	6.00	0.086
D	106	0.00	0
D	107	8.00	0.115
D	108	12.00	0.173
D	109	10.00	0.144
D	110	8.00	0.115
D	111	6.00	0.086
D	112	10.00	0.144
D	113	4.00	0.057
D	114	9.00	0.130
D	115	0.00	0
D	116	2.00	0.028
D	117	6.00	0.086
D	118	1.00	0.014
D	119	13.00	0.188
D	120	9.00	0.130
D	121	5.00	0.072
D	122	18.00	0.260
D	123	8.00	0.115
D	124	5.00	0.072
D	125	2.00	0.028
D	126	12.00	0.173
D	127	6.00	0.086
D	128	4.00	0.057
D	129	4.00	0.057
D	130	0.00	0
D	131	0.00	0
D	132	0.00	0
D	133	0.00	0
D	134	0.00	0
D	135	0.00	0
D	136	0.00	0
D	137	11.00	0.159
D	138	13.00	0.188
D	139	0.00	0
D	140	14.00	0.202
D	141	20.00	0.289
D	142	17.00	0.246
D	143	16.00	0.231
D	144	11.00	0.159
D	145	11.00	0.159
D	146	6.00	0.086
D	147	3.00	0.043
D	148	0.00	0
D	149	3.00	0.043
D	150	2.00	0.028
D	151	8.00	0.115
D	152	4.00	0.057
D	153	9.00	0.130
D	154	8.00	0.115
D	155	9.00	0.130
D	156	7.00	0.101
D	157	13.00	0.188
D	158	12.00	0.173
D	159	10.00	0.144
D	160	13.00	0.188
D	161	26.00	0.376
D	162	15.00	0.217
D	163	13.00	0.188
D	164	12.00	0.173
D	165	10.00	0.144
D	166	3.00	0.043
D	167	6.00	0.086
D	168	4.00	0.057
D	169	11.00	0.159
D	170	6.00	0.086
D	171	1.00	0.014
D	172	3.00	0.043
D	173	4.00	0.057
D	174	0.00	0
D	175	4.00	0.057
D	176	9.00	0.130
D	177	0.00	0
D	178	7.00	0.101
D	179	0.00	0
D	180	7.00	0.101
D	181	3.00	0.043
D	182	5.00	0.072
D	183	10.00	0.144
D	184	7.00	0.101
D	185	5.00	0.072
D	186	0.00	0
D	187	13.00	0.188
D	188	12.00	0.173
D	189	6.00	0.086
D	190	11.00	0.159
D	191	8.00	0.115
D	192	0.00	0
D	193	5.00	0.072
D	194	1.00	0.014
D	195	2.00	0.028
D	196	0.00	0
D	197	12.00	0.173
D	198	15.00	0.217
D	199	15.00	0.217
D	200	8.00	0.115
D	201	21.00	0.304
D	202	16.00	0.231
D	203	10.00	0.144
D	204	8.00	0.115
D	205	6.00	0.086
D	206	5.00	0.072
D	207	6.00	0.086
D	208	5.00	0.072
D	209	11.00	0.159
D	210	11.00	0.159
D	211	10.00	0.144
D	212	19.00	0.275
D	213	22.00	0.318
D	214	21.00	0.304
E	1	17.00	0.246
E	2	14.00	0.202
E	3	9.00	0.130
E	4	7.00	0.101
E	5	6.00	0.086
E	6	4.00	0.057
E	7	6.00	0.086
E	8	5.00	0.072
E	9	1.00	0.014
E	10	5.00	0.072
E	11	7.00	0.101
E	12	5.00	0.072
E	13	6.00	0.086
E	14	5.00	0.072
E	15	8.00	0.115
E	16	11.00	0.159
E	17	17.00	0.246
E	18	8.00	0.115
E	19	9.00	0.130
E	20	0.00	0
E	21	4.00	0.057
E	22	0.00	0
E	23	8.00	0.115
E	24	2.00	0.028
E	25	7.00	0.101
E	26	11.00	0.159
E	27	13.00	0.188
E	28	6.00	0.086
E	29	0.00	0
E	30	4.00	0.057
E	31	10.00	0.144
E	32	3.00	0.043
E	33	1.00	0.014
E	34	0.00	0
E	35	0.00	0
E	36	0.00	0
E	37	1.00	0.014
E	38	2.00	0.028
E	39	14.00	0.202
E	40	9.00	0.130
E	41	25.00	0.362
E	42	26.00	0.376
E	43	14.00	0.202
E	44	13.00	0.188
E	45	10.00	0.144
E	46	6.00	0.086
E	47	4.00	0.057
E	48	0.00	0
E	49	0.00	0
E	50	0.00	0
E	51	3.00	0.043
E	52	4.00	0.057
E	53	2.00	0.028
E	54	8.00	0.115
E	55	5.00	0.072
E	56	9.00	0.130
E	57	6.00	0.086
E	58	8.00	0.115
E	59	1.00	0.014
E	60	5.00	0.072
E	61	4.00	0.057
E	62	6.00	0.086
E	63	4.00	0.057
E	64	4.00	0.057
E	65	12.00	0.173
E	66	12.00	0.173
E	67	4.00	0.057
E	68	4.00	0.057
E	69	15.00	0.217
E	70	2.00	0.028
E	71	7.00	0.101
E	72	7.00	0.101
E	73	11.00	0.159
E	74	4.00	0.057
E	75	21.00	0.304
E	76	13.00	0.188
E	77	3.00	0.043
E	78	3.00	0.043
E	79	0.00	0
E	80	4.00	0.057
E	81	0.00	0
E	82	11.00	0.159
E	83	0.00	0
E	84	6.00	0.086
E	85	6.00	0.086
E	86	6.00	0.086
E	87	5.00	0.072
E	88	7.00	0.101
E	89	6.00	0.086
E	90	2.00	0.028
E	91	6.00	0.086
E	92	6.00	0.086
E	93	17.00	0.246
E	94	0.00	0
E	95	12.00	0.173
E	96	0.00	0
E	97	0.00	0
E	98	15.00	0.217
E	99	1.00	0.014
E	100	10.00	0.144
E	101	1.00	0.014
E	102	17.00	0.246
E	103	20.00	0.289
E	104	0.00	0
E	105	14.00	0.202
E	106	21.00	0.304
E	107	13.00	0.188
E	108	0.00	0
E	109	14.00	0.202
E	110	13.00	0.188
E	111	0.00	0
E	112	10.00	0.144
E	113	0.00	0
E	114	4.00	0.057
E	115	1.00	0.014
E	116	3.00	0.043
E	117	7.00	0.101
E	118	10.00	0.144
E	119	15.00	0.217
E	120	8.00	0.115
E	121	4.00	0.057
E	122	9.00	0.130
E	123	3.00	0.043
E	124	4.00	0.057
E	125	5.00	0.072
E	126	4.00	0.057
E	127	5.00	0.072
E	128	2.00	0.028
E	129	18.00	0.260
E	130	18.00	0.260
E	131	19.00	0.275
E	132	18.00	0.260
E	133	14.00	0.202
E	134	8.00	0.115
E	135	12.00	0.173
E	136	10.00	0.144
E	137	15.00	0.217
E	138	18.00	0.260
E	139	13.00	0.188
E	140	5.00	0.072
E	141	8.00	0.115
E	142	0.00	0
E	143	0.00	0
E	144	0.00	0
E	145	0.00	0
E	146	0.00	0
E	147	6.00	0.086
E	148	4.00	0.057
E	149	0.00	0
E	150	2.00	0.028
E	151	0.00	0
E	152	11.00	0.159
E	153	18.00	0.260
E	154	6.00	0.086
E	155	12.00	0.173
E	156	10.00	0.144
E	157	7.00	0.101
E	158	7.00	0.101
E	159	6.00	0.086
E	160	7.00	0.101
E	161	6.00	0.086
E	162	10.00	0.144
E	163	6.00	0.086
E	164	11.00	0.159
E	165	18.00	0.260
E	166	14.00	0.202
E	167	9.00	0.130
E	168	11.00	0.159
E	169	21.00	0.304
E	170	1.00	0.014
E	171	21.00	0.304
E	172	9.00	0.130
E	173	15.00	0.217
E	174	14.00	0.202
E	175	10.00	0.144
E	176	16.00	0.231
E	177	13.00	0.188
E	178	11.00	0.159
E	179	14.00	0.202
E	180	6.00	0.086
E	181	5.00	0.072
E	182	2.00	0.028
E	183	0.00	0
E	184	0.00	0
E	185	0.00	0
E	186	10.00	0.144
E	187	1.00	0.014
E	188	10.00	0.144
E	189	14.00	0.202
E	190	19.00	0.275
E	191	14.00	0.202
E	192	18.00	0.260
E	193	19.00	0.275
E	194	19.00	0.275
E	195	19.00	0.275
E	196	10.00	0.144
E	197	1.00	0.014
E	198	7.00	0.101
E	199	0.00	0
E	200	3.00	0.043
E	201	0.00	0
E	202	4.00	0.057
E	203	1.00	0.014
E	204	7.00	0.101
E	205	4.00	0.057
E	206	7.00	0.101
E	207	9.00	0.130
E	208	3.00	0.043
E	209	13.00	0.188
E	210	5.00	0.072
E	211	12.00	0.173
E	212	3.00	0.043
E	213	15.00	0.217
E	214	9.00	0.130
F	4	34.00	0.492
F	5	29.00	0.420
F	6	21.00	0.304
F	7	16.00	0.231
F	8	15.00	0.217
F	9	6.00	0.086
F	10	10.00	0.144
F	11	7.00	0.101
F	12	3.00	0.043
F	13	4.00	0.057
F	14	3.00	0.043
F	15	5.00	0.072
F	16	8.00	0.115
F	17	10.00	0.144
F	18	3.00	0.043
F	19	0.00	0
F	20	7.00	0.101
F	21	0.00	0
F	22	12.00	0.173
F	23	0.00	0
F	24	18.00	0.260
F	25	5.00	0.072
F	26	7.00	0.101
F	27	9.00	0.130
F	28	6.00	0.086
F	29	5.00	0.072
F	30	13.00	0.188
F	31	11.00	0.159
F	32	4.00	0.057
F	33	22.00	0.318
F	34	0.00	0
F	35	21.00	0.304
F	36	0.00	0
F	37	41.00	0.594
F	38	0.00	0
F	39	13.00	0.188
F	40	8.00	0.115
F	41	9.00	0.130
F	42	13.00	0.188
F	43	21.00	0.304
F	44	34.00	0.492
F	45	40.00	0.579
F	46	10.00	0.144
F	47	24.00	0.347
F	48	15.00	0.217
F	49	18.00	0.260
F	50	52.00	0.753
F	51	46.00	0.666
F	52	16.00	0.231
F	53	8.00	0.115
F	54	11.00	0.159
F	55	4.00	0.057
F	56	5.00	0.072
F	57	2.00	0.028
F	58	8.00	0.115
F	59	0.00	0
F	60	0.00	0
F	61	3.00	0.043
F	62	2.00	0.028
F	63	0.00	0
F	64	2.00	0.028
F	65	8.00	0.115
F	66	6.00	0.086
F	67	2.00	0.028
F	68	10.00	0.144
F	69	7.00	0.101
F	70	2.00	0.028
F	71	0.00	0
F	72	7.00	0.101
F	73	0.00	0
F	74	43.00	0.623
F	75	0.00	0
F	76	48.00	0.695
F	77	9.00	0.130
F	78	46.00	0.666
F	79	31.00	0.449
F	80	9.00	0.130
F	81	33.00	0.478
F	82	35.00	0.507
F	91	43.00	0.623
F	92	39.00	0.565
F	93	29.00	0.420
F	94	43.00	0.623
F	95	23.00	0.333
F	96	19.00	0.275
F	97	2.00	0.028
F	98	6.00	0.086
F	99	5.00	0.072
F	100	2.00	0.028
F	101	8.00	0.115
F	102	0.00	0
F	103	5.00	0.072
F	104	12.00	0.173
F	105	3.00	0.043
F	106	0.00	0
F	107	6.00	0.086
F	108	0.00	0
F	109	2.00	0.028
F	110	6.00	0.086
F	111	1.00	0.014
F	112	4.00	0.057
F	113	12.00	0.173
F	114	12.00	0.173
F	115	8.00	0.115
F	116	18.00	0.260
F	117	10.00	0.144
F	118	16.00	0.231
F	119	6.00	0.086
F	120	11.00	0.159
F	121	8.00	0.115
F	122	9.00	0.130
F	123	1.00	0.014
F	124	4.00	0.057
F	125	0.00	0
F	126	0.00	0
F	127	0.00	0
F	128	4.00	0.057
F	129	2.00	0.028
F	130	2.00	0.028
F	131	6.00	0.086
F	132	3.00	0.043
F	133	3.00	0.043
F	134	6.00	0.086
F	135	9.00	0.130
F	136	12.00	0.173
F	137	12.00	0.173
F	138	4.00	0.057
F	139	11.00	0.159
F	140	8.00	0.115
F	141	7.00	0.101
F	142	6.00	0.086
F	143	1.00	0.014
F	144	4.00	0.057
F	145	6.00	0.086
F	146	5.00	0.072
F	147	3.00	0.043
F	148	3.00	0.043
F	149	13.00	0.188
F	150	6.00	0.086
F	151	0.00	0
F	152	0.00	0
F	153	1.00	0.014
F	154	0.00	0
F	155	0.00	0
F	156	1.00	0.014
F	157	10.00	0.144
F	158	12.00	0.173
F	159	3.00	0.043
F	160	17.00	0.246
F	161	7.00	0.101
F	162	7.00	0.101
F	163	22.00	0.318
F	164	10.00	0.144
F	165	14.00	0.202
F	166	5.00	0.072
F	167	0.00	0
F	168	1.00	0.014
F	169	3.00	0.043
F	170	2.00	0.028
F	171	11.00	0.159
F	172	6.00	0.086
F	173	3.00	0.043
F	174	6.00	0.086
F	175	3.00	0.043
F	176	7.00	0.101
F	177	2.00	0.028
F	178	4.00	0.057
F	179	2.00	0.028
F	180	5.00	0.072
F	181	19.00	0.275
F	182	8.00	0.115
F	183	6.00	0.086
F	184	20.00	0.289
F	185	3.00	0.043
F	186	17.00	0.246
F	187	2.00	0.028
F	188	4.00	0.057
F	189	0.00	0
F	190	1.00	0.014
F	191	1.00	0.014
F	192	0.00	0
F	193	0.00	0
F	194	6.00	0.086
F	195	19.00	0.275
F	196	5.00	0.072
F	197	15.00	0.217
F	198	16.00	0.231
F	199	14.00	0.202
F	200	1.00	0.014
F	201	1.00	0.014
F	202	0.00	0
F	203	5.00	0.072
F	204	2.00	0.028
F	205	0.00	0
F	206	15.00	0.217
F	207	22.00	0.318
F	208	27.00	0.391
F	209	37.00	0.536
F	210	24.00	0.347
F	211	9.00	0.130
