chain	res	score	prob
C	124	29.00	0.828
C	125	15.00	0.428
C	126	9.00	0.257
C	127	12.00	0.342
C	128	1.00	0.028
C	129	4.00	0.114
C	130	17.00	0.485
C	131	1.00	0.028
C	132	0.00	0
C	133	24.00	0.685
C	134	26.00	0.742
C	135	2.00	0.057
C	136	12.00	0.342
C	137	35.00	1
C	138	15.00	0.428
C	139	21.00	0.6
C	140	19.00	0.542
C	141	2.00	0.057
C	142	16.00	0.457
C	143	14.00	0.4
C	144	18.00	0.514
C	145	11.00	0.314
C	146	7.00	0.2
C	147	6.00	0.171
C	148	14.00	0.4
C	149	8.00	0.228
C	150	0.00	0
C	151	5.00	0.142
C	152	10.00	0.285
C	153	2.00	0.057
C	154	7.00	0.2
C	155	7.00	0.2
C	156	11.00	0.314
C	157	4.00	0.114
C	158	6.00	0.171
C	159	7.00	0.2
C	160	2.00	0.057
C	161	7.00	0.2
C	162	16.00	0.457
C	163	9.00	0.257
C	164	21.00	0.6
C	165	15.00	0.428
C	166	11.00	0.314
C	167	0.00	0
D	238	9.00	0.257
D	239	15.00	0.428
D	240	8.00	0.228
D	241	20.00	0.571
D	242	12.00	0.342
D	243	15.00	0.428
D	244	11.00	0.314
D	245	3.00	0.085
D	246	6.00	0.171
D	247	7.00	0.2
D	248	12.00	0.342
D	249	5.00	0.142
D	250	0.00	0
D	251	1.00	0.028
D	252	3.00	0.085
D	253	4.00	0.114
D	254	9.00	0.257
D	255	9.00	0.257
D	256	5.00	0.142
D	257	1.00	0.028
D	258	3.00	0.085
D	259	0.00	0
D	260	12.00	0.342
D	261	0.00	0
D	262	12.00	0.342
D	263	1.00	0.028
D	264	10.00	0.285
D	265	10.00	0.285
D	266	0.00	0
D	267	7.00	0.2
D	268	19.00	0.542
D	269	19.00	0.542
D	270	8.00	0.228
D	271	9.00	0.257
D	272	8.00	0.228
D	273	2.00	0.057
D	274	12.00	0.342
D	275	4.00	0.114
D	276	3.00	0.085
D	277	0.00	0
D	278	9.00	0.257
D	279	6.00	0.171
D	280	7.00	0.2
D	281	7.00	0.2
D	282	12.00	0.342
D	283	19.00	0.542
D	284	9.00	0.257
D	285	11.00	0.314
D	286	11.00	0.314
D	287	7.00	0.2
D	288	10.00	0.285
D	289	7.00	0.2
D	290	8.00	0.228
D	291	12.00	0.342
D	292	20.00	0.571
D	293	13.00	0.371
D	294	14.00	0.4
D	295	19.00	0.542
D	296	21.00	0.6
D	297	24.00	0.685
D	298	17.00	0.485
D	299	12.00	0.342
D	300	14.00	0.4
D	301	18.00	0.514
D	302	5.00	0.142
D	303	11.00	0.314
D	304	0.00	0
D	305	8.00	0.228
D	306	0.00	0
D	307	4.00	0.114
D	308	3.00	0.085
D	309	6.00	0.171
D	310	0.00	0
D	311	1.00	0.028
D	312	11.00	0.314
D	313	2.00	0.057
D	314	7.00	0.2
D	315	5.00	0.142
D	316	8.00	0.228
D	317	6.00	0.171
D	318	3.00	0.085
D	319	0.00	0
D	320	2.00	0.057
D	321	0.00	0
D	322	8.00	0.228
D	323	0.00	0
D	324	5.00	0.142
D	325	4.00	0.114
D	326	14.00	0.4
D	327	6.00	0.171
D	328	11.00	0.314
D	329	12.00	0.342
D	330	10.00	0.285
D	331	6.00	0.171
D	332	3.00	0.085
D	333	8.00	0.228
D	334	5.00	0.142
D	335	6.00	0.171
D	336	4.00	0.114
D	337	1.00	0.028
D	338	1.00	0.028
D	339	4.00	0.114
D	340	6.00	0.171
D	341	8.00	0.228
D	342	14.00	0.4
D	343	11.00	0.314
D	344	7.00	0.2
D	345	19.00	0.542
D	346	3.00	0.085
D	347	12.00	0.342
D	348	6.00	0.171
D	349	13.00	0.371
D	350	6.00	0.171
D	351	8.00	0.228
D	352	11.00	0.314
D	353	10.00	0.285
D	354	9.00	0.257
D	355	25.00	0.714
D	356	18.00	0.514
D	357	6.00	0.171
D	358	12.00	0.342
D	359	14.00	0.4
D	360	9.00	0.257
D	361	13.00	0.371
D	362	8.00	0.228
D	363	1.00	0.028
D	364	2.00	0.057
D	365	0.00	0
D	366	12.00	0.342
D	367	0.00	0
D	368	16.00	0.457
D	369	0.00	0
D	370	8.00	0.228
D	371	5.00	0.142
D	372	0.00	0
D	373	9.00	0.257
D	374	3.00	0.085
D	375	9.00	0.257
D	376	4.00	0.114
D	377	3.00	0.085
D	378	3.00	0.085
D	379	3.00	0.085
D	380	6.00	0.171
D	381	5.00	0.142
D	382	7.00	0.2
D	383	5.00	0.142
D	384	11.00	0.314
D	385	10.00	0.285
D	386	7.00	0.2
D	387	11.00	0.314
D	388	6.00	0.171
D	389	8.00	0.228
D	390	9.00	0.257
D	391	4.00	0.114
D	392	14.00	0.4
D	393	4.00	0.114
D	394	11.00	0.314
D	395	11.00	0.314
D	396	10.00	0.285
D	397	26.00	0.742
D	398	13.00	0.371
D	399	12.00	0.342
D	400	13.00	0.371
D	401	11.00	0.314
D	402	3.00	0.085
D	403	3.00	0.085
D	404	13.00	0.371
D	405	9.00	0.257
D	406	1.00	0.028
D	407	13.00	0.371
D	408	1.00	0.028
D	409	7.00	0.2
D	410	0.00	0
D	411	7.00	0.2
D	412	2.00	0.057
D	413	5.00	0.142
D	414	9.00	0.257
D	415	9.00	0.257
D	416	5.00	0.142
D	417	5.00	0.142
D	418	14.00	0.4
D	419	10.00	0.285
D	420	10.00	0.285
D	421	6.00	0.171
D	422	10.00	0.285
D	423	1.00	0.028
D	424	2.00	0.057
D	425	0.00	0
D	426	5.00	0.142
D	427	0.00	0
D	428	2.00	0.057
D	429	1.00	0.028
D	430	8.00	0.228
D	431	13.00	0.371
D	432	13.00	0.371
D	433	32.00	0.914
D	434	22.00	0.628
D	435	1.00	0.028
D	436	23.00	0.657
D	437	21.00	0.6
D	438	12.00	0.342
D	439	9.00	0.257
D	440	15.00	0.428
D	441	3.00	0.085
D	442	11.00	0.314
D	443	16.00	0.457
D	444	0.00	0
