chain	res	score	prob
A	1	35.00	0.593
A	2	10.00	0.169
A	3	15.00	0.254
A	4	3.00	0.050
A	5	8.00	0.135
A	6	0.00	0
A	7	7.00	0.118
A	8	9.00	0.152
A	9	27.00	0.457
A	10	25.00	0.423
A	11	8.00	0.135
A	12	17.00	0.288
A	13	21.00	0.355
A	14	0.00	0
A	15	2.00	0.033
A	16	1.00	0.016
A	17	3.00	0.050
A	18	2.00	0.033
A	19	2.00	0.033
A	20	1.00	0.016
A	21	3.00	0.050
A	22	6.00	0.101
A	23	10.00	0.169
A	24	6.00	0.101
A	25	5.00	0.084
A	26	5.00	0.084
A	27	0.00	0
A	28	2.00	0.033
A	29	0.00	0
A	30	14.00	0.237
A	31	0.00	0
A	32	3.00	0.050
A	33	0.00	0
A	34	0.00	0
A	35	0.00	0
A	36	0.00	0
A	37	1.00	0.016
A	38	2.00	0.033
A	39	0.00	0
A	40	0.00	0
A	41	0.00	0
A	42	0.00	0
A	43	11.00	0.186
A	44	18.00	0.305
A	45	8.00	0.135
A	46	9.00	0.152
A	47	1.00	0.016
A	48	24.00	0.406
A	49	3.00	0.050
A	50	3.00	0.050
A	51	7.00	0.118
A	52	23.00	0.389
A	53	1.00	0.016
A	54	3.00	0.050
A	55	5.00	0.084
A	56	0.00	0
A	57	5.00	0.084
A	58	5.00	0.084
A	59	7.00	0.118
A	60	6.00	0.101
A	61	5.00	0.084
A	62	13.00	0.220
A	63	7.00	0.118
A	64	14.00	0.237
A	65	16.00	0.271
A	66	31.00	0.525
A	67	28.00	0.474
A	69	16.00	0.271
A	70	23.00	0.389
A	71	11.00	0.186
A	72	28.00	0.474
A	73	0.00	0
A	74	1.00	0.016
A	75	5.00	0.084
A	76	0.00	0
A	77	59.00	1
A	78	20.00	0.338
A	79	8.00	0.135
A	80	2.00	0.033
A	81	30.00	0.508
A	82	0.00	0
A	83	10.00	0.169
A	84	1.00	0.016
A	85	0.00	0
A	86	17.00	0.288
A	87	3.00	0.050
A	88	6.00	0.101
A	89	0.00	0
A	90	3.00	0.050
A	91	1.00	0.016
A	92	6.00	0.101
A	93	8.00	0.135
A	94	5.00	0.084
A	95	4.00	0.067
A	96	1.00	0.016
A	97	7.00	0.118
A	98	10.00	0.169
A	99	0.00	0
A	100	3.00	0.050
A	101	1.00	0.016
A	102	0.00	0
A	103	10.00	0.169
A	104	0.00	0
A	105	16.00	0.271
A	106	17.00	0.288
A	107	2.00	0.033
A	108	28.00	0.474
A	109	30.00	0.508
A	110	48.00	0.813
A	111	47.00	0.796
A	112	30.00	0.508
A	113	34.00	0.576
A	114	47.00	0.796
A	115	13.00	0.220
A	116	14.00	0.237
A	117	9.00	0.152
A	118	3.00	0.050
A	119	0.00	0
A	120	12.00	0.203
A	121	0.00	0
A	122	0.00	0
A	123	1.00	0.016
A	124	0.00	0
A	125	1.00	0.016
A	126	14.00	0.237
A	127	21.00	0.355
A	128	0.00	0
A	129	1.00	0.016
A	130	0.00	0
A	131	3.00	0.050
A	132	10.00	0.169
A	133	4.00	0.067
A	134	12.00	0.203
A	135	1.00	0.016
A	136	0.00	0
A	137	0.00	0
A	138	4.00	0.067
A	139	3.00	0.050
A	140	0.00	0
A	141	10.00	0.169
A	142	8.00	0.135
A	143	13.00	0.220
A	144	5.00	0.084
A	145	8.00	0.135
A	146	4.00	0.067
A	147	12.00	0.203
A	148	9.00	0.152
A	149	7.00	0.118
A	150	7.00	0.118
A	151	0.00	0
A	152	0.00	0
A	153	0.00	0
A	154	10.00	0.169
A	155	1.00	0.016
A	156	0.00	0
A	157	5.00	0.084
A	158	6.00	0.101
A	159	16.00	0.271
A	160	11.00	0.186
A	161	10.00	0.169
A	162	4.00	0.067
A	163	2.00	0.033
A	164	3.00	0.050
A	165	0.00	0
A	166	6.00	0.101
A	167	2.00	0.033
A	168	3.00	0.050
A	169	7.00	0.118
A	170	10.00	0.169
A	171	15.00	0.254
A	172	16.00	0.271
A	173	14.00	0.237
A	174	12.00	0.203
A	175	8.00	0.135
A	176	9.00	0.152
A	177	8.00	0.135
A	178	6.00	0.101
A	179	8.00	0.135
A	180	7.00	0.118
A	181	7.00	0.118
A	182	1.00	0.016
A	183	4.00	0.067
A	184	3.00	0.050
A	185	9.00	0.152
A	186	6.00	0.101
A	187	10.00	0.169
A	188	2.00	0.033
A	189	0.00	0
A	190	0.00	0
A	191	2.00	0.033
A	192	0.00	0
A	193	6.00	0.101
A	194	1.00	0.016
A	195	5.00	0.084
A	196	2.00	0.033
A	197	0.00	0
A	198	3.00	0.050
A	199	3.00	0.050
A	200	4.00	0.067
A	201	5.00	0.084
A	202	11.00	0.186
A	203	5.00	0.084
A	204	2.00	0.033
A	205	1.00	0.016
A	206	4.00	0.067
A	207	13.00	0.220
A	208	12.00	0.203
A	209	7.00	0.118
A	210	9.00	0.152
A	211	9.00	0.152
A	212	0.00	0
A	213	0.00	0
A	214	0.00	0
A	215	1.00	0.016
A	216	1.00	0.016
A	217	16.00	0.271
A	218	12.00	0.203
A	219	21.00	0.355
A	220	9.00	0.152
A	221	0.00	0
A	222	1.00	0.016
A	223	0.00	0
A	224	5.00	0.084
A	225	14.00	0.237
A	226	11.00	0.186
A	227	4.00	0.067
A	228	3.00	0.050
A	229	5.00	0.084
A	230	9.00	0.152
A	231	0.00	0
A	232	4.00	0.067
A	233	5.00	0.084
A	234	3.00	0.050
A	235	1.00	0.016
A	236	7.00	0.118
A	237	3.00	0.050
A	238	6.00	0.101
A	239	19.00	0.322
A	240	22.00	0.372
A	241	32.00	0.542
A	242	28.00	0.474
A	243	21.00	0.355
A	244	19.00	0.322
A	245	4.00	0.067
A	246	7.00	0.118
A	247	0.00	0
A	248	4.00	0.067
A	249	6.00	0.101
A	250	11.00	0.186
A	251	5.00	0.084
A	252	5.00	0.084
A	253	12.00	0.203
A	254	5.00	0.084
A	255	6.00	0.101
A	256	12.00	0.203
A	257	4.00	0.067
A	258	0.00	0
A	259	3.00	0.050
A	260	0.00	0
A	261	4.00	0.067
A	262	0.00	0
A	263	9.00	0.152
A	264	6.00	0.101
A	265	7.00	0.118
A	266	7.00	0.118
A	267	3.00	0.050
A	268	4.00	0.067
A	269	1.00	0.016
A	270	4.00	0.067
A	271	0.00	0
A	272	5.00	0.084
A	273	2.00	0.033
A	274	0.00	0
A	275	2.00	0.033
A	276	5.00	0.084
A	277	12.00	0.203
A	278	21.00	0.355
A	279	27.00	0.457
A	280	18.00	0.305
A	281	19.00	0.322
A	282	2.00	0.033
A	283	2.00	0.033
A	284	1.00	0.016
A	285	0.00	0
A	286	5.00	0.084
A	287	20.00	0.338
A	288	11.00	0.186
A	289	6.00	0.101
A	290	8.00	0.135
A	291	0.00	0
A	292	10.00	0.169
A	293	9.00	0.152
A	294	18.00	0.305
A	295	7.00	0.118
A	296	16.00	0.271
A	297	12.00	0.203
A	298	0.00	0
A	299	0.00	0
A	300	0.00	0
A	301	0.00	0
A	302	0.00	0
A	303	1.00	0.016
A	304	0.00	0
A	305	0.00	0
A	306	0.00	0
A	307	2.00	0.033
A	308	5.00	0.084
A	309	3.00	0.050
A	310	2.00	0.033
A	311	0.00	0
A	312	0.00	0
A	313	0.00	0
A	314	6.00	0.101
A	315	7.00	0.118
A	316	5.00	0.084
A	317	4.00	0.067
A	318	4.00	0.067
A	319	7.00	0.118
A	320	0.00	0
A	321	0.00	0
A	322	0.00	0
A	323	2.00	0.033
A	324	4.00	0.067
A	325	5.00	0.084
A	326	11.00	0.186
B	1	8.00	0.135
B	2	0.00	0
B	3	1.00	0.016
B	4	3.00	0.050
B	5	1.00	0.016
B	6	15.00	0.254
B	7	8.00	0.135
B	8	10.00	0.169
B	9	4.00	0.067
B	10	16.00	0.271
B	11	9.00	0.152
B	12	28.00	0.474
B	13	7.00	0.118
B	14	10.00	0.169
B	15	4.00	0.067
B	16	10.00	0.169
B	17	8.00	0.135
B	18	6.00	0.101
B	19	8.00	0.135
B	20	0.00	0
B	21	14.00	0.237
B	22	1.00	0.016
B	23	16.00	0.271
B	24	16.00	0.271
B	25	6.00	0.101
B	26	7.00	0.118
B	27	5.00	0.084
B	28	1.00	0.016
B	29	8.00	0.135
B	30	4.00	0.067
B	31	14.00	0.237
B	32	17.00	0.288
B	33	10.00	0.169
B	34	7.00	0.118
B	35	7.00	0.118
B	36	8.00	0.135
B	37	4.00	0.067
B	38	0.00	0
B	39	8.00	0.135
B	40	7.00	0.118
B	41	2.00	0.033
B	42	1.00	0.016
B	43	1.00	0.016
B	44	5.00	0.084
B	45	9.00	0.152
B	46	3.00	0.050
B	47	8.00	0.135
B	48	2.00	0.033
B	49	10.00	0.169
B	50	15.00	0.254
B	51	12.00	0.203
B	52	8.00	0.135
B	53	18.00	0.305
B	54	16.00	0.271
B	55	25.00	0.423
B	56	13.00	0.220
B	57	11.00	0.186
B	58	4.00	0.067
B	59	2.00	0.033
B	60	12.00	0.203
B	61	10.00	0.169
B	62	6.00	0.101
B	63	4.00	0.067
B	64	7.00	0.118
B	65	5.00	0.084
B	66	1.00	0.016
B	67	15.00	0.254
B	68	5.00	0.084
B	69	14.00	0.237
B	70	6.00	0.101
B	71	7.00	0.118
B	72	16.00	0.271
B	73	0.00	0
B	74	10.00	0.169
B	75	3.00	0.050
B	76	1.00	0.016
B	77	9.00	0.152
B	78	12.00	0.203
B	79	5.00	0.084
B	80	6.00	0.101
B	81	0.00	0
B	82	0.00	0
B	83	3.00	0.050
B	84	5.00	0.084
B	85	6.00	0.101
B	86	0.00	0
B	87	0.00	0
B	88	12.00	0.203
B	89	17.00	0.288
B	90	9.00	0.152
B	91	17.00	0.288
B	92	9.00	0.152
B	93	17.00	0.288
B	94	11.00	0.186
B	95	3.00	0.050
B	96	2.00	0.033
B	97	4.00	0.067
B	98	9.00	0.152
B	99	7.00	0.118
B	100	2.00	0.033
B	101	7.00	0.118
B	102	6.00	0.101
B	103	1.00	0.016
B	104	1.00	0.016
B	105	12.00	0.203
B	106	1.00	0.016
B	107	5.00	0.084
B	108	15.00	0.254
B	109	11.00	0.186
B	110	3.00	0.050
B	111	4.00	0.067
B	112	5.00	0.084
B	113	5.00	0.084
B	114	1.00	0.016
B	115	12.00	0.203
B	116	12.00	0.203
B	117	14.00	0.237
B	118	21.00	0.355
B	119	15.00	0.254
B	120	28.00	0.474
B	121	34.00	0.576
B	122	40.00	0.677
B	133	24.00	0.406
B	134	32.00	0.542
B	135	16.00	0.271
B	136	18.00	0.305
B	137	14.00	0.237
B	138	13.00	0.220
B	139	3.00	0.050
B	140	8.00	0.135
B	141	13.00	0.220
B	142	11.00	0.186
B	143	5.00	0.084
B	144	6.00	0.101
B	145	3.00	0.050
B	146	7.00	0.118
B	147	23.00	0.389
B	148	22.00	0.372
