chain	res	score	prob
A	16	1.00	0.016
A	17	4.00	0.067
A	18	7.00	0.118
A	19	4.00	0.067
A	20	11.00	0.186
A	21	20.00	0.338
A	22	6.00	0.101
A	23	10.00	0.169
A	24	13.00	0.220
A	25	7.00	0.118
A	26	11.00	0.186
A	27	4.00	0.067
A	28	5.00	0.084
A	29	4.00	0.067
A	30	2.00	0.033
A	31	0.00	0
A	32	2.00	0.033
A	33	0.00	0
A	34	5.00	0.084
A	37	12.00	0.203
A	38	15.00	0.254
A	39	12.00	0.203
A	40	9.00	0.152
A	41	0.00	0
A	42	0.00	0
A	43	4.00	0.067
A	44	0.00	0
A	45	0.00	0
A	46	0.00	0
A	47	2.00	0.033
A	48	6.00	0.101
A	49	6.00	0.101
A	50	6.00	0.101
A	51	1.00	0.016
A	52	0.00	0
A	53	0.00	0
A	54	0.00	0
A	55	0.00	0
A	56	7.00	0.118
A	57	6.00	0.101
A	58	0.00	0
A	59	22.00	0.372
A	60	16.00	0.271
A	61	16.00	0.271
A	62	19.00	0.322
A	63	5.00	0.084
A	64	11.00	0.186
A	65	0.00	0
A	66	4.00	0.067
A	67	0.00	0
A	69	5.00	0.084
A	70	5.00	0.084
A	71	5.00	0.084
A	72	13.00	0.220
A	73	12.00	0.203
A	74	16.00	0.271
A	75	37.00	0.627
A	76	14.00	0.237
A	77	19.00	0.322
A	78	13.00	0.220
A	79	10.00	0.169
A	80	9.00	0.152
A	81	5.00	0.084
A	82	9.00	0.152
A	83	10.00	0.169
A	84	6.00	0.101
A	85	7.00	0.118
A	86	9.00	0.152
A	87	10.00	0.169
A	88	11.00	0.186
A	89	9.00	0.152
A	90	11.00	0.186
A	91	8.00	0.135
A	92	15.00	0.254
A	93	15.00	0.254
A	94	21.00	0.355
A	95	18.00	0.305
A	96	23.00	0.389
A	97	30.00	0.508
A	98	18.00	0.305
A	99	19.00	0.322
A	100	5.00	0.084
A	101	7.00	0.118
A	102	2.00	0.033
A	103	0.00	0
A	104	0.00	0
A	105	0.00	0
A	106	0.00	0
A	107	11.00	0.186
A	108	0.00	0
A	109	12.00	0.203
A	110	6.00	0.101
A	111	9.00	0.152
A	112	6.00	0.101
A	113	11.00	0.186
A	114	12.00	0.203
A	115	8.00	0.135
A	116	19.00	0.322
A	117	4.00	0.067
A	118	4.00	0.067
A	119	9.00	0.152
A	120	8.00	0.135
A	121	1.00	0.016
A	122	9.00	0.152
A	123	2.00	0.033
A	124	3.00	0.050
A	125	17.00	0.288
A	127	16.00	0.271
A	128	17.00	0.288
A	129	4.00	0.067
A	130	14.00	0.237
A	132	8.00	0.135
A	133	6.00	0.101
A	134	8.00	0.135
A	135	6.00	0.101
A	136	3.00	0.050
A	137	4.00	0.067
A	138	0.00	0
A	139	0.00	0
A	140	4.00	0.067
A	141	3.00	0.050
A	142	0.00	0
A	143	7.00	0.118
A	144	5.00	0.084
A	145	21.00	0.355
A	146	19.00	0.322
A	147	18.00	0.305
A	148	9.00	0.152
A	149	11.00	0.186
A	150	19.00	0.322
A	151	15.00	0.254
A	152	7.00	0.118
A	153	10.00	0.169
A	154	8.00	0.135
A	155	0.00	0
A	156	5.00	0.084
A	157	2.00	0.033
A	158	2.00	0.033
A	159	13.00	0.220
A	160	0.00	0
A	161	3.00	0.050
A	162	0.00	0
A	163	3.00	0.050
A	164	11.00	0.186
A	165	13.00	0.220
A	166	19.00	0.322
A	167	7.00	0.118
A	168	1.00	0.016
A	169	10.00	0.169
A	170	16.00	0.271
A	171	3.00	0.050
A	172	4.00	0.067
A	173	14.00	0.237
A	174	14.00	0.237
A	175	15.00	0.254
A	176	5.00	0.084
A	177	6.00	0.101
A	178	11.00	0.186
A	179	12.00	0.203
A	180	2.00	0.033
A	181	7.00	0.118
A	182	0.00	0
A	183	0.00	0
A	184	3.00	0.050
A	184A	2.00	0.033
A	185	8.00	0.135
A	186	10.00	0.169
A	187	5.00	0.084
A	188	14.00	0.237
A	189	13.00	0.220
A	190	0.00	0
A	191	2.00	0.033
A	192	16.00	0.271
A	193	3.00	0.050
A	194	20.00	0.338
A	195	0.00	0
A	196	0.00	0
A	197	1.00	0.016
A	198	0.00	0
A	199	0.00	0
A	200	7.00	0.118
A	201	2.00	0.033
A	202	8.00	0.135
A	203	8.00	0.135
A	204	10.00	0.169
A	209	0.00	0
A	210	5.00	0.084
A	211	0.00	0
A	212	0.00	0
A	213	2.00	0.033
A	214	1.00	0.016
A	215	1.00	0.016
A	216	7.00	0.118
A	217	22.00	0.372
A	219	23.00	0.389
A	220	8.00	0.135
A	221A	3.00	0.050
A	221	11.00	0.186
A	222	21.00	0.355
A	223	8.00	0.135
A	224	12.00	0.203
A	225	2.00	0.033
A	226	10.00	0.169
A	227	0.00	0
A	228	0.00	0
A	229	0.00	0
A	230	7.00	0.118
A	231	0.00	0
A	232	4.00	0.067
A	233	9.00	0.152
A	234	3.00	0.050
A	235	10.00	0.169
A	236	16.00	0.271
A	237	7.00	0.118
A	238	2.00	0.033
A	239	9.00	0.152
A	240	16.00	0.271
A	241	7.00	0.118
A	242	6.00	0.101
A	243	16.00	0.271
A	244	23.00	0.389
A	245	21.00	0.355
B	501	7.00	0.118
B	502	5.00	0.084
B	503	0.00	0
B	504	4.00	0.067
B	505	1.00	0.016
B	506	2.00	0.033
B	507	6.00	0.101
B	508	9.00	0.152
B	509	4.00	0.067
B	510	5.00	0.084
B	511	0.00	0
B	512	8.00	0.135
B	513	6.00	0.101
B	514	7.00	0.118
B	515	4.00	0.067
B	516	5.00	0.084
B	517	0.00	0
B	518	4.00	0.067
B	519	0.00	0
B	520	1.00	0.016
B	521	0.00	0
B	522	8.00	0.135
B	523	6.00	0.101
B	524	6.00	0.101
B	525	9.00	0.152
B	526	4.00	0.067
B	527	1.00	0.016
B	528	0.00	0
B	529	0.00	0
B	530	15.00	0.254
B	531	4.00	0.067
B	532	0.00	0
B	533	7.00	0.118
B	534	2.00	0.033
B	535	11.00	0.186
B	536	20.00	0.338
B	537	10.00	0.169
B	538	39.00	0.661
B	539	16.00	0.271
B	540	12.00	0.203
B	541	8.00	0.135
B	542	0.00	0
B	543	0.00	0
B	544	0.00	0
B	545	0.00	0
B	546	2.00	0.033
B	547	9.00	0.152
B	548	14.00	0.237
B	549	12.00	0.203
B	550	19.00	0.322
B	551	1.00	0.016
B	552	5.00	0.084
B	553	2.00	0.033
B	554	5.00	0.084
B	555	1.00	0.016
B	556	0.00	0
B	557	5.00	0.084
B	558	0.00	0
B	559	11.00	0.186
B	560	4.00	0.067
B	561	8.00	0.135
B	562	0.00	0
B	563	4.00	0.067
B	564	0.00	0
B	565	21.00	0.355
B	566	12.00	0.203
B	567	0.00	0
B	568	2.00	0.033
B	569	9.00	0.152
B	570	22.00	0.372
B	571	12.00	0.203
B	572	25.00	0.423
B	573	1.00	0.016
B	574	21.00	0.355
B	575	0.00	0
B	576	12.00	0.203
B	577	1.00	0.016
B	578	8.00	0.135
B	579	21.00	0.355
B	580	12.00	0.203
B	581	28.00	0.474
B	582	35.00	0.593
B	583	54.00	0.915
B	584	57.00	0.966
B	585	56.00	0.949
B	586	26.00	0.440
B	587	59.00	1
B	588	32.00	0.542
B	589	20.00	0.338
B	590	6.00	0.101
B	591	6.00	0.101
B	592	8.00	0.135
B	593	2.00	0.033
B	594	3.00	0.050
B	595	0.00	0
B	596	2.00	0.033
B	597	6.00	0.101
B	598	4.00	0.067
B	599	5.00	0.084
B	600	9.00	0.152
B	601	5.00	0.084
B	602	1.00	0.016
B	603	3.00	0.050
B	604	0.00	0
B	605	0.00	0
B	606	2.00	0.033
B	607	0.00	0
B	608	1.00	0.016
B	609	9.00	0.152
B	610	3.00	0.050
B	611	14.00	0.237
B	612	5.00	0.084
B	613	2.00	0.033
B	614	4.00	0.067
B	615	18.00	0.305
B	616	27.00	0.457
B	617	33.00	0.559
B	618	5.00	0.084
B	619	30.00	0.508
B	620	1.00	0.016
B	621	10.00	0.169
B	622	8.00	0.135
B	623	2.00	0.033
B	624	7.00	0.118
B	625	15.00	0.254
B	626	19.00	0.322
B	627	18.00	0.305
B	628	18.00	0.305
B	629	3.00	0.050
B	630	7.00	0.118
B	631	2.00	0.033
B	632	6.00	0.101
B	633	0.00	0
B	634	0.00	0
B	635	3.00	0.050
B	636	24.00	0.406
B	637	18.00	0.305
B	638	28.00	0.474
B	644	20.00	0.338
B	645	17.00	0.288
B	646	4.00	0.067
B	647	0.00	0
B	648	0.00	0
B	649	1.00	0.016
B	650	7.00	0.118
B	651	3.00	0.050
B	652	6.00	0.101
B	653	7.00	0.118
B	654	11.00	0.186
B	655	23.00	0.389
B	656	11.00	0.186
B	657	2.00	0.033
B	658	1.00	0.016
B	659	1.00	0.016
B	660	4.00	0.067
B	661	0.00	0
B	662	2.00	0.033
B	663	3.00	0.050
B	664	2.00	0.033
B	665	8.00	0.135
B	666	9.00	0.152
B	667	3.00	0.050
B	668	3.00	0.050
B	669	2.00	0.033
B	670	5.00	0.084
B	671	0.00	0
B	672	6.00	0.101
B	673	0.00	0
B	674	3.00	0.050
B	675	3.00	0.050
B	676	2.00	0.033
B	677	17.00	0.288
