B	23	11.00	0.5
B	24	13.00	0.590
B	25	9.00	0.409
B	26	8.00	0.363
B	27	14.00	0.636
B	28	8.00	0.363
B	29	14.00	0.636
B	30	14.00	0.636
B	31	7.00	0.318
B	32	11.00	0.5
B	33	7.00	0.318
B	34	4.00	0.181
B	35	16.00	0.727
B	36	4.00	0.181
B	37	5.00	0.227
B	38	12.00	0.545
B	39	0.00	0
B	40	10.00	0.454
B	41	0.00	0
B	42	12.00	0.545
B	43	1.00	0.045
B	44	6.00	0.272
B	45	4.00	0.181
B	46	13.00	0.590
B	47	8.00	0.363
B	48	9.00	0.409
B	49	10.00	0.454
B	50	15.00	0.681
B	51	9.00	0.409
B	52	14.00	0.636
B	53	6.00	0.272
B	54	10.00	0.454
B	55	4.00	0.181
B	56	3.00	0.136
B	57	0.00	0
B	58	0.00	0
B	59	0.00	0
B	60	2.00	0.090
B	61	0.00	0
B	62	6.00	0.272
B	63	8.00	0.363
B	64	6.00	0.272
B	65	13.00	0.590
B	66	13.00	0.590
B	67	16.00	0.727
B	68	14.00	0.636
B	69	12.00	0.545
B	70	21.00	0.954
B	71	9.00	0.409
B	72	6.00	0.272
B	73	2.00	0.090
B	74	0.00	0
B	75	0.00	0
B	76	3.00	0.136
B	77	3.00	0.136
B	78	10.00	0.454
B	79	8.00	0.363
B	80	14.00	0.636
B	81	9.00	0.409
B	82	6.00	0.272
B	83	17.00	0.772
B	84	13.00	0.590
B	85	4.00	0.181
B	86	3.00	0.136
B	87	16.00	0.727
B	88	12.00	0.545
B	89	0.00	0
B	90	11.00	0.5
B	91	12.00	0.545
B	92	4.00	0.181
B	93	2.00	0.090
B	94	8.00	0.363
B	95	6.00	0.272
B	96	10.00	0.454
B	97	7.00	0.318
B	98	12.00	0.545
B	99	22.00	1
B	100	4.00	0.181
B	101	5.00	0.227
B	102	12.00	0.545
B	103	3.00	0.136
B	104	7.00	0.318
B	105	0.00	0
B	106	0.00	0
B	107	0.00	0
B	108	9.00	0.409
B	109	0.00	0
B	110	8.00	0.363
B	111	7.00	0.318
B	112	2.00	0.090
B	113	8.00	0.363
B	114	10.00	0.454
B	115	8.00	0.363
B	116	1.00	0.045
B	117	9.00	0.409
B	118	3.00	0.136
B	119	4.00	0.181
B	120	0.00	0
B	121	2.00	0.090
B	122	0.00	0
B	123	4.00	0.181
B	124	2.00	0.090
B	125	4.00	0.181
B	126	8.00	0.363
B	127	6.00	0.272
B	128	10.00	0.454
B	129	3.00	0.136
B	130	11.00	0.5
B	131	10.00	0.454
B	132	5.00	0.227
B	133	3.00	0.136
B	134	5.00	0.227
B	135	0.00	0
B	136	10.00	0.454
B	137	3.00	0.136
B	138	8.00	0.363
B	139	8.00	0.363
B	140	18.00	0.818
B	141	18.00	0.818
B	142	19.00	0.863
B	143	12.00	0.545
B	144	15.00	0.681
B	145	21.00	0.954
B	146	14.00	0.636
