151
192
219
216
99
57
215
41
195
217
149
94
74
98
175
60
59
73
221
191
154
40
193
96
153
75
90
93
39
150
148
92
95
223
152
174
144
21
224
156
109
20
89
61
71
62
88
72
37
23
24
177
70
26
76
100
85
18
123
25
19
34
27
97
128
229
178
48
173
125
66
222
146
64
49
38
202
188
147
145
111
110
86
82
78
77
50
243
234
232
204
203
187
179
127
87
84
81
79
28
244
242
241
239
238
236
235
186
185
184
170
169
167
166
165
164
163
161
159
137
135
134
133
132
130
129
122
120
119
116
115
114
113
42
214
190
91
83
80
69
67
65
63
58
56
55
54
53
52
51
47
46
45
44
43
33
32
31
30
29
245
240
237
233
231
230
228
227
226
225
220
22
213
212
211
210
209
201
200
199
198
197
196
194
189
183
182
181
180
176
172
171
17
168
162
160
16
158
157
155
143
142
141
140
139
138
136
124
121
118
117
112
108
107
106
105
104
103
102
101
40	HIS
41	PHE
57	HIS
60	LYS
99	LEU
151	TYR
189	ASP
190	SER
191	CYS
192	GLN
193	GLY
195	SER
214	SER
215	TRP
216	GLY
217	TYR
219	GLY
220	CYS
226	GLY
