96
95
94
93
98
92
91
50
49
32
87
46
100
38
44
36
164
163
45
160
165
178
176
167
133
162
161
30
137
124
121
116
114
43
42
206
180
138
131
31
123
119
118
117
169
135
53
55
28
213
58
207
127
214
146
85
97
56
89
27
205
1
41
168
170
122
3
159
106
57
54
34
40
182
52
39
209
208
142
129
103
101
147
125
24
128
126
59
10
37
143
212
193
151
144
9
60
211
210
183
171
149
166
174
81
8
5
26
204
189
184
18
158
145
108
107
80
79
77
76
74
72
70
7
69
68
67
66
65
63
61
203
202
201
200
20
199
197
191
190
188
187
185
17
16
157
156
155
154
153
152
15
14
12
112
111
110
11
109
99
90
88
86
84
83
82
78
75
73
71
64
62
6
51
48
47
4
35
33
29
25
23
22
21
2
198
196
195
194
192
19
186
181
179
177
175
173
172
150
148
141
140
139
136
134
132
130
13
120
115
113
105
104
102
30	SER
31	ASN
32	ASN
50	TYR
53	GLN
92	ASN
96	TYR