110
50
106
100
102
109
105
107
95
112
47
108
104
101
103
60
62
61
59
45
57
63
52
32
174
172
55
54
150
185
39
129
173
183
187
178
31
171
175
46
189
56
19
176
113
64
33
58
148
2
131
40
215
1
130
136
38
65
44
3
138
177
170
151
134
135
144
139
168
142
132
137
75
43
41
191
179
42
169
133
76
72
5
30
181
180
167
166
155
141
8
74
7
27
23
216
213
21
201
195
17
127
11
93
91
9
89
88
87
85
84
82
80
77
73
71
69
66
28
26
25
218
214
212
211
210
209
208
207
205
199
198
197
196
194
193
192
165
164
163
162
160
16
158
156
15
140
14
13
125
124
123
122
120
12
119
117
115
10
99
98
97
96
94
92
90
86
83
81
79
78
70
68
67
6
53
51
49
48
4
37
36
35
34
29
24
22
219
217
206
204
203
202
200
20
190
188
186
184
182
18
161
159
157
154
153
152
149
147
146
145
143
128
126
121
118
116
114
111
31	SER
33	THR
50	TYR
52	ASN
105	TYR