50
273
274
272
10
275
301
41
134
135
133
65
78
305
303
21
7
24
79
77
307
81
68
80
66
276
13
47
5
298
62
270
14
2
268
51
271
46
70
136
189
43
48
215
17
302
49
216
82
25
4
67
16
39
56
37
295
266
12
6
9
267
262
142
42
304
290
98
40
99
217
71
211
265
146
213
55
145
297
143
96
58
279
38
294
269
63
258
144
264
234
296
212
104
235
300
261
23
233
52
299
219
187
185
190
172
45
257
137
1
182
44
192
102
232
231
230
186
59
160
147
236
122
306
237
229
228
188
184
181
141
140
132
259
161
148
171
129
121
289
225
224
220
175
131
105
293
226
209
174
169
163
128
292
255
223
221
183
168
167
165
123
256
253
252
208
207
206
178
164
127
118
113
106
251
250
179
117
110
97
95
94
93
92
91
90
89
88
87
86
85
84
83
8
76
75
74
73
72
69
64
61
60
57
54
53
36
35
34
33
32
31
30
3
291
29
288
287
286
285
284
283
282
281
280
28
278
277
27
263
260
26
254
249
248
247
246
245
244
243
242
241
240
239
238
227
222
22
218
214
210
205
204
203
202
201
200
20
199
198
197
196
195
194
193
191
19
180
18
177
176
173
170
166
162
159
158
157
156
155
154
153
152
151
150
15
149
139
138
130
126
125
124
120
119
116
115
114
112
111
11
109
108
107
103
101
100
70	SER
116	LEU
117	GLU
119	GLN
170	ASN
