30
197
198
221
218
196
28
230
216
24
228
225
23
222
195
200
78
201
77
22
20
18
26
317
315
169
191
227
220
19
408
17
51
73
465
25
133
132
192
76
193
80
158
75
411
21
79
16
464
131
469
223
278
168
50
412
14
431
74
194
438
421
466
440
423
422
203
217
199
157
52
4
137
41
159
31
134
84
71
433
155
470
413
83
416
139
48
128
2
409
130
81
49
434
11
47
308
189
15
156
286
54
53
43
414
324
85
34
240
325
110
1
420
37
3
141
10
69
401
435
129
90
13
108
42
437
154
7
6
58
56
462
268
439
432
91
415
33
112
101
419
460
45
262
163
111
98
94
89
8
63
302
276
267
266
142
104
97
87
417
379
375
271
264
166
165
162
160
147
113
70
65
64
444
442
418
397
387
380
327
307
306
263
244
144
86
399
398
393
382
350
332
300
299
287
258
243
167
121
119
114
67
458
454
450
436
426
425
396
394
389
386
373
371
368
366
363
362
355
354
353
352
348
345
344
335
298
291
289
288
275
274
273
256
255
254
250
248
247
245
145
143
116
115
453
452
451
449
448
427
424
388
385
381
372
370
364
346
337
296
295
251
118
99
96
95
93
92
9
88
82
72
68
66
62
61
60
59
57
55
5
468
467
463
461
46
459
457
456
455
447
446
445
443
441
44
430
429
428
410
407
406
405
404
403
402
400
40
395
392
391
390
39
384
383
38
378
377
376
374
369
367
365
361
360
36
359
358
357
356
351
35
349
347
343
342
341
340
339
338
336
334
333
331
330
329
328
326
323
322
321
320
32
319
318
316
314
313
312
311
310
309
305
304
303
301
297
294
293
292
290
29
285
284
283
282
281
280
279
277
272
270
27
269
265
261
260
259
257
253
252
249
246
242
241
239
238
237
236
235
234
233
232
231
229
226
224
219
215
214
213
212
211
210
209
208
207
206
205
204
202
190
188
187
186
185
184
183
182
181
180
179
178
177
176
175
174
173
172
171
170
164
161
153
152
151
150
149
148
146
140
138
136
135
127
126
125
124
123
122
120
12
117
109
107
106
105
103
102
100
133	GLY
134	ALA
135	ALA
158	TYR
169	TYR
176	HIS
177	GLU
180	HIS
186	HIS
191	ASN
192	ALA
196	ASP
216	TYR
218	GLU
220	GLN
225	ASP
227	LYS
228	GLY
230	TYR
278	LYS
