106
103
107
104
105
100
33
102
101
95
31
50
109
57
59
55
47
32
145
54
213
185
183
176
171
132
127
45
44
43
39
187
175
169
168
147
131
126
170
129
61
173
46
172
58
62
177
174
139
137
56
216
128
30
63
138
98
5
199
110
148
35
166
152
28
178
40
2
214
65
141
52
189
7
41
156
67
60
3
66
167
211
205
1
80
217
26
8
74
203
191
179
153
111
27
93
9
72
69
42
212
124
120
11
25
91
89
88
87
85
84
82
76
75
73
71
23
210
21
209
208
207
206
197
196
195
194
193
19
180
17
165
164
163
162
161
160
16
159
157
155
15
14
13
122
121
119
118
117
116
112
24
99
97
96
94
92
90
86
83
81
79
78
77
70
68
64
6
53
51
49
48
4
38
37
36
34
29
22
215
204
202
201
200
20
198
192
190
188
186
184
182
181
18
158
154
151
150
149
146
144
143
142
140
130
125
123
12
115
114
113
108
10
30	LYS
31	GLU
32	TYR
33	TYR
52	ASP
55	GLN
57	ASN
59	ILE
100	THR
101	ALA