26
176
44
90
94
45
91
92
177
22
23
95
20
96
30
178
123
19
31
43
32
25
93
128
125
29
212
126
127
210
67
175
42
108
143
211
209
122
1
7
5
46
2
18
139
47
180
206
165
58
215
162
107
8
4
3
172
61
179
169
65
9
81
63
60
207
140
166
80
70
69
62
59
57
54
237
216
191
189
15
146
144
132
124
120
12
119
118
106
10
79
78
76
75
72
71
56
52
41
39
38
37
36
34
239
238
236
235
233
229
227
226
224
222
221
219
218
205
204
203
194
193
192
171
170
16
153
152
150
148
142
141
138
137
134
130
13
129
117
89
88
87
86
85
84
83
82
77
74
73
68
66
64
6
55
53
51
50
49
48
40
35
33
28
27
24
234
232
231
230
228
225
223
220
217
214
213
21
208
202
201
200
199
198
197
196
195
190
188
187
186
185
184
183
182
181
174
173
17
168
167
164
163
161
160
159
158
157
156
155
154
151
149
147
145
14
136
135
133
131
121
116
115
114
113
112
111
110
11
109
43	SER
44	PHE
45	PHE
47	TRP
67	GLU
89	TYR
94	TYR
96	SER
112	TYR
211	SER
212	LYS
