Protein Threshold TP FP N Neg TPR FPR
1ACB.E 0.25 11 43 13 228 .846 .188
1ACB.I 0.25 8 1 11 52 .727 .019
1AHW.A 0.25 8 42 8 206 1.000 .203
1AK4.A 0.25 6 25 9 156 .666 .160
1AVX.A 0.25 13 9 19 201 .684 .044
1AY7.A 0.25 6 18 9 87 .666 .206
1AY7.B 0.25 3 5 9 80 .333 .062
1BGX.H 0.25 12 38 16 189 .750 .201
1DE4.E 0.25 12 9 21 78 .571 .115
1DFJ.E 0.25 0 6 18 106 0 .056
1DFJ.I 0.25 11 15 18 438 .611 .034
1DQJ.A 0.25 7 51 7 207 1.000 .246
1E4K.C 0.25 10 18 12 160 .833 .112
1E6J.H 0.25 4 34 5 214 .800 .158
1EXB.E 0.25 3 36 3 88 1.000 .409
1F34.A 0.25 16 47 22 303 .727 .155
1FC2.D 0.25 8 44 10 196 .800 .224
1FFW.A 0.25 3 21 8 120 .375 .175
1FFW.B 0.25 9 40 10 58 .900 .689
1FLE.E 0.25 8 70 11 218 .727 .321
1GHQ.A 0.25 1 61 5 302 .200 .201
1GXD.A 0.25 2 33 21 603 .095 .054
1GXD.C 0.25 9 24 18 174 .500 .137
1IRA.X 0.25 17 14 23 122 .739 .114
1JIW.I 0.25 12 55 15 90 .800 .611
1JIW.P 0.25 14 56 20 450 .700 .124
1JPS.H 0.25 9 45 10 203 .900 .221
1KAC.A 0.25 7 34 9 176 .777 .193
1KAC.B 0.25 5 5 12 112 .416 .044
1KLU.D 0.25 4 12 11 219 .363 .054
