Protein Threshold TP FP N Neg TPR FPR
1ACB.E 0.02 11 121 13 228 .846 .530
1ACB.I 0.02 11 26 11 52 1.000 .500
1AHW.A 0.02 8 77 8 206 1.000 .373
1AK4.A 0.02 7 83 9 156 .777 .532
1AVX.A 0.02 14 59 19 201 .736 .293
1AY7.A 0.02 8 43 9 87 .888 .494
1AY7.B 0.02 8 30 9 80 .888 .375
1BGX.H 0.02 14 74 16 189 .875 .391
1DE4.E 0.02 19 47 21 78 .904 .602
1DFJ.E 0.02 12 53 18 106 .666 .500
1DFJ.I 0.02 18 64 18 438 1.000 .146
1DQJ.A 0.02 7 88 7 207 1.000 .425
1E4K.C 0.02 12 85 12 160 1.000 .531
1E6J.H 0.02 5 72 5 214 1.000 .336
1EXB.E 0.02 3 64 3 88 1.000 .727
1F34.A 0.02 19 112 22 303 .863 .369
1FC2.D 0.02 9 95 10 196 .900 .484
1FFW.A 0.02 8 69 8 120 1.000 .575
1FFW.B 0.02 9 47 10 58 .900 .810
1FLE.E 0.02 9 127 11 218 .818 .582
1GHQ.A 0.02 1 161 5 302 .200 .533
1GXD.A 0.02 8 154 21 603 .380 .255
1GXD.C 0.02 17 74 18 174 .944 .425
1IRA.X 0.02 23 51 23 122 1.000 .418
1JIW.I 0.02 13 76 15 90 .866 .844
1JIW.P 0.02 15 170 20 450 .750 .377
1JPS.H 0.02 10 74 10 203 1.000 .364
1KAC.A 0.02 9 98 9 176 1.000 .556
1KAC.B 0.02 10 45 12 112 .833 .401
1KLU.D 0.02 9 58 11 219 .818 .264
