Protein Threshold TP FP N Neg TPR FPR
1ACB.E 0.96 1 0 13 228 .076 0
1ACB.I 0.96 1 0 11 52 .090 0
1AHW.A 0.96 1 0 8 206 .125 0
1AK4.A 0.96 1 0 9 156 .111 0
1AVX.A 0.96 1 0 19 201 .052 0
1AY7.A 0.96 0 1 9 87 0 .011
1AY7.B 0.96 0 1 9 80 0 .012
1BGX.H 0.96 1 1 16 189 .062 .005
1DE4.E 0.96 1 0 21 78 .047 0
1DFJ.E 0.96 0 2 18 106 0 .018
1DFJ.I 0.96 1 1 18 438 .055 .002
1DQJ.A 0.96 1 0 7 207 .142 0
1E4K.C 0.96 1 0 12 160 .083 0
1E6J.H 0.96 1 1 5 214 .200 .004
1EXB.E 0.96 0 1 3 88 0 .011
1F34.A 0.96 0 1 22 303 0 .003
1FC2.D 0.96 0 1 10 196 0 .005
1FFW.A 0.96 0 1 8 120 0 .008
1FFW.B 0.96 0 1 10 58 0 .017
1FLE.E 0.96 0 2 11 218 0 .009
1GHQ.A 0.96 0 1 5 302 0 .003
1GXD.A 0.96 0 1 21 603 0 .001
1GXD.C 0.96 0 1 18 174 0 .005
1IRA.X 0.96 1 2 23 122 .043 .016
1JIW.I 0.96 0 1 15 90 0 .011
1JIW.P 0.96 0 3 20 450 0 .006
1JPS.H 0.96 0 1 10 203 0 .004
1KAC.A 0.96 0 1 9 176 0 .005
1KAC.B 0.96 0 1 12 112 0 .008
1KLU.D 0.96 0 1 11 219 0 .004
