Protein Threshold TP FP N Neg TPR FPR
1ACB.E 0.23 11 45 13 228 .846 .197
1ACB.I 0.23 8 1 11 52 .727 .019
1AHW.A 0.23 8 42 8 206 1.000 .203
1AK4.A 0.23 6 27 9 156 .666 .173
1AVX.A 0.23 14 9 19 201 .736 .044
1AY7.A 0.23 6 18 9 87 .666 .206
1AY7.B 0.23 5 6 9 80 .555 .075
1BGX.H 0.23 12 38 16 189 .750 .201
1DE4.E 0.23 14 10 21 78 .666 .128
1DFJ.E 0.23 0 9 18 106 0 .084
1DFJ.I 0.23 11 17 18 438 .611 .038
1DQJ.A 0.23 7 51 7 207 1.000 .246
1E4K.C 0.23 10 19 12 160 .833 .118
1E6J.H 0.23 4 36 5 214 .800 .168
1EXB.E 0.23 3 38 3 88 1.000 .431
1F34.A 0.23 16 52 22 303 .727 .171
1FC2.D 0.23 8 47 10 196 .800 .239
1FFW.A 0.23 3 21 8 120 .375 .175
1FFW.B 0.23 9 40 10 58 .900 .689
1FLE.E 0.23 8 76 11 218 .727 .348
1GHQ.A 0.23 1 62 5 302 .200 .205
1GXD.A 0.23 2 34 21 603 .095 .056
1GXD.C 0.23 11 24 18 174 .611 .137
1IRA.X 0.23 17 16 23 122 .739 .131
1JIW.I 0.23 12 57 15 90 .800 .633
1JIW.P 0.23 14 58 20 450 .700 .128
1JPS.H 0.23 9 48 10 203 .900 .236
1KAC.A 0.23 7 37 9 176 .777 .210
1KAC.B 0.23 5 5 12 112 .416 .044
1KLU.D 0.23 4 15 11 219 .363 .068
