Protein Threshold TP FP N Neg TPR FPR
1ACB.E 0.37 10 30 13 228 .769 .131
1ACB.I 0.37 7 0 11 52 .636 0
1AHW.A 0.37 7 38 8 206 .875 .184
1AK4.A 0.37 5 18 9 156 .555 .115
1AVX.A 0.37 11 5 19 201 .578 .024
1AY7.A 0.37 5 12 9 87 .555 .137
1AY7.B 0.37 2 2 9 80 .222 .025
1BGX.H 0.37 11 27 16 189 .687 .142
1DE4.E 0.37 8 5 21 78 .380 .064
1DFJ.E 0.37 0 5 18 106 0 .047
1DFJ.I 0.37 10 13 18 438 .555 .029
1DQJ.A 0.37 7 45 7 207 1.000 .217
1E4K.C 0.37 10 9 12 160 .833 .056
1E6J.H 0.37 3 30 5 214 .600 .140
1EXB.E 0.37 3 22 3 88 1.000 .250
1F34.A 0.37 13 30 22 303 .590 .099
1FC2.D 0.37 4 36 10 196 .400 .183
1FFW.A 0.37 2 15 8 120 .250 .125
1FFW.B 0.37 9 30 10 58 .900 .517
1FLE.E 0.37 4 43 11 218 .363 .197
1GHQ.A 0.37 1 49 5 302 .200 .162
1GXD.A 0.37 2 22 21 603 .095 .036
1GXD.C 0.37 7 16 18 174 .388 .091
1IRA.X 0.37 16 12 23 122 .695 .098
1JIW.I 0.37 10 47 15 90 .666 .522
1JIW.P 0.37 13 33 20 450 .650 .073
1JPS.H 0.37 8 40 10 203 .800 .197
1KAC.A 0.37 6 21 9 176 .666 .119
1KAC.B 0.37 3 4 12 112 .250 .035
1KLU.D 0.37 3 9 11 219 .272 .041
