Protein Threshold TP FP N Neg TPR FPR
1ACB.E 0.51 9 16 13 228 .692 .070
1ACB.I 0.51 6 0 11 52 .545 0
1AHW.A 0.51 6 10 8 206 .750 .048
1AK4.A 0.51 4 10 9 156 .444 .064
1AVX.A 0.51 10 2 19 201 .526 .009
1AY7.A 0.51 5 9 9 87 .555 .103
1AY7.B 0.51 0 2 9 80 0 .025
1BGX.H 0.51 6 3 16 189 .375 .015
1DE4.E 0.51 6 4 21 78 .285 .051
1DFJ.E 0.51 0 3 18 106 0 .028
1DFJ.I 0.51 9 8 18 438 .500 .018
1DQJ.A 0.51 4 16 7 207 .571 .077
1E4K.C 0.51 8 5 12 160 .666 .031
1E6J.H 0.51 3 20 5 214 .600 .093
1EXB.E 0.51 2 7 3 88 .666 .079
1F34.A 0.51 7 17 22 303 .318 .056
1FC2.D 0.51 1 17 10 196 .100 .086
1FFW.A 0.51 2 11 8 120 .250 .091
1FFW.B 0.51 7 13 10 58 .700 .224
1FLE.E 0.51 1 9 11 218 .090 .041
1GHQ.A 0.51 0 37 5 302 0 .122
1GXD.A 0.51 1 18 21 603 .047 .029
1GXD.C 0.51 6 9 18 174 .333 .051
1IRA.X 0.51 12 11 23 122 .521 .090
1JIW.I 0.51 4 19 15 90 .266 .211
1JIW.P 0.51 10 25 20 450 .500 .055
1JPS.H 0.51 7 10 10 203 .700 .049
1KAC.A 0.51 5 10 9 176 .555 .056
1KAC.B 0.51 3 3 12 112 .250 .026
1KLU.D 0.51 3 5 11 219 .272 .022
