Protein Threshold TP FP N Neg TPR FPR
1ACB.E 0.07 11 77 13 228 .846 .337
1ACB.I 0.07 11 8 11 52 1.000 .153
1AHW.A 0.07 8 55 8 206 1.000 .266
1AK4.A 0.07 7 50 9 156 .777 .320
1AVX.A 0.07 14 39 19 201 .736 .194
1AY7.A 0.07 8 34 9 87 .888 .390
1AY7.B 0.07 7 12 9 80 .777 .150
1BGX.H 0.07 14 56 16 189 .875 .296
1DE4.E 0.07 18 23 21 78 .857 .294
1DFJ.E 0.07 6 30 18 106 .333 .283
1DFJ.I 0.07 16 31 18 438 .888 .070
1DQJ.A 0.07 7 62 7 207 1.000 .299
1E4K.C 0.07 12 57 12 160 1.000 .356
1E6J.H 0.07 5 44 5 214 1.000 .205
1EXB.E 0.07 3 58 3 88 1.000 .659
1F34.A 0.07 18 81 22 303 .818 .267
1FC2.D 0.07 9 69 10 196 .900 .352
1FFW.A 0.07 6 41 8 120 .750 .341
1FFW.B 0.07 9 43 10 58 .900 .741
1FLE.E 0.07 9 110 11 218 .818 .504
1GHQ.A 0.07 1 120 5 302 .200 .397
1GXD.A 0.07 4 81 21 603 .190 .134
1GXD.C 0.07 15 41 18 174 .833 .235
1IRA.X 0.07 21 26 23 122 .913 .213
1JIW.I 0.07 13 75 15 90 .866 .833
1JIW.P 0.07 15 104 20 450 .750 .231
1JPS.H 0.07 9 57 10 203 .900 .280
1KAC.A 0.07 8 70 9 176 .888 .397
1KAC.B 0.07 9 22 12 112 .750 .196
1KLU.D 0.07 8 31 11 219 .727 .141
