Protein Threshold TP FP N Neg TPR FPR
1ACB.E 0.29 11 41 13 228 .846 .179
1ACB.I 0.29 8 0 11 52 .727 0
1AHW.A 0.29 8 41 8 206 1.000 .199
1AK4.A 0.29 6 23 9 156 .666 .147
1AVX.A 0.29 11 8 19 201 .578 .039
1AY7.A 0.29 6 13 9 87 .666 .149
1AY7.B 0.29 2 5 9 80 .222 .062
1BGX.H 0.29 12 34 16 189 .750 .179
1DE4.E 0.29 11 7 21 78 .523 .089
1DFJ.E 0.29 0 5 18 106 0 .047
1DFJ.I 0.29 11 15 18 438 .611 .034
1DQJ.A 0.29 7 50 7 207 1.000 .241
1E4K.C 0.29 10 14 12 160 .833 .087
1E6J.H 0.29 3 33 5 214 .600 .154
1EXB.E 0.29 3 33 3 88 1.000 .375
1F34.A 0.29 16 40 22 303 .727 .132
1FC2.D 0.29 7 38 10 196 .700 .193
1FFW.A 0.29 3 19 8 120 .375 .158
1FFW.B 0.29 9 38 10 58 .900 .655
1FLE.E 0.29 5 61 11 218 .454 .279
1GHQ.A 0.29 1 56 5 302 .200 .185
1GXD.A 0.29 2 30 21 603 .095 .049
1GXD.C 0.29 9 21 18 174 .500 .120
1IRA.X 0.29 16 13 23 122 .695 .106
1JIW.I 0.29 11 51 15 90 .733 .566
1JIW.P 0.29 14 52 20 450 .700 .115
1JPS.H 0.29 8 45 10 203 .800 .221
1KAC.A 0.29 7 31 9 176 .777 .176
1KAC.B 0.29 5 4 12 112 .416 .035
1KLU.D 0.29 3 10 11 219 .272 .045
