Protein Threshold TP FP N Neg TPR FPR
1ACB.E 0.67 4 3 13 228 .307 .013
1ACB.I 0.67 5 0 11 52 .454 0
1AHW.A 0.67 5 1 8 206 .625 .004
1AK4.A 0.67 3 2 9 156 .333 .012
1AVX.A 0.67 6 0 19 201 .315 0
1AY7.A 0.67 1 3 9 87 .111 .034
1AY7.B 0.67 0 1 9 80 0 .012
1BGX.H 0.67 5 2 16 189 .312 .010
1DE4.E 0.67 2 1 21 78 .095 .012
1DFJ.E 0.67 0 2 18 106 0 .018
1DFJ.I 0.67 5 2 18 438 .277 .004
1DQJ.A 0.67 2 4 7 207 .285 .019
1E4K.C 0.67 6 2 12 160 .500 .012
1E6J.H 0.67 2 12 5 214 .400 .056
1EXB.E 0.67 2 2 3 88 .666 .022
1F34.A 0.67 3 6 22 303 .136 .019
1FC2.D 0.67 0 10 10 196 0 .051
1FFW.A 0.67 0 4 8 120 0 .033
1FFW.B 0.67 4 3 10 58 .400 .051
1FLE.E 0.67 0 4 11 218 0 .018
1GHQ.A 0.67 0 23 5 302 0 .076
1GXD.A 0.67 1 11 21 603 .047 .018
1GXD.C 0.67 3 4 18 174 .166 .022
1IRA.X 0.67 7 6 23 122 .304 .049
1JIW.I 0.67 4 6 15 90 .266 .066
1JIW.P 0.67 6 12 20 450 .300 .026
1JPS.H 0.67 2 5 10 203 .200 .024
1KAC.A 0.67 1 2 9 176 .111 .011
1KAC.B 0.67 0 2 12 112 0 .017
1KLU.D 0.67 3 4 11 219 .272 .018
