Protein Threshold TP FP N Neg TPR FPR
1ACB.E 0.71 4 3 13 228 .307 .013
1ACB.I 0.71 3 0 11 52 .272 0
1AHW.A 0.71 5 1 8 206 .625 .004
1AK4.A 0.71 3 2 9 156 .333 .012
1AVX.A 0.71 5 0 19 201 .263 0
1AY7.A 0.71 1 2 9 87 .111 .022
1AY7.B 0.71 0 1 9 80 0 .012
1BGX.H 0.71 5 1 16 189 .312 .005
1DE4.E 0.71 2 0 21 78 .095 0
1DFJ.E 0.71 0 2 18 106 0 .018
1DFJ.I 0.71 4 2 18 438 .222 .004
1DQJ.A 0.71 2 4 7 207 .285 .019
1E4K.C 0.71 6 1 12 160 .500 .006
1E6J.H 0.71 2 9 5 214 .400 .042
1EXB.E 0.71 0 2 3 88 0 .022
1F34.A 0.71 3 5 22 303 .136 .016
1FC2.D 0.71 0 8 10 196 0 .040
1FFW.A 0.71 0 2 8 120 0 .016
1FFW.B 0.71 4 2 10 58 .400 .034
1FLE.E 0.71 0 4 11 218 0 .018
1GHQ.A 0.71 0 16 5 302 0 .052
1GXD.A 0.71 1 8 21 603 .047 .013
1GXD.C 0.71 3 3 18 174 .166 .017
1IRA.X 0.71 6 5 23 122 .260 .040
1JIW.I 0.71 3 5 15 90 .200 .055
1JIW.P 0.71 6 11 20 450 .300 .024
1JPS.H 0.71 1 5 10 203 .100 .024
1KAC.A 0.71 1 2 9 176 .111 .011
1KAC.B 0.71 0 2 12 112 0 .017
1KLU.D 0.71 3 3 11 219 .272 .013
