Protein Threshold TP FP N Neg TPR FPR
1ACB.E 0.63 6 3 13 228 .461 .013
1ACB.I 0.63 5 0 11 52 .454 0
1AHW.A 0.63 5 1 8 206 .625 .004
1AK4.A 0.63 3 3 9 156 .333 .019
1AVX.A 0.63 6 0 19 201 .315 0
1AY7.A 0.63 2 5 9 87 .222 .057
1AY7.B 0.63 0 1 9 80 0 .012
1BGX.H 0.63 5 3 16 189 .312 .015
1DE4.E 0.63 4 2 21 78 .190 .025
1DFJ.E 0.63 0 3 18 106 0 .028
1DFJ.I 0.63 6 4 18 438 .333 .009
1DQJ.A 0.63 2 5 7 207 .285 .024
1E4K.C 0.63 6 2 12 160 .500 .012
1E6J.H 0.63 2 14 5 214 .400 .065
1EXB.E 0.63 2 3 3 88 .666 .034
1F34.A 0.63 4 9 22 303 .181 .029
1FC2.D 0.63 0 11 10 196 0 .056
1FFW.A 0.63 0 4 8 120 0 .033
1FFW.B 0.63 4 5 10 58 .400 .086
1FLE.E 0.63 0 5 11 218 0 .022
1GHQ.A 0.63 0 26 5 302 0 .086
1GXD.A 0.63 1 13 21 603 .047 .021
1GXD.C 0.63 3 5 18 174 .166 .028
1IRA.X 0.63 8 6 23 122 .347 .049
1JIW.I 0.63 4 11 15 90 .266 .122
1JIW.P 0.63 6 14 20 450 .300 .031
1JPS.H 0.63 3 6 10 203 .300 .029
1KAC.A 0.63 1 2 9 176 .111 .011
1KAC.B 0.63 1 2 12 112 .083 .017
1KLU.D 0.63 3 4 11 219 .272 .018
