Protein Threshold TP FP N Neg TPR FPR
1ACB.E 0.11 11 68 13 228 .846 .298
1ACB.I 0.11 11 8 11 52 1.000 .153
1AHW.A 0.11 8 49 8 206 1.000 .237
1AK4.A 0.11 6 42 9 156 .666 .269
1AVX.A 0.11 14 25 19 201 .736 .124
1AY7.A 0.11 8 31 9 87 .888 .356
1AY7.B 0.11 7 7 9 80 .777 .087
1BGX.H 0.11 13 49 16 189 .812 .259
1DE4.E 0.11 18 16 21 78 .857 .205
1DFJ.E 0.11 0 24 18 106 0 .226
1DFJ.I 0.11 15 21 18 438 .833 .047
1DQJ.A 0.11 7 56 7 207 1.000 .270
1E4K.C 0.11 12 42 12 160 1.000 .262
1E6J.H 0.11 4 41 5 214 .800 .191
1EXB.E 0.11 3 52 3 88 1.000 .590
1F34.A 0.11 16 70 22 303 .727 .231
1FC2.D 0.11 9 62 10 196 .900 .316
1FFW.A 0.11 5 33 8 120 .625 .275
1FFW.B 0.11 9 43 10 58 .900 .741
1FLE.E 0.11 9 99 11 218 .818 .454
1GHQ.A 0.11 1 91 5 302 .200 .301
1GXD.A 0.11 4 60 21 603 .190 .099
1GXD.C 0.11 15 33 18 174 .833 .189
1IRA.X 0.11 19 24 23 122 .826 .196
1JIW.I 0.11 13 73 15 90 .866 .811
1JIW.P 0.11 15 84 20 450 .750 .186
1JPS.H 0.11 9 53 10 203 .900 .261
1KAC.A 0.11 8 58 9 176 .888 .329
1KAC.B 0.11 7 13 12 112 .583 .116
1KLU.D 0.11 7 27 11 219 .636 .123
