Protein Threshold TP FP N Neg TPR FPR
1ACB.E 0.09 11 72 13 228 .846 .315
1ACB.I 0.09 11 8 11 52 1.000 .153
1AHW.A 0.09 8 52 8 206 1.000 .252
1AK4.A 0.09 7 46 9 156 .777 .294
1AVX.A 0.09 14 32 19 201 .736 .159
1AY7.A 0.09 8 33 9 87 .888 .379
1AY7.B 0.09 7 10 9 80 .777 .125
1BGX.H 0.09 14 52 16 189 .875 .275
1DE4.E 0.09 18 19 21 78 .857 .243
1DFJ.E 0.09 1 25 18 106 .055 .235
1DFJ.I 0.09 15 27 18 438 .833 .061
1DQJ.A 0.09 7 57 7 207 1.000 .275
1E4K.C 0.09 12 47 12 160 1.000 .293
1E6J.H 0.09 5 43 5 214 1.000 .200
1EXB.E 0.09 3 54 3 88 1.000 .613
1F34.A 0.09 17 76 22 303 .772 .250
1FC2.D 0.09 9 65 10 196 .900 .331
1FFW.A 0.09 5 37 8 120 .625 .308
1FFW.B 0.09 9 43 10 58 .900 .741
1FLE.E 0.09 9 103 11 218 .818 .472
1GHQ.A 0.09 1 102 5 302 .200 .337
1GXD.A 0.09 4 68 21 603 .190 .112
1GXD.C 0.09 15 39 18 174 .833 .224
1IRA.X 0.09 19 26 23 122 .826 .213
1JIW.I 0.09 13 74 15 90 .866 .822
1JIW.P 0.09 15 94 20 450 .750 .208
1JPS.H 0.09 9 53 10 203 .900 .261
1KAC.A 0.09 8 63 9 176 .888 .357
1KAC.B 0.09 9 17 12 112 .750 .151
1KLU.D 0.09 8 28 11 219 .727 .127
