Protein Threshold TP FP N Neg TPR FPR
1ACB.E 0.13 11 63 13 228 .846 .276
1ACB.I 0.13 10 8 11 52 .909 .153
1AHW.A 0.13 8 47 8 206 1.000 .228
1AK4.A 0.13 6 39 9 156 .666 .250
1AVX.A 0.13 14 20 19 201 .736 .099
1AY7.A 0.13 8 28 9 87 .888 .321
1AY7.B 0.13 7 6 9 80 .777 .075
1BGX.H 0.13 13 47 16 189 .812 .248
1DE4.E 0.13 18 15 21 78 .857 .192
1DFJ.E 0.13 0 16 18 106 0 .150
1DFJ.I 0.13 13 21 18 438 .722 .047
1DQJ.A 0.13 7 55 7 207 1.000 .265
1E4K.C 0.13 11 35 12 160 .916 .218
1E6J.H 0.13 4 39 5 214 .800 .182
1EXB.E 0.13 3 49 3 88 1.000 .556
1F34.A 0.13 16 68 22 303 .727 .224
1FC2.D 0.13 8 61 10 196 .800 .311
1FFW.A 0.13 5 31 8 120 .625 .258
1FFW.B 0.13 9 43 10 58 .900 .741
1FLE.E 0.13 9 94 11 218 .818 .431
1GHQ.A 0.13 1 84 5 302 .200 .278
1GXD.A 0.13 4 55 21 603 .190 .091
1GXD.C 0.13 14 30 18 174 .777 .172
1IRA.X 0.13 19 20 23 122 .826 .163
1JIW.I 0.13 13 70 15 90 .866 .777
1JIW.P 0.13 15 77 20 450 .750 .171
1JPS.H 0.13 9 50 10 203 .900 .246
1KAC.A 0.13 8 54 9 176 .888 .306
1KAC.B 0.13 7 10 12 112 .583 .089
1KLU.D 0.13 7 25 11 219 .636 .114
