Protein Threshold TP FP N Neg TPR FPR
1ACB.E 0.26 11 42 13 228 .846 .184
1ACB.I 0.26 8 1 11 52 .727 .019
1AHW.A 0.26 8 42 8 206 1.000 .203
1AK4.A 0.26 6 25 9 156 .666 .160
1AVX.A 0.26 12 8 19 201 .631 .039
1AY7.A 0.26 6 15 9 87 .666 .172
1AY7.B 0.26 3 5 9 80 .333 .062
1BGX.H 0.26 12 36 16 189 .750 .190
1DE4.E 0.26 11 8 21 78 .523 .102
1DFJ.E 0.26 0 6 18 106 0 .056
1DFJ.I 0.26 11 15 18 438 .611 .034
1DQJ.A 0.26 7 51 7 207 1.000 .246
1E4K.C 0.26 10 17 12 160 .833 .106
1E6J.H 0.26 3 33 5 214 .600 .154
1EXB.E 0.26 3 36 3 88 1.000 .409
1F34.A 0.26 16 47 22 303 .727 .155
1FC2.D 0.26 7 41 10 196 .700 .209
1FFW.A 0.26 3 20 8 120 .375 .166
1FFW.B 0.26 9 40 10 58 .900 .689
1FLE.E 0.26 7 69 11 218 .636 .316
1GHQ.A 0.26 1 61 5 302 .200 .201
1GXD.A 0.26 2 33 21 603 .095 .054
1GXD.C 0.26 9 23 18 174 .500 .132
1IRA.X 0.26 17 13 23 122 .739 .106
1JIW.I 0.26 11 54 15 90 .733 .600
1JIW.P 0.26 14 55 20 450 .700 .122
1JPS.H 0.26 9 45 10 203 .900 .221
1KAC.A 0.26 7 34 9 176 .777 .193
1KAC.B 0.26 5 5 12 112 .416 .044
1KLU.D 0.26 4 11 11 219 .363 .050
