Protein Threshold TP FP N Neg TPR FPR
1ACB.E 0.58 6 9 13 228 .461 .039
1ACB.I 0.58 6 0 11 52 .545 0
1AHW.A 0.58 6 5 8 206 .750 .024
1AK4.A 0.58 4 8 9 156 .444 .051
1AVX.A 0.58 10 0 19 201 .526 0
1AY7.A 0.58 4 5 9 87 .444 .057
1AY7.B 0.58 0 1 9 80 0 .012
1BGX.H 0.58 5 3 16 189 .312 .015
1DE4.E 0.58 5 2 21 78 .238 .025
1DFJ.E 0.58 0 3 18 106 0 .028
1DFJ.I 0.58 9 7 18 438 .500 .015
1DQJ.A 0.58 4 8 7 207 .571 .038
1E4K.C 0.58 7 3 12 160 .583 .018
1E6J.H 0.58 2 18 5 214 .400 .084
1EXB.E 0.58 2 6 3 88 .666 .068
1F34.A 0.58 4 10 22 303 .181 .033
1FC2.D 0.58 0 13 10 196 0 .066
1FFW.A 0.58 0 4 8 120 0 .033
1FFW.B 0.58 6 6 10 58 .600 .103
1FLE.E 0.58 0 6 11 218 0 .027
1GHQ.A 0.58 0 31 5 302 0 .102
1GXD.A 0.58 1 17 21 603 .047 .028
1GXD.C 0.58 4 6 18 174 .222 .034
1IRA.X 0.58 10 9 23 122 .434 .073
1JIW.I 0.58 4 13 15 90 .266 .144
1JIW.P 0.58 7 19 20 450 .350 .042
1JPS.H 0.58 3 7 10 203 .300 .034
1KAC.A 0.58 3 7 9 176 .333 .039
1KAC.B 0.58 2 2 12 112 .166 .017
1KLU.D 0.58 3 4 11 219 .272 .018
