160  1
214  0.783982
215  0.773894
210  0.76361
213  0.717705
207  0.715721
211  0.685595
206  0.660292
226  0.659297
217  0.623975
181  0.618116
218  0.596652
168  0.578409
174  0.573391
161  0.551051
177  0.54929
178  0.538783
190  0.530208
169  0.524183
209  0.516892
189  0.506107
193  0.494057
219  0.48904
180  0.479539
185  0.471211
182  0.470567
173  0.451767
170  0.445857
202  0.442514
166  0.422764
163  0.413096
165  0.409706
184  0.407404
225  0.388374
203  0.384144
191  0.373556
176  0.37344
200  0.37092
224  0.370298
186  0.360045
188  0.356487
196  0.34598
194  0.34343
223  0.32566
192  0.295229
201  0.291501
187  0.290212
222  0.273426
205  0.261629
204  0.218612
198  0.207535
159  0.162562
171  0.0431827
183  0.033515
221  0.0206246
220  0.0206246
216  0
212  0
208  0
199  0
197  0
195  0
179  0
175  0
172  0
167  0
164  0
162  0
