146  1
192  0.858869
98   0.793567
175  0.77581
41   0.756658
216  0.735631
97   0.729386
39   0.668156
57   0.661338
149  0.628198
239  0.627248
96   0.616718
177  0.615513
240  0.606794
75   0.599976
218  0.572
37   0.559068
244  0.552251
172  0.545328
215  0.539181
193  0.539181
59   0.531797
94   0.52561
93   0.524979
74   0.511343
245  0.484072
242  0.470436
99   0.466307
174  0.464184
90   0.4568
89   0.4568
145  0.455908
36   0.443164
100  0.443067
219  0.435487
237  0.429529
195  0.405518
92   0.402257
178  0.381803
150  0.375616
191  0.360289
76   0.354531
202  0.354531
221  0.351548
95   0.348346
169  0.347009
151  0.321074
114  0.320441
88   0.313623
243  0.313623
166  0.305061
38   0.293171
77   0.286353
223  0.252263
87   0.238627
222  0.231809
73   0.224991
173  0.224132
35   0.218173
13   0.197719
171  0.186552
203  0.184084
1    0.184084
153  0.177135
167  0.17552
49   0.170448
113  0.16363
101  0.16363
206  0.149994
133  0.143176
185  0.136358
170  0.136261
217  0.135655
190  0.135655
189  0.12982
19   0.12954
236  0.122722
48   0.115905
3    0.115905
6    0.109087
5    0.102269
144  0.0960824
204  0.0954507
40   0.0882487
165  0.0781032
61   0.074997
50   0.074997
186  0.074997
84   0.068179
78   0.068179
187  0.068179
126  0.068179
143  0.0678276
226  0.0619929
82   0.0613612
152  0.0612635
164  0.0611072
7    0.0545433
205  0.0545433
123  0.0545433
110  0.0545433
25   0.0477254
116  0.0477254
224  0.0447756
8    0.0409075
62   0.0409075
132  0.0409075
129  0.0409075
115  0.0409075
107  0.0409075
79   0.0340895
18   0.0340895
125  0.0340895
12   0.0340895
176  0.0291731
86   0.0272717
80   0.0272717
154  0.0272717
134  0.0272717
131  0.0272717
127  0.0272717
111  0.0272717
109  0.0272717
17   0.0255265
233  0.0204537
23   0.0204537
20   0.0204537
161  0.0204537
135  0.0204537
128  0.0204537
119  0.0204537
117  0.0204537
9    0.0136358
81   0.0136358
69   0.0136358
63   0.0136358
232  0.0136358
230  0.0136358
21   0.0136358
159  0.0136358
11   0.0136358
24   0.0068179
91   0
85   0
83   0
72   0
71   0
70   0
68   0
67   0
66   0
65   0
64   0
60   0
58   0
56   0
55   0
54   0
53   0
52   0
51   0
47   0
46   0
45   0
44   0
43   0
42   0
4    0
34   0
33   0
32   0
31   0
30   0
29   0
28   0
27   0
26   0
241  0
238  0
235  0
234  0
231  0
229  0
228  0
227  0
225  0
220  0
22   0
214  0
213  0
212  0
211  0
210  0
209  0
208  0
207  0
201  0
200  0
2    0
199  0
198  0
197  0
196  0
194  0
188  0
184  0
183  0
182  0
181  0
180  0
179  0
168  0
163  0
162  0
160  0
16   0
158  0
157  0
156  0
155  0
142  0
141  0
140  0
139  0
138  0
137  0
136  0
130  0
124  0
122  0
121  0
120  0
118  0
112  0
108  0
106  0
105  0
104  0
103  0
102  0
10   0
