44  1
43  0.536104
29  0.504192
39  0.419456
46  0.332096
87  0.298082
42  0.292289
31  0.272387
38  0.24716
45  0.242184
34  0.237233
35  0.187917
36  0.147972
25  0.113212
57  0.108236
28  0.106598
32  0.105946
82  0.0843796
88  0.0722752
50  0.0671615
33  0.0633643
86  0.056977
80  0.056977
4   0.0547339
85  0.0520013
47  0.049549
81  0.0470254
89  0.0395974
55  0.0342508
26  0.0324687
48  0.0296457
52  0.027702
22  0.0246699
21  0.0246699
14  0.0246699
13  0.0246699
54  0.0223792
1   0.0223792
83  0.0174035
62  0.0149274
2   0.0149274
9   0.00995161
8   0.00995161
6   0.00995161
11  0.00995161
79  0.0049758
78  0.0049758
76  0.0049758
75  0.0049758
72  0.0049758
69  0.0049758
68  0.0049758
65  0.0049758
64  0.0049758
61  0.0049758
60  0.0049758
58  0.0049758
23  0.0049758
19  0.0049758
18  0.0049758
15  0.0049758
12  0.0049758
84  0
77  0
74  0
73  0
71  0
70  0
7   0
67  0
66  0
63  0
59  0
56  0
53  0
51  0
5   0
49  0
41  0
40  0
37  0
30  0
3   0
27  0
24  0
20  0
17  0
16  0
10  0
