111  1
77   0.900263
75   0.883019
160  0.871522
108  0.824847
109  0.783837
74   0.730956
78   0.717615
217  0.672972
218  0.661475
9    0.637874
161  0.63324
110  0.631681
114  0.604697
79   0.577395
132  0.569056
127  0.569056
292  0.563308
134  0.563308
130  0.563308
126  0.551812
174  0.533678
10   0.521046
166  0.517323
76   0.505827
67   0.505827
245  0.502671
289  0.500079
72   0.494331
265  0.488583
112  0.48266
291  0.477087
225  0.477087
295  0.465592
293  0.465592
70   0.448347
288  0.448347
159  0.44015
294  0.436851
66   0.431103
69   0.390866
116  0.384515
226  0.37937
86   0.367874
170  0.365091
154  0.362578
290  0.333386
244  0.317098
65   0.316142
220  0.312984
158  0.309527
243  0.308593
200  0.298898
7    0.298031
113  0.296642
53   0.292283
242  0.2856
241  0.2856
240  0.279853
278  0.278784
219  0.272749
171  0.270608
175  0.264486
325  0.24812
239  0.245365
48   0.239617
203  0.23567
11   0.232025
8    0.226277
173  0.22425
202  0.212677
326  0.210585
248  0.201181
157  0.196389
229  0.195433
176  0.187594
246  0.185753
54   0.179144
172  0.178265
318  0.178189
117  0.171551
12   0.164601
52   0.158853
277  0.132655
13   0.121131
187  0.114961
51   0.109663
309  0.103915
307  0.103915
287  0.103465
257  0.103465
131  0.0977167
230  0.0919686
81   0.0862206
201  0.0862206
162  0.0862206
141  0.0862206
177  0.0773158
128  0.0747245
296  0.0689764
266  0.0632284
145  0.0574803
1    0.0574803
28   0.0543236
324  0.0535496
268  0.0517323
47   0.0485757
88   0.0459843
281  0.0459843
249  0.0459843
189  0.0459843
83   0.0402362
276  0.0402362
233  0.0402362
196  0.0402362
64   0.0344883
297  0.0344883
279  0.0344883
207  0.0344883
105  0.0344883
25   0.0287402
23   0.0287402
22   0.0287402
63   0.0229922
319  0.0229922
3    0.0229922
280  0.0229922
256  0.0229922
195  0.0229922
148  0.0229922
106  0.0229922
98   0.0172441
264  0.0172441
263  0.0172441
255  0.0172441
208  0.0172441
181  0.0172441
180  0.0172441
142  0.0172441
90   0.0114961
62   0.0114961
60   0.0114961
59   0.0114961
46   0.0114961
317  0.0114961
272  0.0114961
270  0.0114961
26   0.0114961
250  0.0114961
24   0.0114961
238  0.0114961
236  0.0114961
234  0.0114961
210  0.0114961
209  0.0114961
2    0.0114961
193  0.0114961
186  0.0114961
178  0.0114961
147  0.0114961
97   0.00574803
95   0.00574803
93   0.00574803
57   0.00574803
55   0.00574803
5    0.00574803
44   0.00574803
43   0.00574803
316  0.00574803
315  0.00574803
308  0.00574803
254  0.00574803
253  0.00574803
185  0.00574803
183  0.00574803
17   0.00574803
144  0.00574803
143  0.00574803
99   0
96   0
94   0
92   0
91   0
89   0
87   0
85   0
84   0
82   0
80   0
73   0
71   0
61   0
6    0
58   0
56   0
50   0
49   0
45   0
42   0
41   0
40   0
4    0
39   0
38   0
37   0
36   0
35   0
34   0
33   0
323  0
322  0
321  0
320  0
32   0
314  0
313  0
312  0
311  0
310  0
31   0
306  0
305  0
304  0
303  0
302  0
301  0
300  0
30   0
299  0
298  0
29   0
286  0
285  0
284  0
283  0
282  0
275  0
274  0
273  0
271  0
27   0
269  0
267  0
262  0
261  0
260  0
259  0
258  0
252  0
251  0
247  0
237  0
235  0
232  0
231  0
228  0
227  0
224  0
223  0
222  0
221  0
216  0
215  0
214  0
213  0
212  0
211  0
21   0
206  0
205  0
204  0
20   0
199  0
198  0
197  0
194  0
192  0
191  0
190  0
19   0
188  0
184  0
182  0
18   0
179  0
169  0
168  0
167  0
165  0
164  0
163  0
16   0
156  0
155  0
153  0
152  0
151  0
150  0
15   0
149  0
146  0
140  0
14   0
139  0
138  0
137  0
136  0
135  0
133  0
129  0
125  0
124  0
123  0
122  0
121  0
120  0
119  0
118  0
115  0
107  0
104  0
103  0
102  0
101  0
100  0
