297  1
399  0.915893
398  0.89568
298  0.880086
400  0.837076
299  0.791311
265  0.770012
350  0.764089
402  0.699512
395  0.689578
393  0.654929
396  0.622488
300  0.590257
253  0.566452
296  0.563388
394  0.541294
401  0.534119
408  0.514614
352  0.509416
397  0.505241
294  0.499814
301  0.491111
348  0.488623
406  0.467831
332  0.462632
367  0.457434
369  0.436642
240  0.436642
302  0.433231
331  0.431443
311  0.422651
405  0.422071
371  0.421048
268  0.419668
314  0.406477
434  0.401884
407  0.391462
436  0.389095
310  0.38629
435  0.378699
252  0.349203
295  0.31858
315  0.307886
254  0.299256
309  0.29749
272  0.2755
330  0.270302
256  0.26507
266  0.259906
433  0.254673
351  0.254673
349  0.254673
328  0.249509
267  0.236879
353  0.233916
269  0.223519
334  0.207925
293  0.193125
312  0.188334
355  0.187132
366  0.180162
264  0.180162
329  0.176736
273  0.16634
372  0.161141
335  0.161141
392  0.150745
410  0.145547
242  0.14035
255  0.118271
432  0.113072
368  0.107874
307  0.107874
323  0.0935661
333  0.0883681
270  0.0831699
381  0.0727736
325  0.0727736
356  0.0675756
431  0.0609972
345  0.0609972
292  0.0609972
412  0.0571793
271  0.0571793
344  0.0557991
403  0.0467831
306  0.0467831
244  0.041585
316  0.0407856
327  0.0363868
404  0.0328073
374  0.0311887
275  0.0311887
261  0.0311887
239  0.0311887
303  0.0294709
245  0.0259906
343  0.025216
317  0.025216
291  0.025216
363  0.0207925
346  0.0207925
321  0.0207925
373  0.0200179
440  0.0155943
437  0.0155943
391  0.0155943
390  0.0155943
362  0.0155943
357  0.0155943
342  0.0155943
336  0.0155943
279  0.0155943
414  0.0103962
389  0.0103962
388  0.0103962
376  0.0103962
358  0.0103962
338  0.0103962
308  0.0103962
259  0.0103962
247  0.0103962
444  0.00519811
443  0.00519811
441  0.00519811
439  0.00519811
438  0.00519811
423  0.00519811
421  0.00519811
420  0.00519811
419  0.00519811
417  0.00519811
416  0.00519811
415  0.00519811
387  0.00519811
386  0.00519811
385  0.00519811
383  0.00519811
377  0.00519811
361  0.00519811
360  0.00519811
359  0.00519811
341  0.00519811
340  0.00519811
319  0.00519811
318  0.00519811
289  0.00519811
288  0.00519811
287  0.00519811
286  0.00519811
285  0.00519811
284  0.00519811
283  0.00519811
282  0.00519811
281  0.00519811
257  0.00519811
249  0.00519811
248  0.00519811
442  0
430  0
429  0
428  0
427  0
426  0
425  0
424  0
422  0
418  0
413  0
411  0
409  0
384  0
382  0
380  0
379  0
378  0
375  0
370  0
365  0
364  0
354  0
347  0
339  0
337  0
326  0
324  0
322  0
320  0
313  0
305  0
304  0
290  0
280  0
278  0
277  0
276  0
274  0
263  0
262  0
260  0
258  0
251  0
250  0
246  0
243  0
241  0
238  0
