611 1.000
610 1.000
609 1.000
608 1.000
607 1.000
606 1.000
605 1.000
604 1.000
528 1.000
527 1.000
526 1.000
525 1.000
524 1.000
523 1.000
522 1.000
521 1.000
520 1.000
519 1.000
518 1.000
517 1.000
516 1.000
515 1.000
622 0.649
621 0.649
620 0.649
619 0.649
618 0.649
617 0.649
616 0.649
615 0.649
614 0.649
613 0.649
612 0.649
542 0.649
541 0.649
540 0.649
539 0.649
538 0.649
537 0.649
536 0.649
535 0.649
534 0.649
533 0.649
532 0.649
531 0.649
530 0.649
529 0.649
638 0.433
15	 HIS
16	 GLY
18	 ASP
19	 ASN
20	 TYR
21	 ARG
22	 GLY
23	 TYR
24	 SER
27	 ASN
41	 GLN
43	 THR
45	 ARG
46	 ASN
47	 THR
48	 ASP
49	 GLY
50	 SER
51	 THR
53	 TYR
62	 TRP
63	 TRP
66	 ASP
67	 GLY
68	 ARG
70	 PRO
73	 ARG
75	 LEU
81	 SER
84	 LEU
89	 THR
93	 ASN
96	 LYS
97	 LYS
98	 ILE
100	 SER
101	 ASP
102	 GLY
103	 ASN
116	 LYS
117	 GLY
118	 THR
119	 ASP
120	 VAL
121	 GLN
124	 ILE
125	 ARG
129	 LEU
