T1	T2	T4	T5
0.0	0.91	0.271	0.283
0.0	0.97	0.245	0.312
0.0	0.0	0.028	0.046
0.0	0.94	0.297	0.297
0.173	0.99	0.133	0.31
0.285	0.82	0.406	0.227
0.173	0.99	0.133	0.31
0.0	0.0	0.028	0.046
0.173	0.95	0.106	0.291
0.0	0.81	0.938	0.238
0.0	0.0	0.028	0.046
0.173	0.98	0.132	0.305
0.0	0.95	0.444	0.302
0.0	0.57	0.22	0.153
0.173	0.85	0.474	0.246
0.0	0.0	0.028	0.046
0.377	0.7	0.015	0.178
0.285	0.92	0.669	0.27
0.0	0.0	0.028	0.046
0.0	0.0	0.028	0.046
0.0	0.0	0.028	0.046
0.0	0.0	0.028	0.046
0.0	0.0	0.028	0.046
0.0	0.0	0.028	0.046
0.0	0.0	0.028	0.046
0.0	0.98	0.237	0.317
0.0	0.97	0.245	0.312
0.0	0.0	0.028	0.046
0.0	0.0	0.028	0.046
0.0	0.82	0.126	0.243
0.0	0.0	0.028	0.046
0.0	0.77	0.029	0.222
0.0	0.0	0.028	0.046
0.0	0.43	0.01	0.115
0.0	0.0	0.028	0.046
0.0	0.23	0.294	0.076
0.0	0.91	0.271	0.283
0.0	0.86	0.549	0.26
0.0	0.91	0.271	0.283
0.0	0.95	0.444	0.302
0.0	0.9	0.187	0.278
0.0	0.92	0.188	0.287
0.0	0.0	0.028	0.046
0.0	0.0	0.028	0.046
0.0	0.89	0.388	0.273
0.0	0.0	0.028	0.046
0.0	0.0	0.028	0.046
0.0	0.0	0.028	0.046
0.0	0.0	0.028	0.046
0.173	0.0	0.002	0.044
0.173	0.92	0.077	0.277
0.0	0.0	0.028	0.046
0.377	0.95	0.128	0.279
0.377	0.98	0.843	0.293
1.0	0.63	0.046	0.133
0.0	0.0	0.028	0.046
0.285	0.95	0.548	0.284
0.0	0.97	0.245	0.312
0.0	0.88	0.388	0.269
0.0	0.95	0.444	0.302
0.173	0.0	0.002	0.044
0.173	0.97	0.101	0.301
0.285	0.86	0.684	0.244
0.612	0.95	0.557	0.265
1.0	0.96	0.018	0.247
0.667	0.98	0.426	0.275
1.0	0.91	0.109	0.226
0.612	0.95	0.557	0.265
0.612	0.99	0.423	0.283
0.377	0.86	0.714	0.239
0.255	0.98	0.736	0.3
0.0	0.0	0.028	0.046
0.0	0.85	0.549	0.256
0.0	0.76	0.403	0.218
0.0	0.0	0.028	0.046
0.0	0.56	0.408	0.15
0.0	0.47	0.04	0.125
0.0	0.43	0.01	0.115
0.0	0.3	0.013	0.088
0.0	0.0	0.028	0.046
0.0	0.56	0.408	0.15
0.0	0.64	0.352	0.175
0.0	0.0	0.028	0.046
0.0	0.0	0.028	0.046
0.0	0.95	0.444	0.302
0.0	0.0	0.028	0.046
0.0	0.0	0.028	0.046
0.173	0.9	0.061	0.268
0.173	0.96	0.101	0.296
0.173	0.0	0.002	0.044
0.0	0.0	0.028	0.046
0.173	0.95	0.106	0.291
0.0	0.96	0.245	0.307
0.0	0.98	0.237	0.317
0.173	0.0	0.002	0.044
0.0	0.0	0.028	0.046
0.0	0.99	0.265	0.322
0.0	0.76	0.403	0.218
0.0	0.0	0.028	0.046
0.0	0.93	0.296	0.292
0.0	0.0	0.028	0.046
0.0	0.0	0.028	0.046
0.0	0.97	0.245	0.312
0.0	0.98	0.237	0.317
0.0	0.98	0.237	0.317
0.0	0.0	0.028	0.046
0.255	0.0	0.001	0.043
0.285	0.97	0.662	0.294
0.377	0.91	0.311	0.26
0.285	0.99	0.894	0.303
0.255	0.87	0.654	0.25
0.285	0.56	0.022	0.139
