"Csf-1"	"Csf-2"	"Csf-3"	"Csf-4"	"Csf-5"
-2.30944	-0.6718	-13.5361	-1.03216	-13.5361
-1.93924	-1.0121	-11.74764	-2.57446	-10.38618
0.10988	0.099	-14.60635	0.49928	-10.79393
-2.0761	-0.0427	-6.09452	-1.14611	-6.09452
0.10546	-1.9801	-8.70165	-0.16151	-8.70165
-0.66423	0.4963	-10.02197	-1.04073	-6.30728
-1.69418	-0.2249	-6.31929	-1.40886	-4.66383
-2.1795	-2.3439	-13.5014	-2.87546	-13.80218
-2.89638	-1.5188	-12.02338	-4.25718	-11.35252
-2.67058	-0.335	-37.40091	-2.36212	-31.11616
-0.94503	0.5998	-11.00892	-3.18205	-9.03151
-1.45007	-1.2684	-13.43623	-0.76121	-13.43623
-1.53942	-1.8654	-5.34549	0.32871	-5.34549
-1.02516	-1.5117	-5.87878	-1.68758	-4.70071
-1.42057	-1.2791	-5.32446	-0.52046	-7.86078
-3.76876	-2.6085	-18.44455	-1.57108	-18.44455
1.88438	1.692	-10.88718	-1.54622	-10.88718
0.87072	-0.3593	-11.62745	-3.14369	-11.24374
-1.48476	-0.8031	-11.29861	-0.80487	-10.62911
-1.37268	-0.6619	-11.97759	-2.19944	-12.13057
-2.9227	-0.6847	-10.25901	-1.87763	-10.25901
-0.12881	-0.1853	-5.6027	-0.47397	-5.6027
-0.77107	-1.9024	-5.81192	-1.8822	-5.81192
-2.6103	-1.4167	-12.01885	-2.0025	-16.16805
-2.01663	-1.5414	-11.86805	-1.76684	-11.86805
-2.69173	-2.5793	-11.74299	-0.73777	-11.15078
-3.30061	-4.5327	-9.74309	-0.77628	-4.24146
-1.99927	0.3997	-12.52198	-0.94318	-12.09904
-1.41315	-0.318	-11.69646	-0.05229	-11.69646
-1.86424	-0.0838	-11.80553	-1.69392	-11.80553
-0.62377	-1.0334	-8.80246	-0.65006	-8.80246
-3.23635	-2.0246	-10.09435	-2.00431	-10.18759
-2.69854	-2.3668	-7.42583	-1.71224	-7.44579
-1.24898	-2.7133	-11.50718	0.04333	-10.83923
-1.01104	-1.0278	-10.31454	-2.41857	-10.31454
-0.70794	1.1265	-9.27267	-0.43044	-9.96045
-3.11173	-0.8751	-9.90803	-1.49328	-9.90803
-0.19349	-0.1861	-8.05363	-1.77395	-6.59798
2.81227	-1.4575	-11.51435	-0.92783	-11.51435
0.87334	-1.1101	-15.1427	-0.57942	-11.00478
-4.64336	-2.8238	-7.90094	-2.61158	-7.90094
-2.46848	-0.9011	-9.94297	-0.38544	-9.94297
-2.5169	-1.7968	-22.25045	-3.25963	-22.25045
-2.85718	-1.8098	-8.0884	-1.38296	-8.0884
-3.06539	0.0209	-8.51235	-0.79996	-8.34529
0.02627	-0.7574	-12.45583	-2.04698	-8.08289
-3.40381	-1.9314	-23.03393	-2.01801	-23.57618
-0.80903	-1.9792	-6.2312	-0.27648	-4.30482
-2.26096	-0.5809	-16.27454	-2.83565	-16.27454
-0.17159	-1.2768	-10.46066	-3.11287	-10.46066
-2.46495	0.2931	-10.03701	-0.72432	-8.635
1.25753	-0.3859	-9.17295	-2.21669	-8.0126
-0.59424	-1.5456	-12.778	-1.16156	-12.778
0.21099	-0.6954	-20.15622	-0.84042	-20.15622
-1.76148	-1.3462	-13.06309	-1.33313	-13.06309
-2.93653	-2.2135	-16.90355	-0.53009	-12.14026
-4.06599	-3.5819	-9.71094	-0.22469	-9.71094
-1.46957	-1.4033	-2.6353	-1.68647	-1.26847
-1.64078	-1.9868	-4.19568	1.06178	-4.19568
-2.64753	-1.9441	-5.79779	1.37156	-5.79779
-0.34699	-1.1011	-48.32933	-5.12238	-48.32933
-2.85115	-0.0363	-9.8923	-3.99131	-9.8923
-0.90198	-0.4698	-42.83458	-0.36454	-20.50721
-2.01158	-1.0306	-35.21098	-6.44025	-23.11543
-0.86614	-2.7223	-17.76235	-2.95473	-17.76235
-1.15089	-2.4622	-13.00822	-0.1016	-13.00822
-1.34998	1.2476	-34.64891	-7.58931	-31.73822
-4.00068	-2.7726	-37.74202	-3.87601	-37.74202
-1.42997	0.966	-23.88503	-4.45314	-21.70941
-1.09287	-1.0806	-9.80317	-2.61755	-9.80317
-0.91678	0.1647	-9.12095	-2.34111	-9.12095
-0.36102	-0.3618	-9.61773	-0.44771	-9.61773
-0.57726	-1.9285	-11.48679	-2.48132	-11.48679
-0.94063	-0.8144	-9.77978	-5.71585	-9.77978
-2.27985	-1.9498	-9.55097	-2.75109	-9.55097
-1.10205	-0.697	-8.45262	-3.04104	-8.45262
-0.50792	-1.3335	-10.31282	-1.86084	-7.13186
-0.76591	-2.4407	-11.18769	-2.58501	-11.18769
-1.04582	-1.4239	-11.40373	-2.43168	-12.13735
0.34523	-0.5743	-12.65929	-3.30388	-10.34309
-2.43119	-0.8823	-12.54911	0.84817	-8.76077
-1.7557	-0.6518	-17.30445	-9.13976	-17.30445
-2.82043	-1.5748	-12.52282	-1.42446	-10.75941
-0.31001	0.5953	-10.98052	-3.86442	-11.46829
-1.03414	-0.0333	-13.82098	-2.96725	-14.99224
-1.55822	-2.4003	-11.57841	-3.28069	-11.57841
-2.31551	0.242	-14.62206	-2.85934	-11.93706
-2.59701	-0.3554	-15.28072	-4.22331	-11.17089
-1.92978	-2.5434	-16.63555	-2.67718	-11.4489
-3.09486	-1.6961	-13.28365	-2.35698	-12.30265
-2.86447	-1.5669	-5.13449	-1.31741	-5.13449
-2.79713	-1.8037	-5.2787	0.63035	-5.2787
-3.02168	0.9239	-11.06834	-3.35183	-11.06834
-0.87828	-1.4022	-11.37752	-3.6245	-8.81349
-2.43248	-0.6351	-28.37597	-5.05415	-28.37597
-0.30473	-0.6652	-13.00834	-2.81805	-13.00834
-0.63245	1.581	-10.71616	-0.43948	-10.71616
-0.28508	0.2062	-11.40064	-3.24709	-11.40064
-1.13424	0.9607	-10.80179	-0.3804	-10.80179
-3.43819	-2.4773	-9.1021	-1.93356	-9.1021
-1.39584	-0.8567	-8.89546	-1.13798	-8.89546
-3.32133	-2.0674	-6.72024	-1.10593	-7.91217
-0.12783	-1.2191	-15.41792	-2.37546	-15.41792
-1.67171	-1.2851	-10.99578	-2.02511	-9.18651
-2.05326	0.9128	-9.74633	-0.29239	-8.10575
-2.29348	-1.5796	-15.14694	-2.40569	-10.85422
-3.16828	-0.1977	-11.07009	-2.695	-8.18536
-1.70055	-0.4438	-10.16341	-0.28771	-5.22355
-2.9818	-1.6136	-4.6701	0.07301	-4.6701
-3.03722	-2.5518	-12.38064	-3.78039	-12.99416
-3.36711	-3.4162	-12.16742	-1.42602	-12.16742
-2.09572	0.3453	-6.67968	-0.30603	-6.67968
-1.19312	-1.7059	-4.75338	0.41459	-2.7347
-0.50328	0.9345	-10.34996	-3.00806	-8.22425
-2.84418	-0.5284	-12.84406	-0.91998	-10.80677
-1.56457	-0.1188	-12.38443	-1.18509	-12.38443
-1.57673	-0.7021	-8.56653	-1.25223	-7.58289
-1.2205	1.2399	-6.46247	-4.87738	-6.46247
-2.1181	0.0657	-11.13266	-1.36108	-4.02045
-2.35818	-1.2867	-5.33465	-0.32789	-4.80831
-0.58199	-0.9345	-9.23564	-2.8224	-10.71144
-4.02454	-1.9196	-8.8836	-5.21225	-8.8836
-2.01867	-2.3116	-7.52046	-2.2734	-3.01141
-3.50819	-4.8533	-7.68908	-2.36132	-2.85246
-3.86462	-0.8937	-5.28296	0.74656	-3.8664
-0.51157	-2.1721	-10.00833	-0.15618	-10.13728
-1.55475	-0.8169	-5.24782	0.2985	-1.30746
-3.77916	-4.9229	-11.95345	-3.41974	-12.28284
0.80349	-1.5211	-11.04031	-1.22255	-8.95483
-2.9736	0.0897	-8.58582	0.34356	-8.58582
-3.94787	0.3529	-9.44574	-2.97796	-9.60527
-2.13459	-0.354	-3.55905	-2.15567	-2.62729
-2.76646	-1.2287	-5.76199	-2.15917	-3.59527
-2.51604	0.2411	-11.59564	-1.03417	-10.25309
-1.91358	-2.3476	-5.41878	-4.64227	-5.52687
-0.19583	-0.8284	-6.40927	-1.47005	-1.76743
-0.5274	1.2547	-10.49167	-0.80916	-10.49167
-4.09449	-2.0251	-7.1794	-0.55533	-7.1794
-1.70723	-1.8613	-10.71561	-1.13712	-10.71561
-3.50978	0.4976	-8.79253	-1.24628	-8.79253
-2.61338	0.7729	-10.96072	-2.56617	-10.96072
-1.62747	0.9487	-12.63901	-1.68567	-12.63901
-2.85562	-1.0214	-7.75909	-0.4324	-7.75909
-1.10609	-1.6586	-5.27579	2.388	-5.27579
-2.77753	-1.581	-9.50054	-2.07433	-3.63366
0.07555	-0.4418	-6.42275	-1.66412	-2.63759
-1.02779	0.544	-11.77082	-1.36284	-11.86144
-2.37699	-2.436	-8.01769	-1.11282	-4.05319
-1.83782	-2.4133	-5.18083	1.49712	-2.09742
-2.98906	-2.8311	-8.258	-0.90089	-8.75873
-1.44993	0.1049	-8.85207	-0.37391	-4.95613
-1.04692	0.4541	-11.96213	-2.53536	-11.96213
-1.16446	-0.0328	-9.29938	-0.2808	-7.79575
-0.80757	-0.5929	-4.45537	-0.49236	-4.45537
-2.84706	-2.3907	-4.50539	-1.81822	-4.50539
-1.40973	0.1965	-4.89819	-1.34793	-4.52206
-1.469	-0.5618	-10.88643	-2.04122	-10.88643
-0.40534	-1.9095	-25.69803	-3.24013	-25.69803
-1.78549	-0.8833	-19.90594	-3.89692	-16.70538
-0.82201	-1.6768	-13.84161	-0.08554	-13.8894
-1.23142	-1.5666	-15.68406	-1.16885	-15.68406
-1.08022	-1.2999	-9.35912	0.27242	-9.35912
-2.46097	-1.926	-8.33962	-1.23659	-8.95785
-3.62604	-1.2108	-4.05687	-0.54813	-3.61569
-2.5657	0.6786	-4.94086	-3.68272	-4.1127
-2.04888	-1.1116	-11.12536	-2.70557	-13.4044
-2.25267	-0.2128	-4.35938	-3.02548	-3.08215
-0.85166	-1.2438	-11.90377	-4.16737	-11.90377
-3.30617	-3.7581	-13.73172	-2.21915	-12.51663
-1.46835	-2.092	-9.33692	-2.8227	-9.33692
-0.48636	-0.494	-11.57429	-5.16815	-15.32438
-2.18727	-0.3353	-9.34154	-3.31501	-9.14054
-1.11656	-0.8745	-12.72597	-2.56259	-8.21923
-1.93492	-1.8721	-12.27584	-3.94579	-14.02102
-0.51807	-1.5663	-14.01756	-3.13385	-14.01756
-0.29416	1.9384	-15.26259	-3.43591	-9.52395
-3.11725	-2.3419	-14.28259	-2.45921	-14.28259
-0.11479	0.579	-13.73087	-2.93185	-10.49456
-1.31291	0.5803	-16.72914	-1.52172	-9.67359
-2.20742	-0.2904	-19.40246	-3.38187	-14.50565
-0.97434	-0.1067	-8.06036	-0.84028	-8.06036
-0.37901	-0.5088	-4.423	-2.5881	-4.423
-2.29146	0.2329	-5.12447	-2.75923	-3.37802
-2.64692	-0.7391	-4.10965	-0.81137	-4.34158
-2.99389	-2.9352	-5.57421	-0.69194	-4.48704
-4.12123	-2.0399	-5.21727	-0.16362	-5.21727
-1.8263	-0.2403	-5.1094	0.19212	-3.22847
-4.40936	-2.7811	-5.47195	-1.62481	-4.22509
-1.5476	-2.0679	-3.35825	-1.53811	-3.35825
-1.42542	-0.6176	-1.86581	-0.27818	-1.90056
-1.87152	-0.6031	-5.25062	-1.64983	-5.25062
-0.50702	-2.3228	-4.56842	-0.04351	-4.56842
-4.32474	-3.1758	-6.33288	-1.32728	-4.01704
-2.02623	-1.0347	-4.13728	0.7717	-4.13728
-1.12601	-0.9597	-4.10806	-1.3484	-4.10806
-1.51302	1.6848	-4.99307	0.3447	-2.30453
-1.20958	-2.1199	-3.26557	-1.22555	-4.08047
-1.98666	0.0721	-4.56812	1.28038	-3.01113
-2.26553	0.084	-2.75159	-0.27423	-3.6002
-2.57857	-0.4632	-3.36449	-1.25193	-2.62572
-0.86118	-0.2102	-1.95841	-0.93428	-1.44638
-0.10878	-1.1053	-5.12057	-1.10191	-0.40934
-3.26015	-1.1837	-5.06654	-0.22386	-2.89348
-0.96667	0.5811	-4.87922	-0.10298	-5.51317
-2.56147	-2.6741	-5.9911	-0.20394	-5.9911
-0.45555	-0.547	-5.95736	-0.10024	-5.95736
0.67394	0.4342	-3.05733	-0.68967	-3.83724
-2.01746	-0.8736	-3.32951	-0.60922	-2.8387
-2.14185	-1.7437	-6.29109	-0.51673	-5.91599
-1.55671	-0.6602	-6.15033	-1.553	-6.15033
-1.88994	-1.6524	-6.27326	-1.11889	-6.27326
-1.37732	-2.1694	-6.34422	-1.99946	-6.34422
-1.16504	-0.6605	-6.902	-2.36475	-6.902
-0.5428	0.7042	-26.83595	-3.84341	-26.83595
-1.30645	0.1667	-10.72517	-0.89718	-10.20185
0.14826	2.0784	-10.80393	0.86071	-10.76114
-1.07555	-1.0167	-6.95503	-0.04638	-6.55793
-1.55159	-1.0527	-0.20751	-1.3589	-0.20751
-3.11441	-0.5016	-4.51963	-0.71415	-4.42124
-0.09571	-0.7712	-18.21706	-2.45259	-16.26649
-0.59757	0.4829	-13.69267	-1.64736	-12.18843
-2.1809	-0.9346	-28.12492	-4.48728	-32.31758
-1.98269	-2.1328	-22.95759	-3.02484	-22.95759
-1.63451	-1.6383	-31.02168	-1.15186	-33.37606
-2.15575	-1.5293	-9.15796	-0.36069	-9.15796
-2.0009	-0.4746	-7.19788	-2.3907	-7.19788
-3.69854	-2.4651	-8.27406	-2.02663	-8.27406
-1.35398	0.7732	-5.09621	-0.967	-5.09621
-2.41007	-2.0032	-4.25194	-0.84631	-4.25194
-0.27888	-1.1061	-1.30072	0.54998	-1.30072
-1.50934	-2.1843	-3.56533	-0.40662	-3.56533
-2.15276	0.4442	-6.62887	-1.47304	-4.6719
-2.64429	0.6467	-3.61884	-1.17053	-4.98818
-1.72173	-2.6373	-8.38254	0.40398	-4.39289
0.34556	1.4239	-6.47207	0.36142	-6.47207
-2.84836	-2.4964	-9.14708	-0.89962	-9.14708
-1.87574	-0.4668	-9.6053	-2.35323	-9.6053
-1.25959	0.7288	-18.41843	-2.45699	-18.41843
-2.04277	-1.1775	-8.82473	-3.05215	-8.82473
0.73084	0.6621	-12.58173	-0.89365	-12.58173
-1.42893	0.6965	-7.61276	-1.9954	-4.73244
-1.00246	-0.6085	-7.59494	-1.58123	-5.1132
-1.83252	-1.8719	-7.67405	-1.96125	-4.05946
-0.32033	-1.1409	-7.05729	-2.35721	-7.05729
-2.15209	-0.7511	-8.08102	-1.18838	-8.08102
-2.3082	-0.391	-7.69717	-0.46609	-4.79014
-2.6192	-0.74	-9.29427	-0.17405	-9.29427
-2.00058	-0.94	-11.92837	-2.58089	-11.46308
-1.79916	-0.8921	-10.95801	-3.30098	-10.95801
-2.96139	-1.5766	-9.43781	0.09087	-9.43781
-1.73958	-0.715	-22.29205	1.76873	-22.29205
-1.24354	-1.4833	-10.38495	-2.51171	-10.38495
-2.22461	-0.4127	-14.09028	-0.26738	-14.09028
-2.15325	-2.3952	-15.09248	-3.38831	-15.09248
-2.89847	-1.491	-8.02651	-2.51007	-6.61181
-2.71846	0.7409	-8.70687	-2.28373	-8.70687
-2.09744	-1.6342	-5.83412	-1.97805	-8.62701
1.24845	0.6653	-5.36028	0.1798	-5.36028
-2.01355	-2.966	-1.39562	0.77006	-1.39562
-2.14286	-1.2159	-12.10116	-2.11433	-12.10116
-1.31223	-1.4852	-7.13533	-0.64455	-7.13533
-2.18369	-2.7884	-4.78473	-1.09336	-4.78473
-1.9183	-0.9542	-4.00537	0.25561	-0.76174
-1.29756	-1.4763	-5.09452	-2.64468	-5.09452
-1.82981	-0.0341	-16.22969	-6.23272	-16.22969
-1.11677	1.5883	-17.98317	-4.93633	-17.98317
-3.5119	-1.4494	-14.18952	-0.94113	-14.18952
-1.24973	-0.0588	-11.89493	-2.19625	-11.89493
-1.382	-1.4652	-3.79478	-1.33987	-3.79478
0.00061	0.4174	-2.76849	-0.12557	-2.11633
-0.48456	-1.4978	-1.81411	-0.84364	-1.09572
-0.24675	0.7758	-3.19112	-0.69433	-2.56572
-0.25854	1.3251	-5.40948	-0.7288	-5.40948
0.83282	0.9846	-4.26573	-0.63142	-4.26573
0.39294	-0.5569	-3.49018	-0.76754	-2.95217
-2.41894	0.6837	-5.22724	-0.99799	-5.22724
-0.0271	-0.7729	-6.56217	-0.70209	-6.05016
-1.69324	-0.1562	-5.27839	0.26286	-4.64891
-2.31406	-1.2941	-5.67734	-0.89793	-5.60189
-4.53552	-4.7098	-4.48519	0.66744	-4.48519
0.51629	0.8908	-4.63395	-1.58399	-4.63395
-2.07229	-0.2865	-7.04973	-3.17546	-6.33498
-1.45609	0.4399	-5.07306	-0.62214	-5.07306
-0.71189	-1.627	-5.31545	-0.84435	-5.0006
-1.63265	-1.0415	-6.63563	-1.34661	-5.3391
0.09193	0.9407	-4.78443	-1.08193	-4.78443
-3.34607	0.462	-5.24846	1.18367	-5.24846
-1.19071	-0.7424	-6.10046	-0.58307	-6.10046
-1.43574	-1.3948	-5.80734	-1.146	-5.80734
0.76051	0.0156	-8.214	-1.26475	-8.1739
-1.58062	-0.7827	-7.33222	-0.86757	-5.92061
0.96677	-1.1295	-8.36013	0.54802	-8.27982
-1.38647	-2.6948	-6.59961	-1.50119	-6.59961
-1.27287	0.6914	-8.22437	-0.67828	-7.92039
-2.63885	0.7549	-7.55744	-1.38558	-7.55744
-1.69993	-1.0922	-8.90101	-0.27128	-8.08454
-2.78383	-2.8122	-8.62904	-1.1054	-9.53952
-1.24759	-1.1064	-8.43004	0.54008	-8.43004
-2.16821	-0.4882	-8.19921	-0.76049	-8.19921
-3.04756	-2.1069	-8.53417	-1.68645	-8.53417
-3.01117	-2.5522	-5.8897	-2.1767	-5.8897
-2.08282	-0.0217	-4.6552	-1.30114	-4.6552
-3.34429	-0.805	-4.94827	-0.72745	-2.9772
1.39269	0.1524	-5.0716	-0.14681	-5.0716
0.27784	-1.2153	-14.09268	-1.35804	-14.96549
-1.80951	-0.6832	-6.58081	0.24267	-4.70901
-2.28669	0.4639	-8.3416	-0.6515	-8.3416
-2.09945	0.1046	-5.10745	-0.2543	-4.93224
-2.17431	-0.0453	-4.74541	2.10787	-5.5587
-1.66992	-1.2383	-4.32155	-0.31319	-4.32155
-2.13665	0.3241	-4.32164	0.56349	-4.32164
-3.7692	-2.967	-4.81809	1.01586	-4.81809
-2.9385	-0.9823	-4.91633	-1.62608	-4.91633
-1.61794	-1.6458	-43.04544	-8.58605	-39.14247
-0.90885	-2.7452	-15.74411	-3.25299	-15.74411
-0.32286	-1.2581	-18.05308	-1.11506	-13.07645
-1.94794	-1.6673	-19.17304	-4.46593	-19.17304
-0.31114	-0.5649	-16.2977	-3.3487	-12.99133
-1.76008	-1.2164	-6.08845	-0.76017	-6.08845
-0.25103	-1.2429	-8.86234	-1.23394	-8.86234
-2.56192	-2.4941	-9.11551	-5.43195	-9.11551
-1.65666	-1.3185	-7.97075	-2.39873	-7.97075
-0.43518	0.0978	-6.35231	0.19076	-6.35231
-2.58671	-1.2003	-7.77524	-0.35248	-7.77524
-0.86304	-1.3938	-8.3656	-2.52568	-8.3656
-0.18292	-0.2302	-5.00191	-1.45814	-5.00191
-3.40207	-2.2845	-5.40953	-2.14254	-6.43275
-1.70183	0.2461	-10.18998	-2.08752	-10.18998
-2.49674	-2.0452	-9.45997	-0.6039	-9.45997
-0.52434	-2.042	-7.02192	-1.14851	-7.02192
-3.07377	-1.898	-8.9345	-3.13466	-8.40476
-3.09929	-1.4633	-8.51197	-3.02781	-7.89655
-2.23121	-1.7105	-6.24002	-1.16066	-5.37349
-2.29415	-1.4743	-6.95184	-1.8443	-7.66146
1.42325	-0.6927	-8.69456	-1.83195	-8.9029
-2.17147	-1.7686	-8.90814	-1.23798	-6.55675
-1.01391	0.1398	-9.32494	-1.2348	-6.72561
-1.36824	0.6474	-8.99649	-2.42221	-5.94841
-1.72511	-1.1694	-9.47099	-1.45352	-8.93818
-2.04754	-1.3822	-8.85845	-1.17187	-8.85845
-1.10966	0.5461	-7.55076	-2.87436	-7.36666
0.20525	0.6724	-5.71932	-0.49826	-6.26112
-2.66903	-1.317	-9.21409	-1.93491	-7.64524
-3.56287	-0.3036	-9.84793	-2.13123	-7.37309
-1.4123	-1.5442	-8.38451	-1.26811	-5.02142
-1.93356	-2.3289	-12.43453	-0.54989	-12.43453
-1.78834	-2.4751	-7.41256	-2.5397	-7.41256
-1.25499	-0.4046	-7.53562	-1.39875	-8.17841
-2.47511	-2.4863	-9.17087	-2.45355	-7.57645
-1.93527	-0.4014	-7.10351	-0.77942	-5.12847
-2.03372	-2.2403	-5.59722	-4.97953	-5.59722
-1.68415	-2.6856	-8.82352	-1.81646	-8.26059
-1.31011	-0.3975	-8.33377	-0.34702	-10.04019
-0.7202	-3.2485	-8.15211	-1.57074	-6.15725
-1.94413	-1.1311	-5.98833	-1.86621	-4.54081
-2.73817	-2.1136	-6.34744	-2.44249	-5.09275
-0.78159	-0.5408	-7.20576	-0.15284	-7.20576
0.02072	1.2318	-8.46386	-1.4682	-8.46386
-2.08044	0.3698	-9.41856	-0.32924	-4.26892
-1.4445	-1.388	-7.5947	-4.60306	-5.69648
-4.35448	1.4732	-9.6119	-1.72519	-9.6119
0.21669	-0.1903	-7.03328	-2.04082	-7.98049
-3.20346	-1.2256	-8.93648	-0.41129	-6.76618
-2.05204	-0.905	-5.60338	0.33848	-5.49159
-2.13427	-0.1497	-3.50585	-1.24196	-3.50585
0.53819	1.1309	-7.88709	-2.22168	-7.64975
-2.04564	-0.657	-7.80147	-0.38912	-7.39647
-2.05856	-1.9226	-6.07311	-0.93075	-6.1711
-1.35779	-0.3753	-9.51224	-1.07669	-8.65293
-1.58689	-2.5789	-13.47141	-1.95034	-13.47141
-1.36342	-2.9137	-6.13681	-2.05566	-6.13681
-2.64124	-0.6172	-6.73631	-1.72613	-6.73631
-3.76891	-1.7808	-7.96501	-1.65786	-7.96501
-1.6783	0.332	-9.31115	-1.30814	-9.31115
-1.63221	-1.7528	-5.8552	0.30938	-5.8552
-2.32211	-2.7988	-18.45117	-5.05325	-18.45117
-0.156	-0.1191	-7.30998	-2.17076	-5.72233
-3.41307	-1.5523	-9.27386	-1.93075	-9.27386
-1.91776	-1.41	-8.27395	-1.69866	-6.91766
-2.62263	0.0256	-9.34042	-1.8234	-9.82038
-1.48218	-0.6549	-6.43951	0.06429	-6.43951
-0.97089	1.0417	-6.82033	-2.98973	-6.16248
-0.42116	-1.0306	-11.05078	-3.47106	-8.15202
-1.28228	1.0638	-3.22263	-1.74269	-3.22263
-0.9829	0.6575	-0.15807	-1.81059	-0.15807
-0.47685	0.478	-3.97682	-1.38564	-3.97682
-0.69181	0.5459	-7.57066	-1.55448	-7.57066
-2.45324	-2.8645	-10.23312	-1.72975	-10.23312
-0.82108	0.3237	-7.72358	-1.50817	-7.72358
0.63023	1.0703	-7.49178	1.03702	-7.49178
-3.23306	-0.6729	-9.56818	0.28322	-9.56818
-0.2032	-1.1405	-8.05426	-1.63851	-8.05426
-2.39651	-0.7712	-6.02361	-2.90361	-6.02361
-3.28757	-0.4175	-6.86428	-0.77172	-4.77004
-1.32787	-2.9275	-7.57783	0.29484	-7.57783
-1.87513	-1.4271	-33.4212	-2.67472	-33.4212
-2.33341	-2.3611	-3.51692	-3.49977	-3.51692
-1.36201	-0.4765	-5.74397	-3.29701	-5.74397
-1.38859	0.0135	-7.01071	-3.34312	-7.01071
-0.5784	-0.5768	-11.70393	-2.80885	-11.70393
-1.86002	0.2452	-9.05114	-2.3897	-9.05114
-2.21078	-0.513	-9.17415	-0.22472	-9.17415
-1.07199	-1.1147	-10.76425	-0.49494	-10.76425
-1.45053	1.1395	-6.76182	0.54042	-6.76182
-1.04244	0.0368	-6.49929	-1.20848	-6.49929
-2.59016	-0.1517	-23.29595	-2.79322	-23.0711
-2.06471	-1.1816	-19.70116	-1.87897	-16.60839
-2.20275	-0.9943	-14.93702	-1.07051	-19.85916
-3.24937	-2.5248	-21.72948	-0.61349	-21.72948
-0.07295	-0.3669	-11.52138	-0.67066	-10.83659
-1.45234	-2.04	-15.60965	-2.79496	-15.60965
-0.61677	1.8839	-14.67029	-2.95016	-10.49523
-2.40743	-0.0055	-15.04967	-2.47653	-15.04967
0.05879	0.3482	-29.04286	-1.02365	-29.04286
-1.23666	-2.6504	-26.66024	-2.55168	-19.8201
-0.56512	-0.5384	2.82869	-0.31479	2.82869
-1.35073	0.5054	-5.48272	-1.04121	-5.48272
-1.92544	1.0022	-10.82286	-0.28812	-7.51587
-1.63941	-2.8957	-12.50172	-1.48889	-6.55058
-3.05107	-2.007	-9.07608	-1.52913	-9.07608
-1.87557	-2.1923	-12.20774	-3.06683	-12.20774
-3.85278	-4.9335	-10.70929	-0.68554	-7.90622
-1.57536	-1.9652	-5.97598	-0.13188	-4.49667
-0.90596	0.5983	-4.62075	-1.14866	-4.62075
-3.70429	-4.2413	-9.00842	-0.05396	-3.70062
-0.40995	0.0519	-17.89004	-3.11219	-16.4538
-1.67599	-0.8342	-4.37232	-0.94469	-4.37232
-2.46044	-0.0539	-11.52931	-1.66365	-11.52931
-2.29803	-1.1321	-3.56478	-1.02262	-2.90718
0.74981	-0.0249	-4.49877	1.02323	-3.73647
-2.66328	-1.5637	-15.37481	-4.10267	-15.37481
0.08422	0.1531	-6.33191	-2.01694	-3.47938
-0.18076	-1.3808	-6.11091	-1.22023	-5.97356
0.01995	1.226	-7.87723	-1.15273	-7.51406
-0.86582	0.5106	-17.65666	-3.88665	-15.6598
-0.32215	-0.4175	-6.48408	-0.15477	-6.48408
-0.06093	-0.4006	-6.35511	-1.484	-4.26062
-3.52534	-0.0887	-4.72398	-1.69145	-4.72398
-2.63744	-2.3142	-4.88345	0.86619	-4.88345
-1.90384	-3.1626	-6.2526	-2.75313	-6.2526
-2.32186	-1.4083	-6.57869	-0.95034	-6.57869
-1.60964	-0.1295	-22.20867	-5.43633	-21.21483
-2.82286	-3.2382	-18.81303	-3.69778	-17.74679
-2.9892	-1.2313	-27.98367	-0.56425	-27.98367
-1.84121	-1.7008	-42.49099	-6.80311	-42.49099
-2.93765	-0.0347	-17.66997	-5.86199	-17.66997
-0.92011	0.2275	-15.66401	-2.85615	-15.66401
-3.40291	-2.6457	-17.6524	-2.6267	-17.6524
-3.12439	-1.5688	-39.57126	-0.73957	-30.62653
-1.30717	-1.757	-19.01611	-3.03758	-19.01611
-2.99563	-1.1744	-17.75275	-1.76261	-17.75275
-0.80539	-0.6774	-14.88943	-3.58861	-14.88943
-1.43377	0.6885	-18.06074	-3.21472	-15.45455
0.22244	-1.126	-6.46171	-0.8811	-6.46171
-2.80542	-0.7658	-10.89548	-0.07626	-10.89548
-1.64129	1.8933	-4.28092	-0.17829	-4.28092
-1.41943	-2.8993	-5.51318	-0.5702	-5.51318
-2.60268	-2.1544	-6.63656	-2.28587	-6.63656
-2.99605	-2.2932	-3.36104	0.82639	-3.36104
-3.5274	-2.7888	-4.55363	-1.48857	-4.55363
-1.30118	-0.2846	-8.72702	-2.19293	-6.80209
-3.3554	-1.3893	-6.75759	0.03678	-4.53775
-1.40446	0.3339	-11.14304	-1.77543	-11.14304
-1.51734	-1.4521	-6.28779	0.76715	-3.30083
-2.54101	0.5336	-4.25898	-1.42856	-4.25898
-2.22704	-2.2179	-5.34864	-3.14776	-5.34864
-0.69777	-0.1336	-7.7945	-2.38666	-7.7945
-2.10269	-1.8525	-8.00194	-1.16825	-8.00194
-1.59658	-1.0228	-11.82169	-3.50882	-11.82169
-2.10991	-1.3677	-5.21866	-2.54776	-5.21866
-1.67825	-2.3824	-4.79267	-0.52594	-4.79267
0.23139	-1.1689	-10.03272	-0.63475	-10.03272
-3.83795	-1.2417	-9.43371	-1.91405	-9.43371
-3.6991	-2.824	-19.1193	-0.54048	-19.1193
-2.19836	-1.6934	-15.00914	1.78557	-15.00914
-2.24125	-0.2816	-17.90533	-1.29948	-17.90533
-2.25758	-1.9305	-15.95183	0.38461	-14.47457
-2.81926	-0.8979	-3.65175	1.49572	-3.65175
-2.97424	-0.6493	-22.30853	-1.52396	-18.42516
-0.85166	0.0238	-4.01511	-1.99108	0.69285
-1.40607	0.5395	-19.0532	-3.603	-19.0532
-1.67443	-2.1253	-22.97293	-3.39702	-22.97293
-0.41364	0.4534	-12.06987	-1.44066	-12.06987
-1.40212	0.4269	-4.33652	-3.10939	-4.26594
-1.01453	-2.2195	-6.41471	-3.92757	-5.85082
-1.13663	0.9219	-4.30212	-2.1573	-3.20689
-1.05951	-0.7593	-3.32192	-3.17069	-3.32192
-2.22995	-2.6163	-5.2704	-1.42184	-5.2704
-2.83657	-2.2425	-2.93308	-1.66615	-2.33792
-1.67854	-1.0222	-6.04526	-2.15045	-3.57268
-1.70973	-1.6757	-11.12125	-1.79212	-11.12125
0.61943	-0.577	-12.02973	-3.27984	-11.00389
-2.19633	-2.1328	-7.94847	-3.53079	-14.61162
-0.66084	-2.203	-9.21844	-2.52116	-9.06345
-1.11492	-1.701	-14.55632	-2.38502	-8.91244
-0.97642	1.3023	-13.55599	-1.40758	-13.55599
-2.23926	-1.1113	-18.88172	1.34008	-10.99307
-1.53953	-1.0332	-13.12788	-3.28516	-12.41662
-1.67356	-0.7063	-12.36529	-2.57195	-10.69562
-3.32625	-3.27	-11.90778	-5.13958	-11.90778
-0.67179	-0.0519	-12.15151	-3.59389	-10.94881
-4.51714	-0.9502	-12.13905	-2.67822	-10.6612
-0.76987	-2.7748	-15.37734	-0.68732	-15.37734
-2.28801	-1.8604	-12.44067	-2.21302	-12.44067
-0.22023	-1.3677	-19.59385	-2.80277	-19.59385
-2.26591	-2.922	-13.04688	-0.33403	-13.04688
0.0415	-0.8973	-13.48076	-2.48511	-10.05343
-1.3556	-0.6013	-23.98135	-2.04043	-23.98135
-2.92328	-1.998	-17.75562	-3.23113	-17.75562
0.82421	-0.4283	-22.15967	-3.10188	-14.38687
-0.09427	-0.2987	-23.22886	-1.47527	-23.22886
-0.63355	-0.6115	-12.27886	-3.26566	-12.27886
-1.10885	-0.7288	-8.34317	-2.99351	-8.34317
-1.38694	0.49	-7.29024	-2.28789	-5.78466
-2.44009	-0.2557	-6.25484	-1.34312	-8.72604
-1.17594	-0.1313	-7.75041	-2.30398	-7.20249
-1.77929	-1.0508	-7.20802	-1.40227	-7.27581
-2.36515	0.187	-9.98575	0.03699	-9.98575
-0.53915	1.1925	-9.09897	0.08261	-7.09914
-3.56357	-0.1521	-3.99713	-1.75147	-3.99713
-3.88964	-3.043	-7.97356	0.24549	-6.68068
-3.22527	-2.5011	-8.58624	-1.36899	-7.98609
-0.84612	-0.6516	-9.98303	-2.45169	-6.50017
-3.81934	-3.5052	-21.45697	-2.48827	-21.45697
-3.27409	-0.0967	-27.53907	-1.84169	-27.53907
-3.83556	-1.4791	-12.32724	-2.76635	-12.32724
0.0129	1.2039	-22.76761	-6.35484	-13.47276
-2.10821	-3.015	-22.06896	-2.86033	-15.85249
-3.83742	-2.8948	-23.0608	-3.32379	-23.0608
-4.0216	-4.2332	-22.2594	-4.7064	-22.2594
-1.38567	-0.4342	-17.10616	-4.65672	-13.45686
-3.508	-3.0365	-14.55157	-5.50627	-14.55157
-3.65159	-1.8946	-3.66219	0.25444	-3.66219
-1.31821	-0.1713	-12.32348	-0.7972	-11.52362
-1.98821	-0.2094	-8.56505	-0.61056	-14.28728
-3.70534	-4.7526	-6.76103	-1.88513	-8.76614
-0.28466	0.4412	-14.44864	-0.98977	-14.44864
-1.76689	-1.9868	-8.61106	-0.45195	-8.61106
-1.62148	0.5535	-9.73683	-2.02193	-9.73683
-2.1255	-0.415	-6.21535	-0.88131	-6.21535
-2.95987	0.8115	-8.62562	0.31387	-8.62562
-0.22548	-1.74	-9.19595	-0.42237	-6.44914
-1.29904	-1.452	-6.47976	-1.3979	-6.67942
-0.87376	-0.9304	-7.96272	-4.77631	-5.28784
-1.22761	-0.4859	-7.28373	-1.2923	-7.28373
-2.66246	-1.5554	-35.81427	-1.38999	-35.81427
-0.66221	-0.322	-10.78292	-2.60321	-8.0332
-0.11479	-0.6622	-12.34308	-1.10532	-13.44493
-1.78841	2.1026	-7.25818	0.34142	-4.65228
-0.34022	0.6254	-37.93213	-3.07769	-24.35987
-0.53641	-0.969	-7.8254	0.28866	-6.60238
-1.40713	-0.3053	-4.05281	-1.09	-4.05281
-1.24362	0.2111	-29.76677	-2.46502	-29.76677
-0.16638	-1.3911	-3.75433	0.38128	-3.75433
-1.592	0.8028	-6.50706	-1.97594	-6.50706
-0.8637	-1.1607	-5.86074	0.90788	-5.86074
-0.96451	-0.2321	-7.09738	-1.00807	-6.206
-1.89619	-1.2392	-8.1174	0.24158	-3.1765
-2.39387	-1.9471	-8.17809	-0.34215	-2.52787
-1.79188	-0.4429	-5.99943	-1.47759	-4.74075
-2.07901	-2.8959	-6.5814	-1.94567	-6.5814
-1.08162	0.4616	-3.83636	-1.50608	-3.83636
-3.11045	-1.9598	-7.04156	-2.56241	-7.04156
-0.37473	-1.3739	-5.71443	-2.29386	-5.25319
-2.41518	-1.3673	-6.88488	-1.58893	-6.88488
-2.38731	-1.9983	-5.8644	-0.86735	-5.8644
-3.5569	-2.6631	-5.55469	-0.27442	-5.55469
-0.0318	0.6377	-5.14712	-1.16222	-4.78622
-1.03777	1.1819	-4.2834	-0.85619	-4.2834
-2.53744	-2.7779	-6.24608	-1.87947	-3.55805
-3.6548	-0.7704	-4.81629	-0.05753	-4.31298
-0.85562	-0.9751	-4.53144	-0.92413	-3.73379
-0.3805	-0.0587	-3.84752	-1.36613	-2.22082
-3.99832	-1.4888	-7.20526	-1.37834	-7.20526
0.5347	-1.737	-4.30147	-1.68835	-3.59239
-1.42797	-0.9438	-6.43001	-1.94056	-6.43001
-0.334	-1.1812	-10.92713	-2.43484	-5.61295
-3.0487	0.1987	-8.43704	-1.97792	-7.31737
-1.52456	0.0285	-7.99565	-1.63801	-7.83138
-2.85652	0.0691	-8.00761	-1.97911	-7.83166
-1.72596	0.9239	-11.86075	-0.77265	-5.82986
-0.64624	-0.1632	-6.30978	-3.86349	-6.78628
-2.43754	-2.5267	-8.69878	3.57064	-8.69878
-2.30711	-0.4711	-39.15759	-1.25529	-39.15759
0.36589	0.0162	-9.51905	0.23233	-9.51905
-2.50201	-1.9381	-21.8833	-0.34379	-21.8833
-0.75965	-0.2888	-27.87795	-7.42417	-27.87795
-2.11272	-0.6843	-5.12815	-2.20598	-5.12815
-1.16757	-0.7703	-5.61393	-1.59003	-5.61393
-4.14597	-2.1789	-8.04263	-0.96785	-6.24177
-1.90906	-1.5936	-13.13442	-3.31453	-13.13442
-1.37822	-1.8768	-5.24152	-2.44077	-5.24152
-2.72178	-1.096	-5.34308	-3.99472	-5.34308
-2.80917	-3.3434	-8.73375	-1.1114	-8.73375
-2.35169	-1.2289	-8.28718	-1.62116	-8.28718
-1.27469	-0.8843	-7.44257	-2.88297	-7.44257
-2.45995	-1.6102	-22.30661	-1.97143	-22.30661
0.29527	-0.6496	-14.05445	-5.13305	-14.05445
-1.54335	-1.7557	-12.97161	-1.5704	-9.84042
-3.77363	-1.9818	-23.87454	-1.35724	-14.10157
-1.62833	-1.9686	-22.55512	-3.97741	-15.16822
-0.5254	-1.7449	-19.00482	-0.41969	-19.00482
-1.86008	0.6037	-9.32707	-2.06439	-9.32707
-0.16845	-1.7023	-6.54989	-1.43639	-6.54989
-1.33906	-0.3256	-15.5112	-1.62617	-13.7927
-1.46144	-1.7573	-15.77637	-3.37317	-15.77637
-3.27607	-0.2805	-18.06838	-2.27381	-16.41537
-2.08214	-0.0284	-18.38942	-3.0434	-18.34049
-3.29286	-1.6513	-6.57956	-1.39112	-6.57956
-0.69207	-1.2592	-6.08789	-1.03611	-6.08789
1.15291	0.3781	-12.49568	-2.86935	-14.6478
-2.94397	-2.5099	-17.09569	-1.95892	-17.09569
-2.67049	-0.2699	-17.68808	-4.31807	-16.65742
-1.56581	-3.3973	-15.59316	-2.35792	-12.7252
-0.17978	-1.1373	-6.58055	-1.36952	-4.67556
-3.63307	-0.6498	-8.32122	-2.25688	-8.32122
-0.19561	-1.284	-16.9017	-3.24855	-16.9017
-1.47352	-3.2129	-10.67868	-2.32329	-10.67868
-1.57383	1.1682	-11.38417	-2.77558	-11.38417
-1.76475	-0.6808	-8.67152	-0.42178	-8.67152
-0.79849	0.8719	-8.37429	-0.70096	-8.37429
-0.7687	-0.167	-5.49287	-1.40408	-5.49287
-1.63897	-1.2276	-6.40495	-0.46009	-6.40495
-2.3153	-0.8826	-13.1514	-3.03736	-11.63201
-2.03575	0.9119	-9.096	-1.87499	-9.096
-1.29012	0.5973	-8.57608	-9.25191	-16.62765
-2.55755	-1.3068	-9.67948	-2.60006	-9.67948
-2.22916	-1.5324	-14.55439	-5.073	-14.55439
-1.54536	-1.4673	-9.00322	-1.89769	-9.00322
-3.45427	-0.9263	-10.13631	-3.08717	-10.13631
-1.84394	-1.2358	-13.21872	-3.16139	-13.13975
-1.13387	-2.6252	-8.34251	-1.8282	-8.34251
-2.231	-1.9583	-12.74209	-0.03347	-12.74209
-1.84402	-1.1249	-11.56257	-1.33969	-11.56257
-1.90431	-2.6851	-16.01458	-2.31683	-10.43277
-0.43024	1.2641	-5.73525	-2.5249	-3.11689
-2.30462	-3.1611	-5.58856	0.0296	-5.58856
-1.32733	-0.8937	-4.22805	0.19153	-4.22805
-1.09674	-0.0795	-11.37597	-0.2032	-9.63696
-2.74782	-0.4323	-9.86424	-0.78385	-8.10102
-1.05689	0.2956	-13.62196	-3.4557	-13.62196
0.4907	0.2	-3.55422	-0.60746	-5.06828
-1.82949	-1.7372	-8.83682	0.4129	-8.83682
-0.35614	-0.003	-2.11095	-1.03189	-2.11095
-0.85089	-0.2426	-4.73326	0.08441	-4.14703
-2.87253	-2.5027	-6.14138	-1.62685	-6.14138
-3.89218	-1.8479	-7.704	2.32201	-4.27849
-1.26742	-1.6576	-4.89617	-2.03654	-4.89617
-3.35326	-2.1499	-5.45383	0.60812	-5.45383
-2.6118	-0.2544	-5.69519	1.3107	-5.69519
-2.25775	-1.2966	-6.00962	0.22409	-4.54668
0.38658	-0.1671	-8.00509	-1.98771	-5.8339
-0.72699	0.1179	-19.62788	-2.3173	-19.62788
-4.43316	-2.5182	-14.25618	-1.50257	-14.25618
-1.59458	-0.7354	-16.12724	-2.47651	-16.12724
-0.36839	-0.0865	-17.99217	-3.85848	-17.99217
-1.74511	0.6468	-9.77336	-3.14693	-9.77336
0.03584	-0.4303	-10.08588	0.4354	-7.6463
-2.24917	-1.9601	-15.76079	-3.77743	-15.76079
-1.57069	0.2475	-8.56837	-2.54427	-9.74817
-1.55078	-0.3282	-12.05238	-1.09513	-8.58394
-1.16025	-1.3971	-7.97544	-1.08647	-7.97544
-1.81142	-0.8823	-8.8352	1.5273	-5.9986
-2.05952	-0.862	-7.53845	0.88198	-7.29716
-3.62918	-2.0682	-8.64463	0.59009	-8.64463
-4.07832	-1.9245	-7.58673	-2.22438	-7.58673
-2.24914	1.1205	-27.30631	-4.10329	-22.13565
-2.92715	-0.1327	-24.58411	-4.03274	-24.58411
-1.95679	0.5841	-15.97379	-3.94415	-15.97379
-4.02659	-2.957	-59.37233	-5.64552	-37.71748
-1.00148	-2.3779	-35.09815	-5.30573	-28.21095
-0.13237	-0.8724	-20.55394	-1.06003	-20.55394
-1.62733	-1.3469	-21.84486	-2.98651	-21.84486
-1.72958	-1.0609	-50.91279	-6.16896	-29.33034
-1.50349	0.1136	-13.97557	-4.35457	-13.97557
-0.72477	-1.1359	-5.1911	-2.13568	-5.1911
-1.73468	-0.4933	-13.08474	-3.0987	-7.90734
0.04643	-0.6386	-9.79444	-2.51584	-9.79444
-1.83239	-0.7303	-4.92746	-0.96137	-4.92746
0.73512	0.2698	-7.90647	-0.93033	-7.90647
-2.98728	-1.0537	-6.79402	-0.03524	-5.70717
-0.92826	0.2824	-9.33905	-1.50659	-9.33905
-1.61448	-1.7217	-9.83883	-0.4372	-9.83883
-2.66069	-1.0766	-6.1425	-1.66914	-6.1425
-3.37232	-0.9675	-11.82068	-2.13536	-11.82068
-4.31107	-1.4421	-6.64589	-1.59234	-6.64589
-1.52051	-0.0909	-40.76643	-1.59715	-40.76643
-2.11633	-1.4825	-19.728	-1.32745	-19.728
-2.27623	-1.7969	-48.14747	-4.43382	-30.63273
0.88914	-1.5966	-20.40792	-1.57964	-20.40792
-1.15872	-0.9952	-8.19971	0.27047	-8.19971
-0.5843	-1.0129	-15.62704	-1.22533	-15.62704
-2.21571	-1.776	-10.12785	-2.16	-10.70619
-1.97016	-1.739	-11.83706	-1.83383	-11.83706
-1.35521	-0.9734	-8.49124	-1.07572	-8.49124
-1.96892	-0.832	-10.44149	-0.69938	-10.44149
-1.65505	0.2524	-11.18662	-2.10188	-11.18662
-0.90298	-0.5629	-6.39657	-0.95925	-6.39657
-1.49571	0.1706	-15.46163	-0.67252	-15.46163
0.61191	-0.5461	-11.75974	-2.42808	-8.51256
0.43261	1.4165	-9.52856	-3.17977	-9.52856
-1.42236	-1.7325	-16.10021	-3.84085	-16.10021
-1.42328	-0.5886	-24.45975	-6.19203	-15.32973
0.39287	0.8177	-25.89383	-4.96772	-18.42512
-1.3926	-0.0952	-27.6464	-6.18	-27.6464
-2.61551	-2.5524	-27.59518	-4.0849	-27.59518
-1.62588	-2.2587	-16.9962	-3.15995	-12.43766
-1.56306	-2.6398	-8.07203	-0.58598	-8.07203
-2.81848	-2.265	-8.02227	-2.53956	-8.02227
-2.63263	0.7627	-10.44956	-2.25463	-10.44956
-0.39628	-0.9295	-20.12366	-1.89898	-16.8251
-3.7688	-1.5189	-18.04089	-4.7174	-18.04089
-2.36115	-0.452	-21.1721	-3.58755	-22.00274
-2.53421	-2.4004	-16.18828	-2.13834	-19.49627
-1.0739	-2.6218	-3.53383	-1.65733	-3.53383
-0.00753	-0.9257	-6.58493	-0.2831	-6.58493
-0.66232	-1.2603	-14.26789	-0.36783	-16.0223
-1.46596	-1.1071	-19.85483	-1.42558	-19.85483
-1.28994	-1.4002	-23.99216	-3.68025	-16.18986
-2.77948	-2.7321	-21.5889	-1.73948	-19.93727
-0.28632	1.5387	-8.1968	-2.10372	-4.09553
-2.32903	-0.7207	-12.94657	-1.14709	-12.94657
-0.03914	-1.3102	-26.72715	-2.30401	-26.72715
0.43045	-0.4523	-8.1314	-0.40988	-8.1314
-0.03834	-0.9248	-9.46734	-1.42519	-9.46734
-2.80699	-1.8675	-9.28422	-0.70376	-9.28422
-0.87807	0.2893	-11.15417	1.77375	-11.15417
-1.12722	-0.594	-73.20175	-3.44815	-75.29347
-1.18897	-2.6098	-8.93294	-0.90496	-8.93294
-1.85042	0.5507	-12.37564	-2.79448	-11.54178
0.60276	0.1325	-10.16825	-2.06653	-8.17086
-1.81784	-0.4658	-4.48549	-1.52297	-4.48549
-1.42861	-0.3861	-4.98027	0.34205	-4.98027
-3.31958	-3.3008	-23.79716	-2.56231	-18.20835
-3.97366	-1.4799	-11.27511	-1.67773	-11.27511
-1.04816	-0.5631	-10.32589	-1.21273	-10.32589
-4.39596	-0.3066	-21.78833	-4.44948	-21.78833
-0.76639	-0.3748	-19.5558	-4.23932	-19.5558
-1.92147	-1.748	-7.05049	-2.45119	-5.12051
-2.10862	-0.7698	-5.80185	-1.51965	-4.76532
-1.98401	-1.433	-3.78274	-1.77317	-5.42338
-1.55884	-0.8499	-7.07432	-1.56127	-7.07432
0.73669	-0.1131	-6.23899	-0.03997	-6.23899
-0.13715	-2.4756	-6.09337	-1.52489	-6.09337
0.013	0.2938	-14.57128	-0.83099	-7.48087
-2.39395	-2.4391	-9.70997	-1.91819	-6.83244
-0.6182	-1.4511	-5.89164	-0.62453	-5.567
-1.30907	0.1048	-3.37615	-1.98282	-3.37615
-2.43634	-1.9688	-7.79673	-0.12022	-7.58801
-1.85414	-2.0125	-2.60732	0.49599	-2.52785
-2.58994	-0.8788	-2.59087	-2.83103	-3.63231
-2.13133	-2.7638	-8.10016	-3.1275	-7.02328
-2.50752	-1.7192	-5.99849	-0.77792	-6.47673
-1.22517	-1.1245	-6.84581	-0.16624	-6.84581
-3.38547	-3.8935	-11.06596	-0.19203	-11.06596
-2.85297	-2.4358	-7.5953	-1.69821	-7.5953
-2.46397	-1.276	-6.11337	-1.79268	-6.11337
-3.10668	-2.225	-6.62517	-1.57221	-6.62517
-0.99518	-0.7685	-13.08043	0.34828	-13.08043
-0.56451	0.4573	-7.03631	-1.79206	-7.03631
-3.11937	-1.2242	-8.43155	-1.39702	-8.43155
-1.60937	-2.2437	-6.15303	-1.90081	-6.15303
-2.13531	-3.1021	-22.48017	-1.6935	-22.48017
-2.81312	-2.2123	-6.95248	1.86234	-0.79132
-2.39478	-0.8014	-15.91723	-8.14318	-8.8209
-1.64107	-1.2759	-8.3034	-1.26066	-5.22926
-1.90482	-1.477	-11.81713	-2.34464	-5.2242
-1.77236	-1.0295	-7.2562	-0.29092	-6.04055
-2.66278	-2.9848	-9.23381	-2.13516	-9.23381
-1.56342	-1.2842	-8.16507	-0.0349	-7.10719
-1.27044	-1.1597	-9.52527	-3.09987	-9.07805
-1.08378	-0.1293	-4.72829	-0.39168	-4.81964
0.33366	-0.2606	-9.05822	-2.86323	-9.05822
-0.8555	0.0947	-7.75014	0.2424	-7.75014
-1.73547	-0.1161	-8.09251	-1.52898	-8.09251
-2.29195	-0.6305	-7.01315	-0.61584	-7.01315
-2.28326	-2.851	-16.97236	-1.33923	-16.97236
1.42922	2.3697	-7.63425	0.21944	-7.63425
-1.98769	-1.3438	-17.99746	-2.59928	-17.99746
-2.59782	-1.0292	-8.94577	-0.50176	-8.94577
-3.36963	-2.4899	-9.92516	-3.4057	-10.09235
-1.00752	-0.9572	-8.66375	-0.22294	-8.66375
0.24515	-1.6145	-4.85588	-0.96879	-4.85588
-3.04276	-2.8276	-3.57573	-1.61853	-3.57573
-2.62112	-1.0276	-5.44597	-1.54087	-6.73753
-2.36562	0.1288	-14.93163	-0.38095	-14.93163
-1.65992	-1.5375	-11.53955	-0.38609	-11.53955
-2.52044	-1.6208	-7.95436	-2.8224	-6.24509
-0.62149	-1.9448	-9.21317	-1.55036	-9.21317
-1.31961	-1.3137	-8.89269	-2.73951	-8.77554
-2.13006	-1.3787	-8.70794	-2.34802	-8.34811
-1.83919	-2.3302	-5.94073	-2.93606	-5.50203
-2.269	-1.9651	-7.08552	-1.76304	-7.91221
0.36657	-1.6722	-9.51921	0.98012	-8.32414
-0.2944	-0.1591	-7.66974	-1.54114	-5.66
-1.2737	-0.861	-8.36275	-3.69727	-6.09668
-0.85571	-2.984	-8.41335	-0.02632	-6.04812
-2.64218	0.5699	-7.4843	-1.16906	-3.2936
-1.62206	-2.8736	-11.31266	3.03318	-11.31266
-1.90272	0.1157	-9.89014	-2.66365	-9.89014
-4.23431	-1.9245	-8.81886	-2.90252	-8.81886
0.49949	-0.2359	-12.82612	-3.5011	-12.82612
0.03778	-0.3605	-12.66254	-0.76159	-4.68561
-0.72726	-1.5226	-8.47864	-0.09814	-6.83114
-1.11124	0.0885	-7.28015	-1.04444	-4.09042
-1.35537	-0.8643	-7.61204	-0.3828	-7.61204
-2.9354	-1.3757	-9.4885	-1.05239	-7.79573
-1.58961	-2.42	-9.06056	-0.28916	-5.04324
0.27195	0.0898	-10.8714	-0.86703	-10.8714
-3.96293	-1.4124	-15.03475	0.43208	-15.03475
-3.62527	-1.8805	-7.5882	-1.04737	-7.5882
-2.65975	-1.0016	-6.83252	-1.63258	-7.4911
-0.81227	0.7801	-9.38125	-1.50875	-7.05409
-0.82653	0.0289	-6.91532	-1.76155	-4.24065
0.52036	-0.5707	-8.2747	0.12357	-3.51191
-0.17139	-0.3523	-5.68032	-0.68242	-5.68032
-0.99071	-2.0658	-7.97172	-1.96339	-8.54041
-1.14843	0.0862	-8.65609	-1.92616	-9.48468
-2.24565	-0.3469	-6.5248	-1.87564	-6.92869
0.0267	-1.3076	-7.77801	-1.04892	-6.16747
-1.15984	-1.6203	-5.81833	-0.77056	-4.2929
-2.73581	1.0179	-6.18835	-2.25071	-4.89762
-2.59664	-0.7238	-12.62998	-1.47005	-7.45272
-1.23516	-2.3315	-7.65553	-0.74317	-7.65553
-0.65814	1.0813	-12.38055	-1.66531	-12.38055
-1.0879	-1.8272	-9.13118	-4.09796	-9.13118
-2.72126	-1.6631	-5.99099	0.46243	-5.99099
-0.6692	-1.5971	-8.31975	0.25328	-3.67813
-1.73304	-0.7009	-8.6242	-1.80555	-4.59616
-2.90543	-2.329	-12.65445	-1.96477	-8.84837
-1.77304	-0.983	-7.13775	-1.38801	-5.61783
-3.19374	-0.6517	-10.7445	-1.78472	-8.55043
-2.64924	-2.0616	-7.12127	-3.43733	-7.12127
-1.87516	-1.6657	-8.3292	-3.10262	-11.02211
0.5607	-2.3579	-5.51407	-2.02079	-4.05997
-1.91699	-0.044	-4.18381	-1.05594	-4.18381
-1.07676	-0.1867	-4.23703	-1.00399	-4.23703
-1.53971	-0.6294	-11.13935	-0.67476	-11.13935
-1.16725	-1.4071	-7.58821	-2.02094	-2.64322
-0.91754	0.8761	-6.99757	-0.02874	-6.89512
-2.95877	0.0976	-3.18742	-1.62864	-2.70684
-2.31965	-0.9788	-7.80209	-1.04175	-6.55613
-1.81792	-1.3711	-3.17417	0.27633	-3.22939
-1.18638	-2.1518	-12.73543	-2.51666	-8.70034
-1.87454	-0.3453	-6.47345	-0.06618	-6.16708
-2.50119	-0.9835	-12.06583	-0.54276	-5.89499
-1.24112	-2.3763	-11.93369	-0.9976	-11.93369
-2.72024	-2.0673	-10.09282	-1.83674	-10.09282
-0.95211	-1.5035	-11.1624	-1.07092	-11.1624
-2.13802	0.8311	-8.64636	-3.06779	-8.64636
-2.52939	0.9816	-11.33125	-2.19887	-11.33125
-0.74964	0.8486	-6.18779	0.77704	-6.18779
-3.42188	-2.0702	-11.07996	-1.73865	-11.07996
-0.88903	-0.0192	-7.96332	-0.29051	-7.96332
-2.68268	-0.0639	-10.61272	-0.90642	-10.61272
0.42081	0.6263	-7.4126	-0.01232	-2.35956
-0.93079	-1.6001	-8.6107	-2.48558	-8.6107
-0.44765	-0.1742	-5.33034	-0.69027	-5.33034
-1.64296	-0.9126	-10.53134	-0.38714	-3.21725
-0.99959	-0.7188	-8.16868	0.15734	-1.12662
-1.15635	0.3826	-12.97203	-2.09009	-8.95994
-1.70852	-1.0952	-9.80013	-1.22953	-3.50358
-2.51547	-2.749	-10.90807	-1.49529	-7.26366
-2.46778	-0.4935	-8.65949	-0.55338	-3.99978
-0.01041	0.7259	-12.23251	-3.93552	-6.96939
-2.92333	-1.9387	-8.83059	0.56744	-9.15139
1.19506	-0.2489	-7.75805	-1.09079	-3.44343
-2.47531	-0.4891	-7.56203	0.10635	-5.10609
-2.23173	1.2998	-6.54126	-2.88678	-6.81396
-1.02196	-0.2527	-6.79241	-2.13185	-7.0627
-1.64132	-0.2475	-11.02414	-1.7229	-11.02414
0.1058	-0.3374	-11.22322	-0.72521	-8.36857
-2.35882	-1.3695	-10.46875	-1.21738	-10.4178
-0.72341	-0.5167	-6.54471	0.21317	-6.54471
-3.8115	0.592	-7.75059	-1.9918	-9.05851
-1.04126	-0.974	-13.64541	-10.39324	-13.64541
-2.90756	-0.2798	-9.43598	-0.04165	-9.43598
-3.12417	-2.8871	-6.58948	-0.11472	-6.58948
-0.37217	-0.445	-10.95767	-3.5893	-10.95767
-2.28626	0.4973	-8.97341	-3.7118	-8.97341
-0.72154	3.0747	-13.67429	-0.96091	-13.67429
-2.87388	-2.1895	-8.77418	-1.11867	-8.77418
-2.77397	0.4988	-7.15133	-2.28347	-7.15133
-0.8705	-2.0306	-10.87839	-1.26356	-8.56084
-3.51327	-0.2339	-3.50667	-2.24692	-3.50667
-1.688	-1.614	-6.65797	-3.54076	-9.24096
-1.75962	-0.2716	-12.79127	-2.52801	-12.79127
0.11752	0.7051	-9.6466	-0.47515	-9.6466
-1.36688	-0.7903	-10.84978	-2.17236	-10.84978
-1.97509	0.4339	-12.59947	-11.12071	-7.86521
-0.21053	-1.0323	-11.63707	-0.77616	-5.60635
0.25477	0.1865	-10.46505	-0.48699	-6.89671
-1.13567	-1.5161	-9.42641	-2.24125	-8.67131
0.17865	-0.1812	-7.03691	-1.33095	-7.42133
-2.36753	-0.6064	-9.57454	-1.75263	-8.31728
-0.85764	-0.2511	-6.91826	-0.73504	-4.02893
-1.03206	0.184	-10.91563	-1.82252	-9.71663
0.88687	0.2761	-6.26802	-2.1807	-3.8852
-0.75131	0.3343	-15.18746	-2.19917	-8.54967
0.78216	0.2031	-12.0561	-1.71447	-12.0561
-0.745	0.0635	-12.55873	-0.51871	-7.38955
-1.31237	-1.3511	-6.01716	-0.82258	-5.84502
0.9909	-0.2979	-11.85283	-10.64465	-6.72924
-0.79694	-0.0901	-6.94591	-2.67223	-3.15425
-0.08426	-0.1391	-12.20006	-1.66567	-12.20006
-1.25191	-1.0096	-7.22364	-1.09088	-7.22364
-1.32483	-0.0127	-9.54604	-1.1191	-9.76662
1.46008	-0.3053	-6.77438	-3.07612	-5.72898
-1.59066	1.2522	-11.72291	-0.8328	-11.72291
-2.74898	-2.4828	-13.02808	-1.26049	-13.02808
-0.44422	-2.3359	-6.9175	-2.30444	-6.9175
-3.23071	-1.9288	-12.76579	-2.56283	-4.06906
-3.57918	-2.2356	-6.14108	-2.68196	-2.81702
-0.31783	1.1023	-9.73032	-0.32367	-10.5523
-0.95206	-1.6369	-7.69287	1.21885	-7.8942
-2.46915	-1.4591	-14.29754	-3.04565	-9.82913
-1.43404	0.7038	-9.58616	-1.50488	-9.15801
-2.33677	-2.81	-8.83229	0.01972	-7.14157
-1.13748	-0.6506	-10.33154	-2.62324	-6.21497
-3.64639	-3.0708	-13.71443	-2.33161	-13.71443
-0.7369	-1.3575	-8.4828	-3.05247	-8.4828
-3.07451	-0.8383	-10.84085	0.91113	-12.99924
-0.8623	-1.1738	-7.23633	-3.11607	-9.28225
-1.58303	-1.6423	-8.9508	-11.69235	-10.13053
-2.24582	-1.0153	-9.18835	-1.26884	-11.21714
0.54102	-0.2943	-9.51869	-2.38324	-8.46559
-3.50563	-1.188	-6.20958	-0.80247	-7.24242
-0.93512	-0.9004	-8.72264	-1.6168	-3.82472
-0.69706	-1.3224	-11.25224	-1.54448	-11.25224
-1.60173	-1.056	-8.67896	0.02715	-8.67896
-1.95415	-1.9374	-6.58378	0.60241	-6.58378
-1.07494	-0.8248	-6.90222	-1.0933	-6.90222
2.10259	-0.2005	-12.45582	-1.84625	-5.9281
-2.3826	-1.2889	-7.38408	-0.27977	-1.89786
-2.62156	-1.3201	-9.96361	-5.43628	-5.08603
-0.22232	-1.0135	-5.18806	-0.02259	-1.63499
-0.87197	0.1399	-13.80301	-1.66422	-9.44463
-4.46686	-0.2888	-5.04895	-2.0934	-2.37168
-2.10251	-1.4135	-14.45906	-3.84963	-6.09246
-0.86217	-1.8857	-12.08489	-8.66745	-12.22129
-0.20174	-0.0983	-9.70703	0.26356	-8.9377
-2.16173	0.2739	-7.03737	-0.71695	-5.59083
-1.91624	-3.1287	-12.12229	-10.74555	-8.77011
-2.7835	-0.2455	-14.39122	-1.99668	-14.39122
-1.97956	-1.2264	-10.73215	-2.14387	-10.73215
-0.29383	1.2485	-11.70623	-2.2243	-9.86474
-2.35175	0.257	-7.3177	-3.50542	-7.40767
-2.02943	1.2064	-11.98604	-2.59355	-8.91323
-2.37501	-1.2432	-8.26907	-2.32626	-8.26907
-1.25837	0.5511	-13.12728	-0.58253	-13.12728
-0.15995	0.0185	-9.20281	1.01544	-9.20281
-1.41057	-0.3821	-5.3323	-2.27003	-5.3323
-1.22227	-1.1359	-9.25597	-1.97886	-9.25597
-2.70763	-0.6829	-4.6358	-3.1017	-4.6358
-1.87354	-1.6424	-6.50053	-1.14477	-6.50053
-1.93757	-1.4515	-8.70212	-1.75307	-6.71959
-2.47897	-0.4772	-8.16537	-3.85996	-3.94799
-1.84719	-0.2628	-11.36205	-1.73387	-11.36205
-2.51291	-0.9902	-9.88513	-4.41082	-9.88513
-1.1343	-0.5972	-6.49347	-1.7029	-6.49347
-0.74156	-0.6318	-16.72738	-2.32207	-16.72738
-2.23214	-0.3439	-18.59713	-3.3537	-15.54831
-1.93512	-2.2188	-15.20762	-2.61413	-15.20762
-1.40223	-0.4054	-14.84081	-1.96894	-14.84081
-1.54756	-2.0011	-21.11291	-2.41829	-21.11291
-3.17655	-2.2734	-10.40271	-0.9383	-10.40271
-0.24913	-1.1762	-15.34885	-3.11405	-15.34885
0.24658	1.0144	-16.49396	-3.36305	-16.49396
-0.8352	-0.958	-6.54655	-0.12179	-6.54655
-0.53553	-2.1117	-6.07495	-1.39504	-6.07495
-1.18869	0.4799	-9.10878	-1.49185	-9.10878
-1.52037	-1.5501	-7.7249	-0.29432	-7.7249
-2.02429	-2.6377	-6.29558	-1.83572	-6.29558
-1.67934	-0.9235	-6.03504	-0.12945	-6.03504
-4.71066	-3.1677	-3.1652	-2.28499	-3.1652
-1.20493	-0.7909	-9.88258	-0.90718	-9.88258
-1.26683	-0.3966	-9.41991	-0.4979	-9.41991
-1.78958	0.5405	-2.15786	-0.61295	-2.15786
-1.28653	-1.5211	-5.62682	-3.0358	-5.62682
-2.59546	-2.3134	-8.43546	-2.37653	-8.43546
-1.8354	-0.2243	-35.9778	-3.21746	-35.9778
-1.87199	-1.4546	-18.14239	-4.44885	-18.14239
-3.4156	-0.9749	-7.83719	-2.14247	-7.83719
-1.45123	-2.1072	-8.39475	-1.34648	-8.39475
-3.42456	1.2861	-11.09875	-3.19285	-11.09875
-1.73249	-3.2399	-50.82764	-1.92893	-50.82764
-1.75068	1.9344	-25.29326	-2.24039	-25.29326
-2.28039	-1.7115	-7.18121	-2.35314	-7.18121
0.82668	-1.4898	-37.95976	-3.0572	-37.95976
-0.82646	-0.7359	-41.73913	-4.26626	-41.73913
-2.6229	-1.1577	-15.24731	-1.10209	-15.24731
-2.46515	-2.2669	-6.6339	-6.97807	-6.6339
-2.65795	-3.4632	-7.10424	0.03128	-7.10424
-3.82369	-1.547	-6.25032	-1.57182	-6.25032
-1.44814	1.5842	-9.12141	-1.0886	-9.12141
-0.11455	0.8021	-6.73197	0.40376	-5.0664
-1.0246	-1.0279	-6.10781	-0.92978	-6.10781
-1.53029	-1.6815	-6.32293	-0.81524	-4.98587
-0.90729	-1.3038	-5.14795	0.28566	-5.14795
-1.57407	-1.2909	-5.5474	-0.86531	-5.5474
-1.40478	-2.4858	-22.50233	-0.63276	-22.50233
-1.91517	-0.9109	-22.8609	-3.64814	-20.08127
-0.49875	-2.6383	-7.36757	-2.17259	-7.36757
-2.93552	-1.9494	-6.35959	-0.41643	-6.35959
-1.83245	-0.7173	-7.05402	-1.53654	-7.05402
-2.38182	-2.245	-7.49338	-1.86063	-7.49338
-2.75454	-2.2559	-6.78663	-1.51465	-6.78663
-1.9732	-0.2319	-8.72532	-0.68208	-8.72532
-1.87318	-0.1686	-7.0535	-2.28069	-7.0535
-3.27887	1.1323	-7.87302	-1.32614	-7.87302
-1.56873	-1.1283	-8.77704	-0.04524	-8.77704
-1.11863	-1.5037	-6.44413	-0.72723	-5.54578
-0.59845	0.7984	-7.28791	-0.47491	-7.28791
-2.98707	-2.9124	-7.49481	-0.03622	-7.49481
-2.43944	-1.632	-7.5124	-2.47923	-7.5124
-1.6182	0.1265	-11.74336	-2.53913	-11.74336
-2.80836	0.4291	-7.09677	-2.49779	-7.09677
-0.07564	-1.3264	-1.59866	-1.41384	-1.59866
-1.7424	-0.2275	-8.2823	0.06682	-6.59252
-1.00272	-2.7176	-6.70594	-1.89638	-6.70594
-1.93481	-1.0674	-8.33201	-1.08999	-7.07434
-0.87389	-1.1223	-7.32193	-3.19439	-6.15323
-0.83543	-1.2647	-2.35578	-1.55897	-2.35578
-1.1981	-2.5682	-3.04595	-0.78735	-3.04595
-1.12921	0.7215	-8.91738	0.85462	-8.91738
-0.6267	-0.3895	-9.3382	-1.60944	-9.3382
-2.59148	-0.3853	-8.39074	-2.63391	-8.39074
-1.26449	-2.1082	-7.23743	-2.91573	-7.23743
-0.663	0.7448	-7.56387	-2.25503	-7.56387
-1.50156	1.011	-23.73144	-3.42801	-23.73144
-1.71176	-0.9087	-21.86519	-2.95472	-21.86519
-1.13612	0.872	-4.34276	0.61374	-0.38995
0.06745	-0.7894	-19.43407	-1.60776	-19.43407
-1.50652	-0.8387	-20.53227	-1.89609	-18.38872
-0.64403	-0.3381	-16.13313	-2.46666	-16.13313
-2.36512	-0.2523	-19.47703	-3.34953	-15.97252
-1.47003	1.1501	-93.45246	-3.41541	-78.39122
-1.28132	0.1884	-9.75933	-4.14341	-8.68635
-1.08063	-2.0598	-82.20195	-7.12999	-68.94848
-2.06641	-1.0164	-7.24512	-0.30397	-6.17265
-1.01671	-1.2341	-41.69978	-0.28721	-41.69978
-2.97836	-2.9629	-8.58591	0.36444	-8.58591
-2.67084	-0.1742	-8.13558	-0.71383	-8.13558
-0.21593	-1.0354	-13.19791	-2.72077	-13.19791
-0.69621	-0.9365	-9.54655	-1.53627	-9.54655
0.78926	0.9812	-5.49811	-1.59267	-5.49811
-3.25059	-2.3029	-5.11413	-2.16328	-5.41742
-4.92683	-1.8166	-10.17307	-0.18782	-10.17307
-2.73718	-0.7432	-8.31156	-3.35025	-8.31156
-1.84245	-1.9685	-8.7435	-0.69982	-7.66893
-1.06265	-2.5238	-7.75388	-0.02294	-7.42282
0.47877	-0.0041	-7.03513	-1.96381	-7.40517
-0.18414	-0.848	-8.57707	-0.67252	-7.12187
-0.30477	-0.9756	-9.70424	0.44033	-7.92089
-2.1396	-0.1907	-7.73529	-1.97008	-6.19557
0.34685	-0.7558	-9.60856	-3.61519	-6.45202
-2.27179	-3.4725	-8.07689	-1.193	-7.5467
-2.87454	0.8649	-9.21462	-1.928	-9.21462
0.4905	0.1145	-7.54873	-0.90923	-8.36454
0.47637	1.2371	-7.43763	0.3268	-5.84411
-2.52077	-0.4427	-8.85917	-1.61087	-7.00892
1.40609	0.8027	-9.9792	-1.5692	-9.9792
-1.54042	-0.2847	-8.16367	-2.36323	-8.16367
-0.89299	-1.5384	-7.14945	-1.83872	-7.8393
-1.32002	-2.3775	-8.21432	-0.93417	-7.03778
-1.36686	-0.78	-3.91752	-2.42922	-3.91752
-2.56137	-1.2537	-6.93695	-0.90902	-5.88835
-1.50472	-2.542	-6.74127	-2.08577	-9.42313
-3.73502	-1.8021	-7.99632	-1.35534	-5.81765
-3.0095	0.5524	-4.37491	-0.89391	-3.60497
-2.05489	-0.111	-7.28628	-3.17945	-7.28628
-3.08597	0.4677	-9.55218	-3.97987	-9.55218
-1.71279	-1.6021	-10.38236	-2.13277	-4.82386
-1.45095	0.0863	-8.73811	-1.45432	-8.60196
-2.04936	0.9307	-7.21648	-2.63098	-7.56246
-1.70767	0.1543	-8.61198	-0.561	-8.24045
-1.51105	-1.5826	-7.47238	-1.69103	-5.70393
-0.36462	-0.8252	-3.69486	-2.40721	-3.9573
1.76222	-0.1047	-7.29066	-2.23358	-7.17685
-1.95855	-0.9677	-7.98127	-0.71082	-7.71836
-1.12424	0.1759	-6.52769	-1.52387	-6.1471
-0.87339	-2.6957	-6.95742	-0.58936	-6.95742
-2.26949	-0.7705	-7.0818	-2.87204	-7.0818
-0.51458	-0.6535	-8.49927	-1.56808	-8.49927
-4.15503	-2.4049	-8.85312	-2.32707	-8.85312
-2.69416	-1.6636	-11.62975	-2.54017	-11.62975
-2.1866	-3.1145	-5.0352	-0.9748	-5.0352
-1.20268	-1.1084	-8.36041	-2.33352	-8.3599
-1.66121	-0.8318	-9.57671	-1.63078	-8.24771
-2.01609	-1.2568	-7.71582	-2.57033	-7.71582
-0.36139	-0.0295	-8.55325	-0.80592	-8.55325
-3.55185	-1.3216	-5.97727	-0.87288	-5.97727
-2.81929	-2.21	-3.69606	-1.41288	-0.3373
-1.68376	-1.9594	-6.20078	-1.59429	-6.20078
-0.74555	-2.6463	-4.18515	-1.2347	-3.63442
0.32377	0.6617	-21.03413	-4.20377	-21.03413
0.08929	-1.3949	-15.45036	-4.75736	-15.45036
-3.72366	-2.1828	-14.40477	-2.36219	-14.40477
-0.53582	1.5711	-10.82639	-2.59968	-10.82639
-2.52468	-2.0081	-11.34241	-2.72915	-9.36984
-3.12906	-3.0815	-16.53651	-3.13575	-16.53651
-1.64845	-1.5422	-43.43448	-3.78441	-28.47977
-1.96433	0.1467	-5.80449	0.19744	-5.80449
-3.00952	-1.3244	-52.1006	-7.12159	-52.1006
-2.13411	-1.0367	-10.24244	-3.29869	-10.24244
0.16558	-0.0668	-11.32396	-3.10327	-8.75375
-2.16469	-1.0855	-10.42909	0.12221	-10.42909
-1.46522	-0.0773	-9.18509	-0.70915	-9.18509
-0.13206	1.8773	-8.36336	-1.38235	-6.48335
-1.17712	-2.0418	-6.16025	-1.65099	-6.05452
-1.83293	2.7777	-11.09085	-1.90548	-11.09085
-1.06742	-2.1413	-10.19004	-1.61252	-10.19004
1.2799	1.0349	-8.63114	-0.76169	-8.63114
-1.93206	0.2346	-12.1425	-4.22084	-11.22446
0.15038	0.8463	-12.72396	-2.1758	-9.11634
-2.15337	-1.1271	-8.85997	-0.11062	-8.85997
-2.08412	0.3178	-10.86393	-2.77523	-10.86393
0.07361	0.3019	-4.24201	-0.24283	-4.24201
-2.93604	-1.3746	-14.05939	-2.16819	-13.58193
-1.79429	-0.9359	-18.22834	-2.62234	-14.6752
-2.64375	-2.9826	-14.96288	-0.53847	-14.96288
-1.79523	-0.0431	-14.53168	-2.44901	-15.72725
-0.05141	-0.9547	-5.43929	-0.19023	-5.43929
-1.02559	-0.064	-7.10669	-1.38521	-7.10669
-1.66596	0.0866	-14.27475	-1.40773	-16.58946
-2.21699	-0.9156	-18.30398	-2.59803	-18.30398
-0.80829	-2.0488	-17.74127	-1.6841	-15.01989
-3.78622	-1.804	-15.87935	-2.4131	-18.37339
-2.74977	-2.6611	-7.98982	-2.06476	-4.97134
-1.14868	-2.7194	-11.5321	-1.13841	-11.5321
1.44495	0.9222	-4.25885	-1.05571	-4.25885
-1.341	-0.6926	-18.61253	-1.87567	-18.61253
-0.97781	-2.0039	-9.7844	-0.8611	-9.7844
-1.58133	-0.824	-11.12685	-3.364	-11.12685
-1.38171	-0.6424	-6.28866	-1.9919	-6.28866
-1.50899	-1.0096	-14.37056	-1.98665	-14.03901
-1.6445	0.3228	-19.61808	-4.06066	-19.61808
-3.5925	-0.3269	-26.13743	-3.49433	-17.85129
-2.66966	-1.3717	-5.68344	-1.66109	-5.68344
-1.51711	-1.0382	-20.59386	-4.45858	-15.41831
-5.52024	-2.0534	-18.41096	-5.7864	-11.37358
-2.30423	-2.3169	-24.81569	-1.01828	-24.81569
-1.08095	-0.315	-18.76161	-2.4418	-12.63422
-2.18327	-0.4959	-26.92528	-3.0266	-15.48881
-1.46863	-0.285	-17.01531	-2.69143	-13.60731
-2.339	-1.2139	-11.18553	-1.70981	-11.18553
-2.21683	-1.561	-3.41733	-0.76164	-3.41733
-0.33837	-0.272	-5.34641	0.29381	-5.34641
-1.83176	-0.2108	-0.91232	-1.48824	-1.01488
-2.18647	0.6987	-7.42598	-1.9756	-7.42598
-2.11155	-1.9727	-11.19648	-2.04523	-11.19648
-2.12275	-3.1488	-9.78523	-0.83338	-9.78523
-1.15494	-0.9448	-10.14861	-0.37246	-10.14861
-0.95921	0.9184	-25.26282	-0.46656	-25.26282
-0.38791	-1.723	-25.8761	-2.33727	-25.8761
-2.24214	-0.1151	-20.03058	-0.4174	-20.03058
-1.56041	-1.9657	-28.28396	-1.61451	-19.357
-1.13094	-1.5761	-18.16588	-3.16274	-18.16588
-2.40963	-1.2694	-34.01844	-3.65242	-23.65083
-2.08143	-2.252	-41.76996	-2.96464	-41.76996
-0.0553	-1.5674	-25.50295	-0.26356	-22.62422
-1.18543	-1.0756	-20.99222	-1.1403	-20.99222
-0.31743	-0.1485	-25.58707	-2.08098	-18.61235
0.27458	-1.2793	-20.6431	-3.17018	-20.6431
-1.39313	-1.6747	-16.9601	-0.55973	-16.9601
-2.42419	-0.0437	-19.69258	-2.65576	-16.57669
-1.01079	-0.8621	-6.68284	0.20682	-6.68284
-2.10159	-1.7655	-11.85765	-3.2544	-9.04474
-2.4369	-2.5824	-6.73066	-1.33763	-6.39789
0.26437	1.1562	-9.0212	0.05575	-5.40282
-1.63085	-1.3651	-6.09277	-1.1946	-5.10232
-2.30825	-1.7765	-5.65429	-3.22591	-6.21885
-2.93271	-0.0736	-21.45102	-4.60078	-16.98643
-1.50564	-1.9739	-15.32537	-2.9405	-15.32537
-0.93859	-2.3804	-17.15212	-3.83138	-17.15212
-1.69619	-1.5191	-17.1359	-3.26637	-15.51845
-3.70238	-0.2127	-8.4826	-2.15641	-9.74062
-2.31096	-0.1816	-20.41194	-0.89501	-20.41194
-1.11509	-1.2192	-8.30927	-1.27171	-6.80622
-1.32635	-1.0345	-6.96976	-3.53336	-6.96976
-2.13725	-3.2436	-12.27363	-3.18755	-12.27363
-1.35402	-1.7405	-7.82153	-3.64215	-7.82153
-1.25873	-0.9564	-5.30801	-2.12834	-5.30801
-1.80921	-0.9544	-10.28783	-0.931	-8.12748
-1.53335	-1.7924	-3.62132	1.20097	-3.62132
-0.2303	-0.4822	-9.0341	0.19251	-8.985
-2.49022	-0.7981	-14.88991	-2.13617	-14.88991
-4.92979	-2.8728	-11.73945	-1.8293	-11.73945
-2.25474	0.8479	-7.64442	-0.75669	-8.24123
-1.43205	-0.6479	-8.09834	0.19453	-8.29254
-1.30521	-0.4575	-5.32553	0.00047	-5.32553
-1.22206	-1.2947	-10.35195	-2.01055	-4.79263
-2.93376	-1.6586	-6.80807	-1.2312	-7.086
-1.50998	-1.0468	-5.43627	-0.81095	-5.43627
-2.9555	-1.8966	-3.2143	-0.42695	-3.2143
-0.01888	-1.4875	-7.77115	-1.15381	-7.77115
-0.885	-1.9289	-6.7308	-1.74327	-5.28694
-0.40266	0.9126	-7.01206	0.61758	-5.7647
-0.6833	-1.3262	-5.23905	-0.66007	-5.23905
-1.27903	-0.2962	-5.23373	0.01394	-4.131
-1.22129	-1.0007	-6.87676	-2.93487	-4.71282
-1.14516	-0.0108	-5.49608	-1.72069	-2.41433
-2.4787	-2.9636	-4.51784	-0.2755	-4.51784
-0.71376	-0.7834	-5.34264	-0.25473	-5.34264
-2.50265	0.2783	-5.67686	-0.38011	-5.67686
-2.1703	-1.3879	-8.93856	-1.54159	-8.93856
-0.8012	-0.5253	-7.73238	-0.72839	-7.73238
-1.37906	-1.2267	-10.06916	-0.61973	-10.06916
-4.4849	0.1428	-8.46234	-2.12835	-4.95529
-3.09515	-3.0659	-6.54168	-0.89558	-6.54168
-2.67739	-1.2859	-10.36608	-1.39597	-10.36608
-3.19364	-1.5451	-3.4673	-1.15416	-5.12945
-2.30231	-2.7013	-7.83033	-0.14152	-5.13405
-2.61685	-2.6354	-8.74598	-2.9312	-8.74598
-3.20821	-0.2848	-9.21079	-1.85883	-9.21079
-4.59352	-2.253	-9.57159	-0.94934	-6.04782
-3.69032	-1.4321	-9.458	-1.8314	-9.87731
-6.99792	-2.9723	-14.70894	-2.91932	-12.7107
0.34499	1.3465	-10.41498	-4.4484	-5.49548
-3.50931	0.9757	-12.11834	-3.02068	-12.53496
-1.58289	-0.5745	-6.29389	-3.26115	-6.29389
-2.72919	-0.7065	-3.91968	-2.41976	-4.43211
-4.48309	-2.1595	-5.79723	-1.12417	-5.79723
-1.76008	-1.2648	-9.30576	-0.52407	-9.30576
-3.16176	-0.1252	-6.32013	-2.40722	-6.32013
-1.67045	-1.2444	-8.68048	-2.95363	-8.55607
-1.49491	-0.8784	-5.96566	-2.98888	-5.96566
-0.57277	-0.5684	-6.24599	-1.44467	-4.47209
0.17638	1.3013	-5.46292	-1.8098	-5.46292
-2.81462	-1.9735	-6.04385	-0.38883	-6.04385
-3.1021	1.3052	-5.33833	-2.01302	-5.33833
-1.63612	0.001	-6.98321	-1.70512	-6.98321
-2.40795	-0.182	-3.98427	-1.51641	-3.98427
-1.03008	-1.8171	-3.45347	0.49203	-3.45347
-1.5734	0.119	-7.28415	0.19339	-7.28415
-1.3243	-0.3447	-8.11318	-3.50022	-8.11318
-2.89342	-1.6932	-17.02934	0.57487	-16.89799
-0.15196	-0.8744	-16.40403	-1.46062	-16.40403
-3.04322	-1.8397	-16.49438	-2.58304	-14.60212
-3.026	-1.4134	-16.04158	-1.69444	-16.39318
-1.97096	-0.1602	-4.40882	1.06415	-4.40882
-2.51851	-2.2272	-12.21437	-2.82259	-15.83916
-3.01368	-0.9179	-15.26049	-2.65834	-15.26049
0.05814	-0.9867	-13.85842	0.36414	-10.82792
-1.07321	-1.1832	-16.50523	-1.15298	-14.8717
-2.05401	0.9876	-10.4501	0.05718	-10.4501
-1.21367	0.2731	-4.76064	0.57939	-3.51916
-3.11878	-2.2982	-15.15285	-1.44649	-15.15285
-0.2253	-0.5014	-8.44959	0.74953	-8.44959
-2.92768	-2.3695	-8.38564	-0.41528	-8.38564
-1.60789	-1.0319	-9.4585	0.43423	-9.4585
1.0173	0.9114	-9.59972	-1.12134	-9.59972
-2.85676	1.1055	-12.55223	-3.51473	-12.55223
-1.10357	-1.8024	-18.45913	-1.87478	-12.28215
-2.18207	-0.2642	-18.75051	-1.95417	-13.10321
-2.22673	-0.3358	-18.35328	-0.72573	-18.35328
-1.61769	-0.4519	-8.88671	-2.75312	-7.10909
-2.36243	-0.1643	-28.98486	-2.72785	-28.98486
0.41274	0.224	-9.46231	-1.22921	-9.46231
-0.4767	-1.758	-16.31529	-1.94601	-16.31529
-0.54599	-2.2751	-20.75655	-2.41545	-20.75655
-2.76972	-0.6342	-12.24261	-1.40459	-12.24261
-2.09874	-0.6112	-38.20573	-0.04252	-38.20573
-2.15054	-0.5642	-6.41997	-1.81218	-6.41997
-3.35464	0.3487	-42.08671	-5.38601	-42.08671
-1.60717	-0.7649	-4.016	-0.47358	-4.016
-1.03441	0.2771	-3.58485	-0.88564	-3.58485
-2.80753	-0.9127	-1.83212	-2.07417	-1.83212
-0.85652	-1.9469	-2.77369	-4.52029	-2.77369
-0.01329	-0.4542	-6.77926	-2.80087	-6.77926
-1.30488	-2.416	-5.6133	-0.95465	-5.6133
-2.24264	-1.5348	-5.02506	-2.09419	-5.02506
-2.9985	-2.3555	-7.86898	-0.46988	-6.37377
-3.25416	-1.5993	-8.18538	-1.36481	-8.18538
0.33439	-0.3332	-3.7194	-0.56387	-3.7194
-1.69001	-1.7475	-7.05753	-1.46743	-7.05753
-0.28546	-0.1017	-9.38886	-3.70474	-5.59073
-1.08522	-1.8227	-7.07937	-3.03588	-7.20809
-2.67608	-2.8838	-9.62771	-0.33943	-7.68667
-0.49354	-2.454	-8.66695	1.65111	-6.0216
-1.54456	-1.3086	-3.67943	-2.2204	-3.67943
-2.58323	-2.4226	-8.81153	-3.53058	-7.83173
-2.27289	-1.2915	-6.8365	0.57528	-6.8365
-1.40389	-2.6367	-5.94287	-2.07014	-5.94287
-1.58324	-1.744	-5.03763	-4.73379	-1.69963
-2.67064	-3.1302	-9.52062	-0.90912	-7.9351
-3.81002	-2.9405	-3.88349	0.98634	-6.26696
-2.61536	-2.5071	-6.48937	1.55974	-7.03958
-3.0128	-2.8518	-8.09774	-0.41641	-5.42786
-3.31658	-3.6452	-9.61394	-1.01253	-4.67643
-3.06798	-1.8708	-8.72841	-1.68143	-3.12134
-3.91617	-2.7144	-7.60943	-2.60225	-3.00322
-1.70952	-0.5543	-3.50114	-1.69328	-3.31855
0.10822	-0.1457	-5.61594	-0.54012	-5.58179
-2.0949	1.2638	-7.70626	-1.04888	-7.40015
-3.59485	-2.1797	-6.37972	-0.93004	-4.07045
-3.10889	-1.0323	-7.14521	0.19826	-7.14521
-3.21739	-2.2729	-5.41878	-0.02278	-4.37315
-3.05971	-1.2286	-7.31774	-1.46764	-3.55213
-1.07132	-1.0692	-4.06541	-0.48255	-3.31347
-2.44103	1.0946	-4.30552	1.12916	-4.29033
-3.39298	-1.4149	-10.35893	-0.5938	-10.35893
-1.89223	-2.8995	-6.72467	-1.12571	-6.72467
-2.3353	-1.8011	-6.78559	-0.52518	-6.78559
-3.0522	-1.0255	-7.21949	-3.2162	-3.10882
-0.73606	0.1663	-5.75362	1.67163	-5.75362
-2.23582	-2.7727	-8.76907	-1.95362	-3.18384
-1.87086	-1.8178	-6.62421	-5.13875	-3.28711
-0.5552	-0.6361	-8.41435	-0.36358	-4.94088
-0.72	0.0504	-5.44064	0.41421	-3.0948
-0.24141	-0.5567	-5.7418	0.74468	-5.7418
-3.0124	-0.6103	-8.24229	-0.96728	-8.40264
-1.73534	-0.6606	-5.67982	-1.40635	-3.42656
-1.41044	-1.7541	-7.79448	-1.05952	-7.79448
-3.44142	-1.2151	-7.72416	0.92759	-7.72416
-0.54297	0.6505	-4.36114	-1.11165	-4.36114
-1.17804	-1.0494	-4.57139	-0.75055	-4.57139
-1.31802	-0.2371	-7.74899	-2.12648	-7.74899
-2.70435	-2.5415	-6.16381	-0.87671	-6.16381
-1.07631	-1.2481	-4.58926	-0.82011	-3.35008
-4.43623	-2.6847	-4.50535	-0.97172	-4.01979
-1.47597	-1.7823	-7.54553	-1.70274	-7.54553
-1.82035	-0.746	-8.09851	-1.09498	-4.34392
-0.8896	0.0684	-7.25072	0.09645	-7.25072
-0.1967	-1.5125	-14.7515	-2.15149	-14.7515
-2.26892	-0.7758	-15.78803	-3.19315	-13.40909
-0.60596	-1.0053	-6.41358	-1.17598	-6.41358
-0.26137	1.6833	-19.15491	-5.62004	-16.97283
-2.87986	-2.2475	-21.56537	-1.41504	-11.89068
-1.38228	0.3482	-13.66227	0.69225	-13.66227
-2.47411	-0.6425	-6.29992	-0.78786	-6.29992
-1.64989	-0.9999	-18.81422	-1.01418	-18.81422
-0.22398	-1.2705	-17.24526	-0.59786	-14.58798
0.21179	1.1815	-16.86056	-0.44738	-17.45939
-0.96652	0.8084	-6.64534	-1.72726	-6.65085
-1.36646	-0.8278	-24.37211	-0.14796	-24.37211
-1.73393	-1.4493	-3.67667	-1.31035	-3.09653
-0.2	0.3748	-20.15665	-1.70143	-20.15665
-2.08201	0.1858	-24.49149	-0.2282	-16.84822
0.32876	-0.5402	-15.53261	-3.20334	-24.24024
-2.4824	-2.5754	-19.45247	-2.54689	-19.45247
-1.30521	-0.6013	-19.37872	-2.22908	-16.45059
-1.45843	0.9408	-18.81848	-1.63348	-18.81848
-1.10342	-0.1106	-14.55163	-2.35881	-14.55163
-1.2651	-1.7755	-13.25497	-2.62699	-11.28192
-1.60224	-0.2479	-15.96172	-4.07279	-15.96172
-0.9179	0.0101	-10.32114	-0.48276	-9.94555
-3.51992	-0.6978	-9.63213	-1.03167	-9.63213
-2.21399	1.1746	-9.84409	-0.12891	-9.84409
-2.09137	-2.6675	-19.30604	-3.97889	-20.36205
-2.25391	-1.462	-16.39385	-0.691	-16.39385
-2.56145	-1.4008	-18.65318	-3.35301	-17.02582
-1.38322	0.4035	-22.92123	-4.24317	-19.96713
-1.16346	1.249	-5.62052	-1.3226	-5.62052
-0.84769	-0.3988	-7.68573	-0.87459	-7.68573
-2.02762	-0.2189	-6.47774	-1.16505	-6.47774
-2.53893	-0.9337	-19.69236	-15.97798	-19.11026
0.50824	-0.7929	-21.30093	-2.97258	-21.08963
-3.51855	-2.5624	-22.31788	-0.35343	-14.31144
-2.08707	-0.6799	-8.37444	-2.62757	-4.60056
-1.91195	-1.8178	-17.13615	-3.39248	-17.13615
-3.01059	-0.3466	-15.10029	-1.98993	-15.10029
-1.29953	-1.7643	-8.41222	-1.6137	-8.41222
-1.88435	-1.9227	-7.9734	0.12331	-7.9734
-2.96111	-0.5607	-11.85639	-1.21491	-11.85639
-2.76717	-0.641	-9.22227	1.29595	-9.22227
-1.25125	-0.1798	-28.74436	-4.93714	-18.43554
-0.68885	0.4155	-4.72268	1.66158	-4.72268
-1.7936	-2.1653	-4.07864	-0.35674	-3.24973
-3.19237	-1.3305	-2.63959	-2.09571	0.85713
-0.97971	-1.9181	-6.18715	-1.63901	-6.18715
-3.69588	-2.5874	-7.69418	0.18384	-7.69418
-2.70741	-0.207	-6.01363	-1.82518	-7.49084
-0.28411	-0.9648	-10.17183	-0.69812	-10.17183
-0.03387	0.3103	-7.9167	-4.31807	-7.9167
-3.29381	0.5874	-5.42572	-1.16575	-5.42572
-2.58694	-1.1922	-6.13657	-2.36716	-6.13657
-0.42793	0.6069	-6.40017	-3.91945	-6.40017
0.7425	1.1665	-8.64102	-1.13266	-6.88014
-1.76637	-0.6722	-5.6727	-0.60211	-3.37854
-1.87765	-0.7175	-5.31845	-2.38046	-5.31845
-1.8268	-0.3546	-4.41751	-2.46678	-4.41751
-1.76302	-2.0341	-4.45024	0.37759	-3.70905
-1.7653	-1.1329	-4.71381	-1.94377	-4.71381
0.1422	-0.8718	-1.41091	-0.80782	-1.41091
-1.06179	-0.1805	-5.17585	-0.55283	-5.17585
-1.56828	-3.2378	-4.02887	0.11103	-4.02887
-1.81755	-1.3814	-4.92763	-1.74906	-4.92763
-2.86201	-0.3472	-9.42205	-1.53479	-9.42205
-2.6093	-0.7126	-28.9131	-4.24521	-28.9131
-1.86798	-0.429	-10.00738	-1.5153	-10.00738
-1.29015	0.9496	-9.08494	-0.57123	-8.77102
-1.20329	-1.2225	-12.9941	-1.26704	-11.62729
0.24793	-0.9123	-10.94554	-3.73176	-10.99582
-3.13464	-1.0519	-15.31496	-1.64161	-15.31496
-2.7892	-1.5087	-4.93188	-1.40156	-4.93188
-2.04828	-1.7411	-6.60891	-0.63128	-6.60891
-1.91638	-2.6319	-9.25579	-1.85391	-9.25579
-1.01606	-0.9188	-9.2	-1.31472	-9.64428
-2.42688	1.3712	-9.18207	-1.24304	-8.6175
-2.96197	-2.1443	-5.47501	-0.34146	-5.06793
-2.78251	-2.9423	-11.12218	-1.46965	-10.87035
-2.93274	-1.3592	-13.99863	-0.98753	-13.99863
-3.08594	-2.1239	-11.55755	-1.35708	-11.55755
-1.82771	-1.559	-10.51284	0.54867	-10.51284
-1.37054	-0.1679	-3.03429	-0.05348	-2.13571
-1.76152	0.0261	-4.09322	-1.25513	-1.36486
-3.42719	-1.9849	-3.09962	-3.38828	-2.91478
-3.75779	-3.0751	-9.51946	1.22714	-6.74076
-4.4827	-2.6322	-7.68725	-2.35249	-7.68725
-1.31583	0.4262	-11.49142	-2.20603	-11.49142
-3.98196	-2.4552	-12.57099	-0.944	-12.57099
-1.92463	-1.3308	-5.78538	-0.82181	-5.78538
-2.19473	-2.0647	-8.38611	-1.21022	-11.34734
-1.76154	0.8073	-9.00546	-1.94172	-9.00546
-1.69376	-0.2339	-12.23338	0.33323	-12.23338
-1.53007	-1.2755	-12.96439	-2.32714	-10.93825
-2.55415	-2.1757	-8.08937	-4.61622	-6.97842
-2.08778	-1.0456	-12.96173	-1.82487	-8.58786
-0.7767	-2.0032	-14.34444	-7.08064	-14.34444
-1.38465	-0.0279	-11.30398	-6.08839	-9.91518
-2.46174	-3.9517	-13.16894	-5.41864	-8.52872
-4.07149	-2.8425	-8.80321	-2.08274	-3.99559
-1.44837	-1.4833	-15.9627	-2.61908	-15.9627
-0.98962	-0.0956	-11.7819	-1.31402	-11.7819
-3.23073	-1.8698	-12.10685	-2.67363	-4.97175
-0.98841	-1.2143	-15.23054	-2.70618	-11.19947
-0.74641	-0.0533	-9.52592	-1.47077	-9.52592
-2.65414	-0.8234	-9.83278	-1.4068	-3.92123
-2.31699	-0.8371	-10.48843	-1.61163	-13.60951
-3.58321	-2.674	-9.7924	-1.40299	-10.79537
0.32151	-1.2254	-10.11862	-2.80531	-13.91552
-0.7782	-0.0151	-6.62748	-1.55991	-6.8202
-2.49037	-0.8024	-11.22735	-0.98301	-11.22735
-2.32913	-0.8623	-8.13276	0.25485	-8.13276
-3.42998	-2.871	-9.1981	-0.03771	-4.39356
-0.25845	-0.3909	-14.96579	-3.64201	-9.74236
-1.36267	-2.1815	-9.87035	-2.63057	-10.62692
-3.58527	-0.085	-6.91656	-0.23544	-6.9985
-0.89821	-1.1407	-14.51401	-3.21956	-7.73834
-1.75136	-0.2164	-12.02617	-0.49183	-9.83247
-0.7302	-1.2817	-14.03263	-2.23613	-14.03263
-0.71249	-0.251	-10.53468	-2.26766	-9.88091
-0.80181	-0.8948	-4.84835	-2.63293	-4.40825
-1.34891	-0.8145	-11.59647	-2.74058	-12.50557
-0.40042	-0.7929	-7.2441	-1.20691	-6.72706
-1.66024	-2.0776	-8.81185	-5.87123	-8.81185
-3.40653	-2.4619	-11.39814	-1.06889	-11.39814
-1.81055	-0.0657	-12.26496	-3.84589	-12.26496
-0.47064	0.7429	-12.65965	-1.83522	-12.65965
-1.73485	-0.0906	-12.76009	-2.02816	-7.21216
-0.37413	-0.8819	-8.10307	-2.76942	-8.10307
-2.98216	-2.4763	-10.27672	0.12915	-10.27672
-1.66555	0.8233	-7.8978	-3.3937	-2.6013
-1.26696	-0.2318	-12.8997	-4.37363	-9.10963
-0.70504	-0.3514	-5.83775	-1.01575	-3.70028
-1.36363	-2.0069	-14.22885	-1.45102	-7.50983
-2.71087	-0.9559	-8.63175	-0.18523	-6.53403
-2.26859	-2.1882	-6.12845	0.01062	-4.09482
0.08587	-0.3879	-8.0825	-0.39629	-7.60724
-3.12215	-1.371	-7.32678	-0.74447	-2.19083
-2.1436	1.2539	-15.09073	-0.8084	-15.09073
-1.53232	-2.9904	-2.69435	-0.54192	-2.47829
-1.42633	-2.2273	-11.74053	-1.55498	-10.14147
-0.39424	0.202	-7.38498	-0.91426	-9.26274
-0.63965	0.1832	-12.37895	-0.62325	-12.37895
-3.23429	-2.3701	-44.26568	-5.04555	-44.26568
-3.18837	-1.1348	-25.54067	-2.00532	-25.54067
0.79141	-1.4159	-23.70117	-4.18907	-23.70117
-3.83638	-2.3278	-11.045	-1.11243	-11.045
-3.04697	-0.2593	-3.33731	-1.62737	-5.20648
-1.20294	-2.5861	-18.98557	0.84983	-18.98557
-0.39206	-1.1575	-27.53458	-1.25125	-27.53458
-2.78824	0.0284	-3.22472	-1.21646	-3.22472
-1.64799	0.8192	-6.93872	0.55231	-6.93872
-2.55809	-0.8512	-9.04754	0.00052	-9.04754
-0.26538	-0.8236	-24.06002	-2.27364	-24.06002
-1.72135	0.7802	-8.51268	-3.59895	-8.51268
-0.75467	-1.1304	-17.82575	-1.14914	-17.82575
-2.10377	-1.6113	-27.17528	-2.06729	-27.17528
-2.90816	-3.0496	-16.18215	-2.64705	-10.66326
-0.46968	1.4214	-20.85253	-2.80014	-10.51644
-2.59123	-2.188	-4.98691	-2.25339	-4.98691
-3.21159	-1.4719	-5.07045	-2.34058	-5.07045
-2.49308	-2.0853	-5.29214	-0.51732	-5.29214
-0.22221	-0.9381	-5.20354	-1.86815	-5.20354
-2.17913	0.559	-5.86923	-3.21702	-4.64028
-1.05428	-1.4483	-5.90676	-1.96071	-5.90676
-2.72956	-0.8296	-4.72607	-2.23469	-4.72607
-2.95375	-1.8176	-5.39617	-1.34987	-5.39617
-1.1681	-0.8566	-4.39904	-0.0252	-4.39904
-4.34489	-2.1125	-5.2966	-1.01827	-5.2966
-2.2815	0.0053	-7.80908	-3.99909	-7.80908
-2.22743	0.0446	-4.36292	1.42569	-4.36292
-0.76327	-1.6531	-4.67773	-0.79871	-4.67773
0.23197	-0.3194	-49.39407	-3.99507	-49.39407
0.57574	-0.4935	-6.72321	-1.60235	-7.23668
-2.08643	-2.9738	-19.65451	-1.7031	-17.86992
-1.89556	-0.5311	-13.26353	-0.83373	-11.4481
-2.50671	-1.7328	-20.91916	-2.47672	-15.56353
-1.31773	-0.9941	-45.88312	-4.93657	-22.55406
-4.3821	-4.0382	-3.20705	-1.80482	-3.20705
-1.94856	0.2081	-10.45236	-4.82504	-13.13978
-3.85347	-0.3584	-16.31069	-0.17586	-16.31069
-1.63166	-0.0999	-7.66433	-1.88861	-7.66433
-3.21419	-3.0236	-8.51105	-0.88914	-8.51105
-1.93476	-1.4945	-47.63231	-5.45978	-47.63231
-1.61932	-2.0953	-17.67431	-3.01387	-11.20145
-0.2266	0.7288	-17.8454	-1.98575	-17.8454
-2.83813	-0.0986	-15.32154	-0.60173	-15.32154
-2.42828	-1.6772	-34.98799	-5.97412	-28.4348
-3.34499	-1.7558	-12.89241	-4.23237	-12.89241
-2.58711	-3.7941	-19.90895	-0.01658	-12.3982
-2.06272	-2.7012	-13.88699	-4.03245	-3.18456
-2.04221	-0.8095	-23.42771	-0.89917	-17.87503
-0.96675	-1.8249	-17.04944	-3.95851	-12.53244
-0.79353	-1.6525	-44.29078	-3.07026	-33.85115
-1.96237	-3.6421	-11.50088	0.71038	-11.92607
-2.77581	-0.2327	-13.14486	-0.66003	-13.14486
-3.2237	-1.4031	-13.10323	-0.31093	-11.5729
-0.36491	-0.1685	-20.77508	-3.93551	-20.77508
-2.38336	0.6194	-19.58363	-6.05297	-19.58363
-3.15631	-2.803	-5.33149	-1.96157	-5.33149
-1.82502	-2.1688	-4.86679	-0.2511	-4.86679
-3.00516	-4.9864	-6.16882	-1.77436	-6.16882
-1.8271	-1.9006	-6.2806	0.29119	-6.2806
-2.94037	-0.3683	-21.49701	-0.75075	-21.49701
-1.77069	1.0976	-7.65759	-0.60848	-7.65759
0.09086	-2.3442	-12.99433	-1.28981	-12.99433
-2.21054	-0.3203	-15.68877	-3.17351	-15.68877
-2.01938	-0.7885	-3.2411	-2.55073	-2.48196
0.6409	0.3503	-13.86567	-3.13804	-13.86567
-1.3583	-1.0865	-14.4074	-3.5456	-14.4074
-0.77141	-1.8261	-12.59522	-1.21953	-12.59522
-0.63739	-0.3788	-16.00336	-4.07578	-16.00336
-1.74561	-0.9439	-14.32104	-3.34361	-11.82446
-1.37336	-0.3848	-5.52691	-1.30228	-5.52691
-1.99557	-1.6213	-4.67375	-1.87387	-4.64069
-1.81458	0.5598	-5.79932	-1.40575	-6.67414
-3.13834	-1.2745	-8.12478	-2.31866	-8.12478
-1.45834	-1.8691	-4.68908	-0.25926	-4.68908
-1.03732	-1.6663	-5.28646	-0.1852	-5.28646
-3.12177	-1.7041	-6.05302	-1.46707	-4.63124
-1.73059	-1.218	-3.61704	-1.03707	-4.34335
-1.39161	-1.5441	-3.88705	-0.11647	-3.70881
-0.05808	2.5389	-5.92518	-0.73611	-5.92518
-0.67532	-1.8353	-7.86088	-3.19133	-7.86088
-2.23954	-3.1552	-6.64939	-2.63728	-6.64939
1.14993	-1.7508	-7.88877	-0.93485	-4.06635
-1.44283	0.5424	-4.96345	-2.09561	-4.96345
-1.95525	0.0498	-5.22265	-0.63126	-5.22265
-2.35195	-0.0337	-12.08268	-0.31946	-12.08268
0.0628	-0.5987	-9.39356	-2.78256	-9.39356
-1.93229	-0.8638	-10.24686	0.06131	-8.50459
-1.2247	-1.2501	-8.34833	-1.78574	-6.48908
-0.73097	-0.6132	-6.74484	-1.19319	-6.74484
-2.46198	-0.9533	-6.73548	-2.13828	-9.98969
-2.65556	-0.7495	-6.07157	-0.26121	-5.51808
-2.17482	0.7342	-7.8461	-1.05993	-8.71192
-2.03609	-0.1955	-8.88037	0.08796	-6.59426
-1.36805	-2.3403	-8.52609	-2.20566	-8.52609
-3.37187	-2.4009	-9.52717	-3.49446	-7.68632
-3.08932	-1.5198	-9.31459	-1.07466	-8.62172
-3.08265	-0.9705	-9.13794	-2.17683	-9.13794
-3.80507	-2.4171	-9.35214	-2.6855	-7.01009
-2.2519	0.0021	-11.04958	-1.89455	-7.47441
-0.51498	-2.3119	-15.51778	-2.39783	-13.39843
-2.55457	-0.5276	-4.50664	-1.41797	-3.76658
-1.16791	-0.6323	-3.69707	0.60193	-3.69707
1.45413	-2.0597	-4.51825	-0.00259	-4.51825
-2.99193	-3.1123	-4.84175	-0.263	-4.84175
-1.28382	-0.7961	-3.58568	-0.06931	-3.58568
-0.98026	-1.8294	-3.1903	0.03436	-3.26812
-0.4245	2.1958	-5.4217	-1.48344	-6.0932
-2.40399	-0.444	-2.17066	-2.35485	-2.17066
-1.70894	-1.335	-0.20646	-1.17394	-0.20646
-2.0949	-0.2716	-7.1777	-2.47153	-7.1777
-3.74953	-1.4336	-21.07363	-6.87475	-21.07363
-1.848	-0.9512	-6.51975	0.25416	-6.51975
-0.22709	-0.7938	-8.3322	-0.90667	-6.12551
-1.54288	-0.7099	-7.87265	-0.64303	-6.82223
-1.62361	-0.9641	-5.57414	-1.62793	-5.57414
-1.3603	-0.3215	-8.82629	0.24586	-8.82629
-0.71218	-0.4819	-38.17962	-2.11032	-38.17962
-2.22762	0.1112	-17.16786	-2.46999	-17.16786
-1.01617	0.2275	-10.54061	-0.77967	-10.54061
-2.59829	-1.5409	-9.09592	-2.34994	-5.49839
-1.99873	-0.7062	-11.24781	-0.47845	-11.24781
-1.12068	-0.6472	-6.28741	-1.95255	-4.25934
-3.60226	-3.844	-7.12722	-3.16181	-4.56566
-2.12673	-0.4151	-7.7218	-1.10962	-7.7218
-2.4129	-1.6941	-6.24321	-1.82011	-6.24321
-0.87364	-2.1192	-5.09582	-0.88595	-3.08235
-1.48406	-0.3546	-5.16006	-1.65397	-5.16006
-2.84649	-1.8107	-7.90936	-1.8601	-7.83251
-1.84789	-1.6172	-8.78658	-3.42968	-7.73133
-3.68418	-3.03	-8.58233	-2.19209	-8.85522
-4.77829	-1.108	-5.0923	-0.01476	-5.0923
-3.15849	-0.0439	-5.67681	1.14279	-5.67681
-0.10408	0.5411	-7.11439	-0.12357	-7.11439
0.26531	-0.4271	-7.93246	-1.99005	-7.70864
-3.46331	-2.8272	-8.66494	-1.32327	-8.66494
1.20086	0.5358	-8.38442	-3.04081	-7.54979
-1.43464	-0.6864	-8.59642	1.14718	-8.23655
-4.47063	-3.1531	-8.48821	-2.19463	-8.48821
-1.92211	-1.2329	-5.40209	-0.13613	-5.40209
-0.96445	-0.5017	-9.00354	-1.48259	-9.00354
-1.28124	-0.3938	-8.97032	-0.11547	-8.97032
0.19799	0.9583	-11.75883	-0.94912	-11.92093
-1.27193	-0.5597	-13.41914	-1.45976	-11.07798
-0.20653	0.5168	-10.19864	0.25172	-10.19864
0.00427	0.3046	-11.0637	-0.91189	-11.92265
-1.27691	-1.6244	-3.84906	1.96953	-3.84906
-1.02488	-0.4447	-11.11613	-2.00687	-13.56882
-2.50557	-2.4927	-13.95411	-2.51107	-13.95411
-2.30332	-1.5332	-11.79363	-1.01937	-9.46305
-1.79368	-1.5389	-1.92954	-1.04662	-1.92954
-1.39593	-0.9578	-16.54645	-0.62939	-13.08979
-2.87739	-1.546	-11.78183	-0.07305	-11.78183
-3.51898	-3.1208	-8.378	0.33133	-8.378
-2.27384	-1.3011	-4.18578	-0.77812	-4.18578
-1.50711	0.6287	-10.43291	-1.68599	-10.43291
-1.10677	0.3785	-10.56337	-1.09553	-10.56337
-3.4027	-1.3478	-12.88126	-2.32702	-12.88126
-2.37934	-1.2076	-8.53339	-1.75413	-8.53339
-2.14061	-1.9967	-11.97205	-2.06359	-6.1317
-2.43046	-1.1835	-9.3166	-1.73785	-9.3166
0.05869	-0.0774	-9.03784	-0.87215	-9.03784
-3.3765	-2.0198	-8.44003	-1.64008	-8.44003
-0.32505	-0.6888	-9.21728	-0.92442	-9.21728
-1.81908	-1.1239	-7.09789	-1.81865	-7.09789
0.03861	-0.5646	-9.66621	-3.99193	-9.66621
-1.09733	-0.6783	-9.46733	-1.84573	-9.46733
-1.58959	-0.7726	-9.95888	-0.2765	-9.95888
-1.94057	0.7175	-7.90047	-3.64162	-7.90047
-4.42282	-3.7412	-8.25531	-3.35906	-7.05017
-2.91032	-1.03	-11.25316	-0.31863	-11.25316
-5.66397	-0.8532	-10.73184	-2.8435	-11.06991
-3.86636	-0.6154	-11.48694	0.37983	-11.48694
-2.78068	-1.8711	-11.29078	-1.71279	-11.29078
-1.92537	-3.4237	-9.39419	-2.02044	-9.39419
-2.28995	0.3322	-9.14507	-1.24936	-9.14507
-3.39628	-1.6775	-8.01424	0.20633	-8.01424
-1.72136	-1.0101	-5.36248	-3.07872	-6.65507
-2.09241	0.5227	-12.94764	1.74957	-12.94764
-0.35099	0.1408	-8.00862	-2.46803	-8.00862
-3.2689	-0.4136	-9.65042	-1.875	-5.83581
-1.05261	1.0678	-10.69197	-0.95801	-7.82266
0.79256	-0.1179	-9.47367	1.3073	-8.68112
-0.75521	0.4735	-6.57722	-1.82286	-5.58285
-2.85224	-0.9736	-11.36595	-0.98729	-10.20554
-1.76125	-1.7935	-8.38538	0.24581	-5.83865
-2.79375	-3.8281	-10.44968	-2.24373	-6.7808
-1.50048	-0.4758	-6.81808	-1.20949	-6.81808
-1.94281	-1.0753	-9.89642	-2.78296	-10.99691
-2.33273	-2.3564	-12.69303	1.17988	-12.69303
-2.20811	-1.1788	-8.73245	-1.57607	-8.73245
-1.24457	0.5485	-8.96984	-0.6764	-8.96984
-0.70736	0.6093	-6.73022	-0.91538	-2.92484
-2.72913	0.1244	-10.09413	-1.62817	-9.00544
-3.02135	-2.4293	-10.94343	-1.59492	-8.0968
-1.17982	-0.5787	-10.91954	0.1991	-10.49245
-2.93005	-1.9525	-15.71276	-1.93649	-15.71276
-3.20956	-3.1057	-7.19009	-6.42201	-9.68985
-4.85126	-2.7625	-6.61088	-1.92119	-6.80828
0.75002	-0.568	-7.58101	-2.10621	-8.70075
-3.6146	-3.0014	-9.6888	-3.20388	-8.84811
-1.56273	-1.0749	-10.76239	-3.90732	-6.98562
-1.11953	-1.4712	-8.42771	-1.35845	-8.42771
-1.12989	-1.1842	-11.02444	-2.36645	-11.02444
0.23669	0.1603	-11.20046	-2.62119	-5.80472
-4.21035	-2.4498	-10.38366	-1.32697	-4.83195
0.00171	-0.1961	-6.4867	-2.27658	-5.06326
-0.1568	0.5283	-8.27598	-1.44716	-8.74696
-1.05194	0.6338	-9.58315	-0.69615	-9.7206
-0.77363	0.8169	-8.53305	-0.08501	-6.27587
-3.28922	-2.1162	-10.61564	-2.34515	-10.61564
-2.88172	-1.9707	-8.22619	-1.58962	-7.5092
-2.34022	0.8046	-6.53431	-3.59291	-2.10041
-2.32388	-2.4599	-5.7933	-0.3373	-5.03869
-3.69101	-1.624	-7.4015	-6.949	-5.62786
-1.98784	-0.7752	-7.53421	-0.09936	-6.57692
-3.55961	-0.2989	-5.32613	-1.51179	-5.19346
-1.937	-1.1422	-9.28724	-0.46443	-9.28724
-3.1333	1.1568	-11.18211	-1.33523	-11.18211
-3.97731	-3.0485	-9.78821	-1.2263	-9.78821
-2.55273	-0.6591	-14.79071	-1.00668	-14.79071
-3.63934	-3.5522	-7.58644	-1.14789	-4.30223
-3.26439	-3.225	-7.59166	1.38443	-7.59166
-0.98647	-1.5047	-9.81111	-3.14959	-9.81111
-2.3909	-2.0057	-13.93749	-3.14219	-4.01679
-2.08423	-3.7622	-8.16421	0.24781	-4.33868
-3.0587	-0.9519	-10.46279	1.35573	-5.48723
-3.10285	-1.9003	-8.09107	-0.92646	-4.39545
-2.29856	-2.0935	-8.68508	-0.25944	-8.52884
-2.58211	-1.267	-8.7991	-1.27458	-7.1191
-3.38995	-2.5833	-9.90174	-3.49699	-9.98105
-1.88265	0.0704	-9.29968	1.24702	-9.29968
0.88733	-1.2671	-9.21485	-0.76696	-6.34628
-0.6686	-0.6098	-12.73484	-1.14568	-12.73484
-1.45029	-1.2381	-6.51004	-1.44229	-6.16009
-3.12651	-1.364	-8.97925	-2.85434	-8.97925
-1.35332	1.0407	-3.61129	-1.24756	-3.61129
-1.86628	-0.7086	-1.23924	-1.00758	-1.23924
-2.83006	-3.518	-4.71463	-2.58336	-4.71463
-2.35679	-1.3851	-5.17842	1.00886	-5.17842
-2.83047	-0.1946	-12.7343	1.01782	-12.7343
-1.27099	-0.9634	-9.20277	-2.98379	-9.20277
-1.87758	-0.8542	-12.71239	-1.26764	-12.71239
-1.07298	0.702	-13.48046	-1.62647	-13.48046
0.09337	-1.1732	-15.81469	-4.42062	-16.19151
-1.96125	0.7524	-8.87969	-1.45789	-7.20378
-0.9566	-0.4753	-35.24329	-4.40735	-36.99062
-1.55027	0.8573	-44.47947	-2.22325	-31.10715
0.29244	-1.1161	-39.78848	-4.9563	-34.99027
-2.40593	-1.1426	-2.9879	-1.91703	-3.99621
-0.04552	-0.7007	-4.3469	0.0592	-4.50668
-2.95455	-4.5035	-6.64912	-2.64137	-1.60727
-2.41828	0.8843	-5.51174	0.35648	-5.26768
-1.98316	-0.1318	-5.31069	0.35076	-5.70214
-2.6188	-0.6997	-6.55574	-1.48143	-3.9779
-2.59462	-2.2235	-5.23462	0.37491	-2.11508
-2.57851	-2.125	-11.62864	-1.02503	-11.35703
-1.10112	1.1667	-11.27945	0.25606	-11.27945
-3.54798	-2.2614	-9.58707	-3.05816	-9.58707
-0.59494	0.6032	-29.60079	-2.83252	-29.60079
-1.17892	-0.3148	-5.99189	-0.99081	-5.36063
0.23064	-0.4068	-4.76026	-0.9197	-6.79645
-0.13546	-1.0594	-5.44522	-2.62978	-4.3415
-2.50904	-1.9122	-6.79637	-2.06668	-7.24704
-1.92192	-2.5142	-7.67123	-2.0195	-5.22417
-5.64344	-2.6409	-4.94391	-0.94657	-3.40244
-0.47724	-1.6412	-10.59886	-3.01364	-12.02639
-2.60745	-1.2905	-13.64396	-0.00349	-13.64396
0.21085	-1.8274	-2.99183	-1.80363	-2.99183
-2.57692	1.0472	-4.21898	-0.77283	-4.96139
-0.14117	-0.7545	-5.56866	-2.35928	-5.56866
-1.3939	-0.392	-6.36437	-1.56376	-5.35941
-2.54828	-1.291	-5.86548	-1.92799	-5.86548
-1.70036	-2.1192	-6.01479	-2.0866	-6.01479
-1.97957	-0.1348	-6.0592	-3.02697	-6.0592
-0.37084	-1.913	-10.37792	-0.4998	-10.37792
-3.53097	-2.2198	-9.68198	-0.33628	-9.68198
-1.06056	-2.6284	-22.33961	-0.38926	-22.33961
-1.68036	-1.4626	-23.94753	-2.64374	-21.05356
-0.45459	1.2724	-23.93294	-2.94324	-21.72593
-2.07603	-0.7357	-5.74612	-0.52523	-5.74612
-2.95124	0.0565	-10.24859	0.16082	-10.24859
-1.08201	0.6245	-29.74911	-3.20951	-29.74911
-2.76581	-0.1943	-19.32215	-3.30432	-16.44731
-0.34661	-1.9338	-10.80504	-0.43255	-5.2107
-2.46904	-0.3288	-14.61056	0.16523	-14.61056
-2.36004	-0.1409	-22.09921	-3.2271	-22.09921
-1.39182	-1.4738	-9.62812	-1.58476	-9.62812
-2.07762	-1.2866	-9.70669	0.04898	-9.70669
-3.06783	0.6643	-14.12426	-1.17463	-14.12426
-2.31345	-1.3293	-18.07262	0.03092	-18.07262
-2.24882	-0.6993	-7.56473	0.34795	-7.56473
-1.52643	0.0729	-15.88149	-3.02416	-11.41025
-1.33013	-0.6688	-8.78635	-1.71019	-8.78635
-3.08133	0.0188	-8.45846	-2.68662	-6.10341
-2.36956	-1.7641	-22.01579	-4.24221	-23.45062
-3.0593	-3.1325	-19.57731	-4.95505	-20.49853
-2.87153	-2.3355	-16.93495	-1.22527	-16.93495
-3.89591	-2.0346	-22.38499	-2.06631	-22.38499
-1.61033	-0.0983	-18.27182	-2.6378	-18.27182
-4.07042	-2.4429	-21.52642	-1.77148	-22.56885
-0.55977	0.9649	-6.77848	-2.40797	-6.77848
-3.74343	-1.9405	-8.09212	-2.00548	-8.09212
-3.20702	-0.3723	-3.60013	0.00153	-3.60013
-1.30313	-0.0905	-3.64828	-0.50894	-3.64828
-1.85143	-0.6956	-4.31284	-1.01499	-4.31284
-1.13128	0.3458	-14.06802	-0.84488	-16.75951
-1.55194	-2.8298	-18.21441	-3.59107	-18.21441
-1.69436	-0.5497	-14.88679	0.04539	-14.88679
-1.9418	0.2694	-16.78353	-2.59002	-16.78353
-2.39875	0.2356	-13.72752	-2.5385	-13.72752
-3.58967	-1.6223	-10.48692	-1.98252	-10.48692
-3.04881	0.1393	-5.53849	-3.6922	-7.84766
-0.86871	0.6894	-18.46371	-2.51393	-14.23863
-0.71741	0.4431	-13.31871	-1.8621	-10.08531
-1.31493	0.221	-11.15845	-2.22625	-11.30798
-1.28615	-1.5099	-21.02556	-13.47462	-16.60878
0.58352	-0.1896	-13.69623	0.22093	-8.91559
-1.19067	0.3599	-11.91171	-0.41163	-6.34607
-1.29705	-0.336	-6.09924	-2.00906	-6.09924
-0.1638	2.4832	-7.95571	-0.12165	-7.95571
-1.69609	-0.9721	-15.52773	-0.87567	-11.91919
-1.34253	-0.4791	-24.48096	-3.20478	-24.48096
0.10289	0.1568	-12.84412	-1.4247	-6.08521
-2.52616	-0.4676	-14.03665	0.1479	-11.1204
0.66331	1.025	-6.00613	-0.75716	-6.00613
-1.87944	-1.9487	-8.78995	-1.71207	-8.49786
-1.82661	-2.2526	-7.45333	-2.33615	-8.71145
-3.06391	-0.4049	-11.12992	-3.64341	-14.94346
-0.01451	0.0023	-7.22836	-2.02906	-7.2382
-2.09518	-1.4219	-13.37328	-3.12732	-13.37328
-0.07356	0.694	-15.63962	-1.12841	-15.63962
-1.01931	-0.1964	-6.54684	-1.30015	-1.94679
-1.89455	-3.264	-11.62393	-0.47189	-7.0758
-2.02594	-2.7298	-9.63745	-2.97136	-4.37161
-1.25083	-0.541	-5.44618	-2.15292	-4.30278
-2.42543	1.4211	-10.89795	-2.90044	-10.57145
-0.37423	-1.8567	-13.89455	-0.37633	-11.67351
1.03268	1.8388	-5.01053	-1.09693	-6.66623
-1.01693	-2.2707	-10.85881	-0.90871	-10.85881
-2.27236	-1.2698	-11.79144	-2.43549	-11.93266
-1.88183	-0.6547	-8.17327	-1.68649	-3.03184
0.15945	-0.1567	-4.83145	0.28234	-4.03478
-0.48467	1.8878	-7.45694	-0.25309	-6.68021
-0.19176	0.6699	-12.36499	-0.91484	-11.8622
-0.52816	-0.707	-8.77375	-4.10036	-8.10756
-2.15506	-1.466	-10.65593	-2.14167	-10.65593
0.39567	-0.3079	-9.517	-0.43416	-9.517
-0.95239	-0.1313	-13.49146	-2.63203	-13.49146
-2.85374	-3.6495	-11.99689	-0.50875	-11.99689
-1.95741	-1.5028	-19.44588	-2.61178	-19.44588
-2.39416	-0.9113	-12.07212	-2.8497	-12.07212
-3.64969	-0.236	-9.02558	0.97478	-9.02558
-1.09601	-1.4215	-12.32756	-0.68532	-3.90476
-0.50552	-0.4892	-9.30528	-2.22273	-3.79863
-3.5547	-1.9401	-10.57746	-2.07374	-6.42108
-2.56624	-3.7824	-8.56693	-1.07791	-4.98751
-0.81101	-0.9472	-6.15811	-2.16083	-6.15811
-1.6952	-0.8203	-14.66073	-4.17721	-14.66073
-2.25424	-1.2449	-13.29977	-1.46119	-9.67915
-2.57677	-2.629	-12.79861	-2.55597	-15.19284
-0.99016	-0.5163	-25.01619	-3.57987	-25.01619
-0.55975	0.6425	-8.59601	-1.28327	-8.59601
-1.94984	-0.4574	-9.1928	-0.95734	-9.1928
-0.05769	0.7306	-28.55561	-1.95168	-28.55561
-2.12481	0.9191	-12.69874	-1.16737	-7.60107
-2.8966	-1.5449	-10.63499	-0.76586	-8.96378
-2.22243	0.1951	-22.25237	-0.54588	-14.03156
-2.76307	-0.8817	-7.10097	-2.03074	-4.88267
-2.07449	-1.237	-11.77467	-0.40612	-11.77467
-3.89519	-1.9313	-10.02208	-2.17899	-9.7284
-2.675	-3.3405	-32.16445	-2.89276	-32.16445
-2.27501	-2.9178	-25.09863	-1.74944	-25.09863
-1.8579	-0.1414	-14.64756	-1.35196	-14.64756
-1.2583	-0.0899	-15.29418	-1.5716	-5.0216
-0.63828	1.5905	-7.51649	-1.11631	-7.91295
-1.10482	-0.4151	-10.085	-2.2944	-8.63262
-2.27442	-0.1089	-18.15047	-3.47404	-19.90127
-2.29316	-1.4127	-20.77857	-17.83622	-16.38889
-2.00894	-2.3343	-7.35333	-1.27041	-3.18316
-2.96706	-1.0456	-8.41131	-2.39168	-7.26537
-1.55196	-1.3422	-19.51354	-1.82051	-19.51354
-1.96205	-0.4938	-16.22131	0.35323	-11.61232
-0.80964	-1.1547	-19.62369	-0.23777	-16.44689
-1.65152	-1.3088	-13.42292	0.81037	-13.42292
-0.8098	0.4227	-17.31349	-0.24485	-7.72141
0.17974	0.45	-0.7945	1.82393	0.77543
-0.80306	0.9509	-4.57104	-1.44038	-3.64031
-1.75844	-2.1367	-11.55612	0.98634	-11.55612
-1.93627	-1.0226	-7.24285	-1.89528	-7.24285
-2.63528	-2.5077	-12.338	-2.23721	-12.338
-2.11279	-0.8118	-22.78334	-2.85783	-22.78334
-1.56376	-0.2427	-19.73423	0.60805	-7.05472
0.52203	-0.2873	-7.88865	1.44708	-2.04364
-3.19049	-1.2754	-12.96532	0.74709	-9.85992
-1.2842	-2.092	-5.75694	-1.29619	-3.78836
-1.62964	0.387	-13.23141	-0.69954	-7.36509
-0.97227	-0.1228	-7.04491	-0.21697	-6.65776
-2.71017	-2.5073	-5.96473	-0.81479	-2.4145
-1.48906	-0.5087	-6.63118	-0.98842	-3.17337
0.31815	0.2297	-18.9392	1.24583	-17.17257
-1.97169	-2.3597	-55.79446	-4.29963	-54.35585
-1.83089	-0.5722	-33.29397	-4.12317	-33.29397
-1.15966	-0.9041	-17.60618	-3.62102	-14.2168
-3.27124	-2.9942	-6.83323	-1.53735	-6.83323
-1.16277	-1.2179	-5.90277	-3.15794	-2.97251
-0.16793	-0.1907	-21.79449	-5.31933	-21.79449
-1.07273	0.1282	-5.53252	-0.94999	-5.53252
-1.97513	-0.0729	-5.45991	-1.40373	-5.45991
-0.43305	-2.7462	-4.05775	-0.32719	-4.05775
-2.2311	1.2939	-4.97272	-0.97942	-4.97272
-1.83208	-0.3486	
-0.30629	0.9708	
-1.28113	-0.2936	
-3.57886	-3.1009	
-2.28972	0.1999	
-2.79351	-1.0277	
-1.04776	-0.8273	
-2.18425	-0.3652	
-0.56846	-0.2149	
-2.30168	-0.186	
-3.11312	-0.8908	
-3.60959	-2.7022	
-0.78387	-2.7413	
-1.20446	-0.9169	
-2.05422	-0.8306	
-1.77147	-1.8302	
0.53118	-1.7193	
0.58145	0.0266	
-2.65242	-0.6444	
-2.37936	-0.0034	
-2.05328	0.0466	
-0.2371	0.7471	
-1.05669	-1.3698	
-0.85923	-0.668	
-2.66836	-0.1614	
-1.96475	-0.7076	
-1.59619	-0.3642	
-1.63246	-1.1742	
-0.77412	-0.9704	
-1.5791	-1.1402	
-3.1168	-0.5091	
-2.53455	0.8064	
-0.73612	0.9179	
-2.02051	-0.1318	
-2.61394	0.2089	
-1.63421	-1.784	
-0.99646	2.3124	
-0.59726	0.3109	
-1.60085	-0.2732	
0.41065	-1.1965	
-1.36769	-1.8366	
-2.79606	0.0597	
-1.99251	1.1089	
-0.05666	1.5645	
-2.52952	-3.3721	
-0.97063	-1.3227	
-0.14433	-1.7821	
-0.56097	-1.3279	
-3.66256	-1.6239	
-2.67502	-0.0318	
-2.09069	-1.8682	
-0.69357	-0.3211	
-2.78007	-1.2949	
-2.78771	-0.748	
-1.63776	-3.3313	
-1.68977	-0.6263	
-1.74038	-1.3958	
-1.42421	-1.2459	
-0.71999	0.2253	
-0.98362	-0.9643	
-1.75832	0.4595	
-3.82365	-1.851	
-0.65377	-1.0554	
-0.93176	1.001	
-3.61508	-1.7646	
0.11335	-0.9405	
-2.49085	0.9404	
-1.75705	-1.4592	
0.78024	0.0508	
-1.82678	-2.4348	
0.33369	0.7407	
-0.09405	-0.7958	
-0.55862	-0.8813	
-2.48406	-1.5152	
-2.24542	-1.3747	
-2.16775	-1.62	
-3.5164	-2.9331	
-2.08954	-3.013	
-1.72627	-0.7075	
-2.10628	-2.8515	
-1.91721	-2.6461	
-3.1663	-0.7434	
-1.28604	0.5809	
-0.67932	-0.7268	
-1.23104	-2.3633	
-2.83579	-2.5925	
-1.91987	-0.9329	
-2.30111	-2.0922	
-0.5074	-2.0539	
-1.70014	-1.7084	
-1.30771	-0.6138	
-1.68698	-0.1865	
-2.25145	-1.3361	
-0.55474	-1.4409	
-1.99769	-0.8828	
-1.03058	-0.5118	
-1.23797	-0.9533	
-1.33782	0.1197	
-2.10962	-1.3398	
-5.89491	-3.5116	
-5.65048	-3.8075	
0.08871	1.4672	
-3.64116	-3.1288	
-2.32818	-2.7781	
-1.43482	-0.8516	
0.92016	1.285	
0.24077	-0.786	
-3.66778	-0.8643	
-1.15288	-1.2174	
-3.06346	-0.764	
-1.01534	0.792	
-4.17472	-2.3988	
-0.5673	-0.8973	
-0.16641	1.9372	
-2.54156	-0.4877	
-0.94172	-1.307	
-0.8429	0.8345	
-0.52481	-0.3176	
0.19797	-0.8192	
-0.40119	-0.0532	
-4.76786	-3.7757	
-1.29785	-0.3583	
0.36219	1.4191	
-2.01488	1.1344	
-2.89552	-2.043	
-1.61868	-0.5383	
-0.70555	0.6532	
-2.62277	-0.6689	
-1.93198	-0.7001	
-0.37298	-2.8832	
-1.78512	-2.3077	
-1.81722	-2.2622	
-0.50084	-1.2281	
-5.5238	-6.3848	
-1.22263	0.3728	
-0.29779	-2.7949	
0.92417	-1.262	
1.67767	-1.6072	
-1.25136	-1.2613	
-1.71397	0.188	
-2.0543	-0.8943	
-4.04649	-2.4806	
-1.80491	-2.0257	
-1.37757	1.2949	
-1.55388	-0.1059	
-2.8236	-0.7534	
-1.5188	1.052	
0.49567	-0.1732	
0.4709	0.8758	
-1.99961	-1.3836	
-1.8251	-0.4119	
-2.98	-2.0102	
0.30188	-2.4081	
-1.57164	1.2909	
-0.42044	-1.3246	
-3.38899	-2.3116	
-2.55293	-0.6435	
-2.48297	-1.139	
-1.48665	-1.3117	
-1.53357	-2.3087	
-2.53194	-1.2353	
-1.33153	-0.6911	
-2.06429	-0.3257	
-5.33109	-2.3849	
-2.1874	-1.1531	
-1.11847	-1.5264	
-1.92328	-0.8367	
-1.58403	-1.5804	
-0.63716	-1.3337	
-1.78449	-0.3999	
-2.3131	-0.2733	
-2.21407	-0.7974	
-0.0163	-1.2396	
-2.23653	-2.1473	
-0.908	-1.7923	
-0.44135	-0.8351	
-1.97261	0.2063	
-1.94099	-1.3299	
-1.52843	-2.2354	
-1.5031	-1.1548	
-0.0454	-0.4384	
-2.48439	-0.2676	
-3.10706	-2.1711	
-1.26554	0.2194	
-1.62827	0.3642	
-1.97757	1.0519	
0.73132	-1.6529	
-1.18036	1.561	
-1.11473	0.7808	
-1.39476	-2.415	
-2.00779	-3.0168	
-3.5538	-2.7085	
-2.86189	-0.1923	
-0.69137	-1.4262	
-1.79386	-1.2043	
-2.1157	-0.7843	
-2.18804	0.2289	
-1.30745	-0.4152	
-2.73875	-2.9154	
-2.56246	-1.9549	
-2.22555	-0.6493	
-2.42778	-1.218	
-1.13824	-3.3093	
-0.53756	2.0698	
-1.48485	0.1811	
-2.73196	-1.5156	
-1.6636	-0.6491	
-1.73262	-1.2197	
-1.65959	1.6732	
-0.45735	0.5578	
0.25827	-0.2444	
-0.63882	-1.0294	
-1.68215	1.9448	
-0.40591	-0.0068	
-3.52184	-1.7666	
-0.89185	-0.1454	
-2.61	-1.2611	
-3.7784	-0.0685	
0.07161	-0.1416	
-3.36019	-0.2747	
-2.37517	-1.1723	
-0.79092	0.8496	
-2.49152	-0.8861	
-1.04656	-1.1306	
-3.66278	-3.3777	
-1.47746	-0.1727	
-2.72999	-1.5266	
-0.49287	0.0829	
-2.44702	-0.9897	
-2.61603	-2.1663	
-3.07184	-2.3142	
0.66626	1.582	
-3.16001	-1.582	
-1.58725	0.1156	
-2.07585	-2.129	
-2.87468	-0.738	
-2.3964	-0.1816	
-1.00525	-1.2234	
-1.36408	0.3226	
-1.99882	-0.8971	
-2.71886	-1.7084	
-1.51769	-0.211	
-3.33715	-0.3772	
-2.28943	-1.6138	
-2.22536	-0.4878	
-1.67928	-3.2136	
-0.52077	-1.6941	
-2.86232	-1.8945	
-2.79353	-2.0509	
-2.72831	-2.0596	
-1.92356	-1.307	
-0.65842	0.6782	
-0.47796	-2.3229	
-0.16585	-1.7562	
-1.80161	-1.267	
-1.35844	-1.0674	
-1.71246	-1.406	
-3.27333	1.381	
-0.90881	0.0584	
-0.78547	0.8934	
-2.58128	-2.0997	
-0.1987	0.7102	
1.1545	-0.7106	
-2.20743	-0.1914	
1.16095	0.4604	
-1.39942	-1.541	
-1.49692	-0.0407	
-2.69374	-1.8017	
-2.03084	-1.382	
-2.04934	-2.4084	
0.13	-0.4327	
0.15027	-1.1758	
-0.54054	-0.0959	
-1.38943	-1.2202	
-1.13801	-2.4369	
-0.7073	-0.9743	
-2.04921	-2.005	
-2.45361	-1.4038	
-1.48458	-0.8741	
-0.46007	1.3885	
1.15396	-0.1666	
-2.4792	-1.3374	
0.40065	0.8567	
-3.3894	-2.8259	
-1.79876	-1.3411	
-0.13566	-0.192	
-1.09509	-1.6661	
-2.29754	1.6894	
-0.52891	0.8614	
-1.69425	1.4912	
-0.43545	0.8317	
-3.20534	0.767	
-1.49475	-1.478	
1.5931	-0.0709	
-3.58433	-3.0287	
-1.91327	-1.3048	
-2.24004	-1.4291	
-2.15407	-0.9963	
-2.23649	-1.4691	
0.09808	-0.398	
-1.68797	-0.7156	
-2.34567	-0.8986	
-0.94157	-1.8182	
-2.74198	-0.868	
-3.93598	-0.7116	
-1.01222	-1.0354	
-1.77862	-1.8949	
-1.62473	-0.9003	
-2.92881	-2.5782	
-3.65866	-1.4253	
-0.81304	-0.8367	
0.61581	-2.4426	
-2.9142	-0.382	
0.66039	1.0253	
-3.53402	-1.8127	
-2.75634	-1.5113	
-3.82915	-1.7137	
-3.37229	-1.8764	
-2.94895	-2.0459	
-0.5984	-0.2884	
-3.17515	-3.2652	
-0.79012	0.5406	
-2.01206	-0.2843	
-0.92562	1.3823	
-2.61278	0.7272	
-0.59317	0.0968	
-1.95202	-0.4682	
-2.60686	0.3374	
0.86148	-1.2666	
0.26082	-0.6553	
-2.68091	-3.8566	
-0.91169	-0.8491	
-4.55808	-3.3852	
-1.54723	-0.949	
-3.1215	-1.1167	
-0.02242	-1.1821	
-2.84498	-2.3475	
-1.91463	-0.8098	
-3.88868	-1.3769	
-2.38784	-0.0167	
-0.82982	-1.4479	
-0.89911	-0.202	
-1.60218	-1.9613	
-1.80712	-1.1026	
0.7943	-0.1837	
-2.54965	-0.4917	
-2.06575	-0.8716	
-1.48315	-0.3305	
1.04482	1.0371	
-1.31951	-1.6991	
-1.65187	-0.6854	
0.17454	0.2848	
-2.94396	-1.707	
-2.06064	-0.9088	
-2.14274	-2.3619	
-0.69315	-1.5252	
-2.50693	-0.723	
-1.62395	-1.9005	
-3.95746	0.2896	
-2.45808	0.0796	
0.22492	-0.8735	
-2.0671	-1.3803	
-0.70853	-0.1333	
-2.02559	-1.4116	
0.03403	-1.1731	
-1.30305	-0.9331	
-0.34567	-1.1987	
-2.0475	-1.3673	
-2.20059	0.1884	
-2.87583	0.4243	
-2.12418	-1.4574	
-0.03484	-0.5933	
-0.48657	-0.313	
1.45153	-1.9429	
-1.46326	-0.1691	
-2.17937	0.2654	
-0.80528	1.0958	
-1.21432	-2.1196	
-2.29171	-1.2125	
-3.06551	-3.2956	
0.79055	-0.7818	
-1.53569	-1.8651	
-0.97955	0.6552	
-1.88521	-2.6951	
-2.66521	-2.3303	
-3.28755	-3.431	
-2.90256	-0.1236	
-3.89388	-1.4415	
-2.60369	-2.8386	
0.10609	-2.4995	
-1.60232	-0.7248	
-2.09303	-0.9699	
-1.95646	-0.3631	
-1.95824	0.7544	
-0.37053	1.1384	
-0.4559	0.9474	
-0.57515	-0.5317	
-1.50813	-0.0671	
-2.20591	-0.4368	
-2.52914	-1.4369	
-1.14737	-0.3219	
-1.61796	-0.014	
0.16905	2.5501	
-2.34555	-1.5305	
-0.8334	-1.0683	
-3.53593	0.4279	
-3.14678	-0.8546	
-1.99821	-1.6669	
-2.991	-2.2572	
-3.26209	-0.3923	
-0.8356	-0.4744	
-0.75413	-0.0399	
-1.2441	-1.6513	
-2.03156	-3.2163	
-1.05133	-1.891	
-1.73612	0.0869	
0.52529	-1.0777	
-0.36918	-0.4516	
-2.46117	-0.8616	
-0.69302	0.2279	
-1.33369	-1.8994	
-1.92017	-0.9432	
-2.40041	-1.2726	
-3.3757	-0.1723	
-1.579	0.8613	
-1.85857	-2.6388	
-1.96522	-1.8742	
-2.61199	-1.5238	
0.08815	0.4429	
-1.05365	-0.2998	
-2.01598	0.0839	
-0.78282	-0.3994	
-1.71173	-1.9528	
-0.06963	-0.4125	
-2.05092	0.757	
-1.1114	-0.0959	
0.40653	-0.6195	
-2.24445	-1.4109	
-1.40028	0.1021	
-2.15054	-0.771	
-0.44477	-0.8584	
-0.91388	0.1705	
-1.3866	-1.8154	
-0.36609	0.3873	
-2.16178	-0.3294	
-0.9396	-0.7796	
0.03765	-1.7184	
-0.67214	-0.804	
-1.68906	0.8583	
-1.48703	-0.6117	
-1.97959	0.5656	
-1.60192	-1.9118	
-1.70941	0.2005	
-1.18689	0.7704	
-2.62436	-1.5545	
-1.40031	-1.4233	
-2.50325	-2.2785	
-2.76119	-0.8052	
-1.70151	1.5752	
-0.85611	1.0778	
-0.67861	-0.3468	
-2.36496	-1.5448	
-1.64623	-0.3817	
-0.79578	-0.2036	
-3.04675	-3.7344	
-2.73292	-0.1098	
-2.23515	-0.8909	
0.19884	-1.1184	
-1.65829	-1.9169	
-1.37399	-3.0501	
-3.98076	-2.8072	
-3.43629	-1.5325	
-3.86778	-1.8177	
-1.03228	0.1644	
-1.53299	-1.5177	
-1.38085	-1.3702	
-3.09688	-1.2673	
-3.44105	-1.6672	
-1.80517	-1.289	
-1.16376	-1.12	
-5.17789	-1.5495	
-2.1189	-2.9321	
-0.49949	0.2842	
-0.6497	0.3411	
-1.49565	-1.405	
-3.6618	-3.2439	
-2.18593	-0.7292	
-4.05282	-2.6913	
-2.10965	-2.2701	
-1.69035	-2.0367	
-0.08031	-2.3248	
-1.04767	-0.9657	
0.11165	-0.2114	
-0.46184	0.356	
-1.16602	-2.5961	
-1.45291	-1.5202	
-2.05441	-2.1586	
-1.44783	-1.5983	
-3.1155	-0.9625	
-0.97913	0.064	
-3.30113	-2.75	
1.0494	-0.7834	
-3.02187	0.0229	
-0.21003	0.4702	
-2.92282	-3.0506	
-1.33002	-1.9172	
-2.34471	-1.5094	
-0.12841	1.8071	
-0.90745	-2.6168	
-1.02925	-1.3049	
0.57647	-1.6004	
-2.72105	-0.8185	
-1.94825	-1.2638	
0.50223	0.3333	
0.27931	-0.2878	
-1.11308	0.4567	
-0.53547	-1.2084	
-0.75949	-0.3115	
-2.85913	-1.3392	
-2.08408	-1.3631	
-1.43353	-1.2095	
-1.62214	-0.2107	
-4.15552	-2.634	
-0.95159	-1.8681	
-2.07325	-1.8352	
-0.85077	-2.4602	
-1.56853	-0.5154	
-3.40786	-2.7872	
-3.21704	-1.0435	
0.08994	-2.5832	
-2.74521	-1.4668	
-1.08343	-0.8251	
-1.38763	-1.1729	
-0.97104	-0.2486	
-0.19933	-1.8639	
-3.26618	-0.8055	
-2.76444	-0.659	
-2.42924	-0.6604	
-1.03222	-1.4908	
-1.4307	1.1896	
-3.07511	-1.4451	
-2.30344	-2.436	
-1.76556	-1.3979	
-1.54579	-0.6019	
-3.19198	-2.0717	
-2.14995	-0.1504	
-2.47349	0.308	
-2.12024	-1.7022	
-3.04023	-2.2569	
-3.88561	-3.8176	
-3.1725	-2.6427	
-2.47167	-1.6916	
-2.24365	-1.4466	
-1.80416	-1.6152	
-1.99773	-2.4312	
-0.93216	-2.1663	
-0.86921	-0.5572	
0.4107	0.2992	
0.03761	-0.1763	
-0.19686	-2.1976	
-0.7451	-0.2119	
-0.23761	-0.7153	
-1.22677	-0.4354	
-1.34113	-1.0646	
-1.89263	-0.2189	
-0.21259	-0.8372	
-1.49651	-0.1443	
-1.72179	-1.7059	
-1.74244	0.2033	
-1.13197	-0.8495	
-0.61347	-1.2238	
-2.4023	-1.0308	
-0.54581	-0.9586	
-0.87474	1.5925	
-3.40524	-2.559	
-2.27824	-1.609	
-2.89818	0.0747	
-1.44233	-1.3115	
-2.38021	-0.0082	
-1.86028	-1.0241	
-1.21938	0.4066	
-0.25524	-1.7833	
-0.51404	-1.1009	
-0.71052	-0.2521	
0.05313	0.6223	
-2.40654	-0.7899	
-2.44611	-0.293	
-1.25488	-0.5722	
-0.75318	-1.4406	
-1.90633	1.1076	
-2.63262	-1.3993	
-2.99949	-2.0801	
-0.75287	1.2633	
-4.78817	-2.0723	
-1.65882	-2.9679	
-3.18669	-0.2423	
-3.25301	-1.0263	
-3.34176	-3.8044	
-1.44866	-2.1629	
0.70599	-1.3391	
-2.13855	-2.3729	
-2.60531	-1.782	
-1.67585	-0.0156	
-1.04258	1.0001	
-1.42118	-0.1695	
-2.19431	-0.98	
-1.29746	-1.3764	
-2.82875	-1.5107	
-1.54281	-1.5341	
-2.36301	-1.5798	
-1.08125	-1.7428	
0.95522	0.5636	
-0.99436	-1.0859	
-2.62398	-1.4622	
-0.5916	-0.6902	
-0.44115	0.5728	
-2.11476	-1.8443	
-0.51002	-0.826	
-1.47768	-0.5311	
-2.01511	-0.8343	
-1.24163	-0.5309	
-0.61732	-0.3486	
0.04191	0.056	
-0.33274	-1.3108	
-1.23962	-0.1941	
-0.57877	0.5793	
-1.458	2.2603	
-0.37822	0.1857	
-3.98633	-1.0347	
-1.09438	0.2363	
-2.90171	0.1782	
-2.02145	-0.8618	
-2.37325	-0.6374	
-1.50496	-1.474	
-1.75755	-1.7552	
-1.17514	-0.7076	
-3.38078	-2.2867	
-2.9217	-3.1448	
-1.73252	-1.3685	
-2.24823	-2.0834	
-2.2807	0.6432	
0.27389	1.4326	
-2.32027	0.9148	
-3.25603	-2.7196	
-2.09101	-0.8655	
-1.81238	-0.655	
-2.18588	-0.8324	
-1.45119	-1.3837	
-2.16714	-0.7008	
-1.30518	0.0545	
-1.35462	-2.1772	
-1.39438	-1.7758	
-1.44122	-2.0204	
-1.69105	0.5652	
0.01825	-1.3894	
-2.18418	-1.8917	
-0.79568	-1.15	
0.22961	-1.824	
-0.1698	-0.7783	
-1.09777	-0.8374	
0.1073	-0.4039	
-0.42099	-0.2678	
-2.2495	-1.6143	
-2.09165	-1.0923	
-1.93789	-2.3857	
-2.72287	-0.8714	
-2.68988	-0.6869	
-1.16591	-0.1654	
-0.40434	-2.6111	
-1.08062	-0.2651	
-2.67132	-1.027	
-2.29765	0.0533	
-1.32592	0.2262	
-1.28378	-0.7436	
-2.03366	-1.2834	
-1.86044	-1.7453	
-1.46382	-1.5537	
-0.05338	0.4511	
-0.50851	-1.1918	
-3.31569	-1.1662	
-3.59727	-2.6803	
-0.73025	-1.2515	
-0.18423	-1.3879	
-1.10358	-0.69	
-2.80336	-0.8047	
-1.37409	-0.3421	
-2.09758	-1.6792	
-0.56312	-0.7724	
-1.14473	-1.1988	
-0.96237	-0.4042	
