predus	ispred	dockpred	rfscore	logreg
0.0	0.98	1.0	0.88	0.9580440445415052
0.112	0.99	0.85902	0.24	0.962923918181526
0.0	0.97	0.6704	0.79	0.5227740338025131
0.0	0.0	0.58371	0.03833333333333334	0.2873920505452171
0.455	0.98	0.87737	0.785	0.999585269341172
0.494	0.0	0.14683	0.02	0.7947114099820172
1.0	0.19	0.90058	0.89	0.9999996153249356
0.141	0.64	0.46594	0.685	0.48346419362548304
0.126	0.46	0.31971	0.0	0.16235451504501783
0.0	0.0	0.18059	0.001381475667189953	0.009755530404645664
0.141	0.64	0.32321	0.26	0.20093478220239197
0.186	0.88	0.30955	0.602	0.29234111673672225
0.186	0.64	0.77582	0.76	0.9664232260772972
0.0	0.35	0.71289	0.15130952380952378	0.6383443207474746
0.166	0.96	0.69873	0.5670833333333334	0.9999674103573123
0.227	0.25	0.68456	0.2526785714285714	0.7411309697226779
0.185	0.96	0.55249	0.19171758796758798	0.999958349178931
0.281	0.67	0.57709	0.2322048828364618	0.9990772536999293
0.245	0.98	0.50368	0.4318528693528695	0.9999782781436243
0.649	0.97	0.77883	0.98	0.9999996317085258
1.0	0.17	0.59068	0.30125	0.9981444942162746
0.433	0.24	1.0	0.3414285714285714	0.97211764012287
0.047	0.26	0.45947	0.0018095238095238093	0.2740613298780444
0.176	0.01	0.62408	0.11823412698412698	0.05461163062523571
0.237	0.49	0.49713	0.06166666666666667	0.7970105055394161
0.569	0.84	0.77953	0.97	0.9897388981232268
0.62	0.99	0.85515	0.99	0.9968020969461976
0.0	0.0	0.23158	0.03152655821871314	0.08073633403862054
0.35	0.92	0.28355	0.22499999999999998	0.5033014611386926
0.16	0.56	0.19802	0.011071428571428572	0.18317630287294237
0.0	0.13	0.12631	0.0029767842466634576	0.03983236756156584
0.0	0.0	0.24434	0.03152655821871314	0.09202338726974235
0.073	0.54	0.13426	0.0007142857142857143	0.12121973470500777
0.075	0.98	0.4493	0.665	0.9529450491080621
0.258	0.78	0.47019	0.6666666666666667	0.8761341387552203
0.965	0.82	0.57476	0.98	0.7020688401870647
0.057	0.89	0.26204	0.4084285714285714	0.661311340127415
0.051	0.97	0.26911	0.54	0.7377678239580486
0.034	0.5	0.21047	0.00035714285714285714	0.244962984952073
0.0	0.98	0.14898	0.7566666666666666	0.47324116430336366
0.0	0.77	0.11697	0.24623547727483966	0.2380660762124176
0.569	0.94	0.65158	0.78	0.9696734137180136
0.706	0.92	0.76224	0.94	0.9848485634566855
0.929	0.87	1.0	0.98	0.9973170590667404
0.036	0.61	0.4354	0.4822272727272726	0.23150402721557542
0.0	0.19	0.80307	0.5378604458163281	0.15359826186839742
0.0	0.0	0.11175	0.0	0.01129123393186613
1.0	0.85	0.174	0.397	0.5280102933820343
0.422	0.93	0.12153	0.46	0.3851922444104658
0.0	0.91	0.17276	0.2232979797979798	0.28602551684613664
0.056	0.68	0.18101	0.30979797979797974	0.15794299902767955
0.0	0.0	0.06436	0.0	0.009818230021268554
0.965	0.97	1.0	1.0	0.9514825847856735
