Protein Threshold TP FP N Neg TPR FPR
1ACB.E 0.42 9 39 13 228 .692 .171
1ACB.I 0.42 5 0 11 52 .454 0
1AHW.A 0.42 8 43 8 206 1.000 .208
1AK4.A 0.42 6 15 9 156 .666 .096
1AVX.A 0.42 9 5 19 201 .473 .024
1AY7.A 0.42 5 11 9 87 .555 .126
1AY7.B 0.42 1 3 9 80 .111 .037
1BGX.H 0.42 12 40 16 189 .750 .211
1DE4.E 0.42 4 5 21 78 .190 .064
1DFJ.E 0.42 0 0 18 106 0 0
1DFJ.I 0.42 9 15 18 438 .500 .034
1DQJ.A 0.42 7 51 7 207 1.000 .246
1E4K.C 0.42 0 0 12 160 0 0
1E6J.H 0.42 4 36 5 214 .800 .168
1EXB.E 0.42 2 39 3 88 .666 .443
1F34.A 0.42 16 28 22 303 .727 .092
1FC2.D 0.42 0 35 10 196 0 .178
1FFW.A 0.42 3 21 8 120 .375 .175
1FFW.B 0.42 9 31 10 58 .900 .534
1FLE.E 0.42 6 69 11 218 .545 .316
1GHQ.A 0.42 0 48 5 302 0 .158
1GXD.A 0.42 2 9 21 603 .095 .014
1GXD.C 0.42 9 20 18 174 .500 .114
1IRA.X 0.42 13 10 23 122 .565 .081
1JIW.I 0.42 15 45 15 90 1.000 .500
1JIW.P 0.42 13 38 20 450 .650 .084
1JPS.H 0.42 9 47 10 203 .900 .231
1KAC.A 0.42 6 16 9 176 .666 .090
1KAC.B 0.42 0 4 12 112 0 .035
1KLU.D 0.42 2 3 11 219 .181 .013
