Protein Threshold TP FP N Neg TPR FPR
ISPRED. 0.05 0 105 0 172 .610
ISPRED. 0.05 5 120 0 55 2.181
ISPRED. 0.05 43 163 0 172 .947
ISPRED. 0.05 77 204 0 119 1.714
ISPRED. 0.05 95 233 0 158 1.474
ISPRED. 0.05 102 267 0 85 3.141
ISPRED. 0.05 103 279 0 67 4.164
ISPRED. 0.05 129 337 0 179 1.882
ISPRED. 0.05 141 375 0 87 4.310
ISPRED. 0.05 144 386 0 103 3.747
ISPRED. 0.05 150 439 0 325 1.350
ISPRED. 0.05 161 515 0 181 2.845
ISPRED. 0.05 164 544 0 141 3.858
ISPRED. 0.05 173 604 0 182 3.318
ISPRED. 0.05 178 660 0 76 8.684
ISPRED. 0.05 196 743 0 235 3.161
ISPRED. 0.05 216 792 0 174 4.551
ISPRED. 0.05 220 854 0 98 8.714
ISPRED. 0.05 230 895 0 59 15.169
ISPRED. 0.05 236 1013 0 167 6.065
ISPRED. 0.05 249 1114 0 197 5.654
ISPRED. 0.05 261 1195 0 504 2.371
Protein Threshold TP FP N Neg TPR FPR
1ACB.E 0.05 10 95 13 159 .769 .597
1ACB.I 0.05 10 10 11 44 .909 .227
1AHW.A 0.05 8 73 8 164 1.000 .445
1AK4.A 0.05 7 68 9 110 .777 .618
1AVX.A 0.05 12 35 19 139 .631 .251
1AY7.A 0.05 7 34 9 76 .777 .447
1AY7.B 0.05 2 11 9 58 .222 .189
1BGX.H 0.05 14 70 31 148 .451 .472
1DE4.E 0.05 13 37 21 66 .619 .560
1DFJ.E 0.05 2 12 18 85 .111 .141
1DFJ.I 0.05 15 44 18 307 .833 .143
1DQJ.A 0.05 7 80 18 163 .388 .490
1E4K.C 0.05 3 29 12 129 .250 .224
1E6J.H 0.05 4 65 7 175 .571 .371
1EXB.E 0.05 2 59 3 73 .666 .808
1F34.A 0.05 19 82 23 212 .826 .386
1FC2.D 0.05 3 66 10 164 .300 .402
1FFW.A 0.05 6 60 8 90 .750 .666
1FFW.B 0.05 9 42 10 49 .900 .857
1FLE.E 0.05 8 116 11 156 .727 .743
1GHQ.A 0.05 2 112 5 192 .400 .583
1GXD.A 0.05 5 88 21 483 .238 .182
1GXD.C 0.05 15 71 18 149 .833 .476
1IRA.X 0.05 21 34 23 90 .913 .377
1JIW.I 0.05 15 55 15 69 1.000 .797
1JIW.P 0.05 15 134 20 312 .750 .429
1JPS.H 0.05 9 70 16 160 .562 .437
1KAC.A 0.05 9 58 9 134 1.000 .432
1KAC.B 0.05 6 18 12 89 .500 .202
1KLU.D 0.05 5 26 11 154 .454 .168
