Protein Threshold TP FP N Neg TPR FPR
1ACB.E 0.35 9 43 13 159 .692 .270
1ACB.I 0.35 6 0 11 44 .545 0
1AHW.A 0.35 8 44 8 164 1.000 .268
1AK4.A 0.35 6 21 9 110 .666 .190
1AVX.A 0.35 9 6 19 139 .473 .043
1AY7.A 0.35 5 12 9 76 .555 .157
1AY7.B 0.35 1 3 9 58 .111 .051
1BGX.H 0.35 12 41 31 148 .387 .277
1DE4.E 0.35 5 6 21 66 .238 .090
1DFJ.E 0.35 0 0 18 85 0 0
1DFJ.I 0.35 11 15 18 307 .611 .048
1DQJ.A 0.35 7 52 18 163 .388 .319
1E4K.C 0.35 0 1 12 129 0 .007
1E6J.H 0.35 4 37 7 175 .571 .211
1EXB.E 0.35 2 43 3 73 .666 .589
1F34.A 0.35 16 32 23 212 .695 .150
1FC2.D 0.35 0 39 10 164 0 .237
1FFW.A 0.35 3 21 8 90 .375 .233
1FFW.B 0.35 9 41 10 49 .900 .836
1FLE.E 0.35 6 72 11 156 .545 .461
1GHQ.A 0.35 0 52 5 192 0 .270
1GXD.A 0.35 2 13 21 483 .095 .026
1GXD.C 0.35 9 20 18 149 .500 .134
1IRA.X 0.35 15 11 23 90 .652 .122
1JIW.I 0.35 15 49 15 69 1.000 .710
1JIW.P 0.35 13 43 20 312 .650 .137
1JPS.H 0.35 9 47 16 160 .562 .293
1KAC.A 0.35 7 19 9 134 .777 .141
1KAC.B 0.35 0 4 12 89 0 .044
1KLU.D 0.35 2 3 11 154 .181 .019
