Protein Threshold TP FP N Neg TPR FPR
1ACB.E 0.33 9 45 13 228 .692 .197
1ACB.I 0.33 6 0 11 52 .545 0
1AHW.A 0.33 8 44 8 206 1.000 .213
1AK4.A 0.33 6 22 9 156 .666 .141
1AVX.A 0.33 9 8 19 201 .473 .039
1AY7.A 0.33 5 13 9 87 .555 .149
1AY7.B 0.33 1 3 9 80 .111 .037
1BGX.H 0.33 13 42 16 189 .812 .222
1DE4.E 0.33 5 7 21 78 .238 .089
1DFJ.E 0.33 0 0 18 106 0 0
1DFJ.I 0.33 11 16 18 438 .611 .036
1DQJ.A 0.33 7 52 7 207 1.000 .251
1E4K.C 0.33 0 1 12 160 0 .006
1E6J.H 0.33 4 37 5 214 .800 .172
1EXB.E 0.33 2 45 3 88 .666 .511
1F34.A 0.33 16 33 22 303 .727 .108
1FC2.D 0.33 0 40 10 196 0 .204
1FFW.A 0.33 3 22 8 120 .375 .183
1FFW.B 0.33 9 41 10 58 .900 .706
1FLE.E 0.33 6 75 11 218 .545 .344
1GHQ.A 0.33 0 52 5 302 0 .172
1GXD.A 0.33 2 13 21 603 .095 .021
1GXD.C 0.33 9 22 18 174 .500 .126
1IRA.X 0.33 15 11 23 122 .652 .090
1JIW.I 0.33 15 51 15 90 1.000 .566
1JIW.P 0.33 13 43 20 450 .650 .095
1JPS.H 0.33 9 47 10 203 .900 .231
1KAC.A 0.33 7 19 9 176 .777 .107
1KAC.B 0.33 0 4 12 112 0 .035
1KLU.D 0.33 2 3 11 219 .181 .013
