Protein Threshold TP FP N Neg TPR FPR
1ACB.E 0.61 8 21 13 228 .615 .092
1ACB.I 0.61 5 0 11 52 .454 0
1AHW.A 0.61 7 40 8 206 .875 .194
1AK4.A 0.61 6 8 9 156 .666 .051
1AVX.A 0.61 7 4 19 201 .368 .019
1AY7.A 0.61 5 8 9 87 .555 .091
1AY7.B 0.61 1 1 9 80 .111 .012
1BGX.H 0.61 11 34 16 189 .687 .179
1DE4.E 0.61 1 2 21 78 .047 .025
1DFJ.E 0.61 0 0 18 106 0 0
1DFJ.I 0.61 9 11 18 438 .500 .025
1DQJ.A 0.61 7 48 7 207 1.000 .231
1E4K.C 0.61 0 0 12 160 0 0
1E6J.H 0.61 3 33 5 214 .600 .154
1EXB.E 0.61 2 32 3 88 .666 .363
1F34.A 0.61 14 23 22 303 .636 .075
1FC2.D 0.61 0 28 10 196 0 .142
1FFW.A 0.61 2 17 8 120 .250 .141
1FFW.B 0.61 7 21 10 58 .700 .362
1FLE.E 0.61 5 57 11 218 .454 .261
1GHQ.A 0.61 0 33 5 302 0 .109
1GXD.A 0.61 1 5 21 603 .047 .008
1GXD.C 0.61 6 14 18 174 .333 .080
1IRA.X 0.61 10 10 23 122 .434 .081
1JIW.I 0.61 14 36 15 90 .933 .400
1JIW.P 0.61 12 24 20 450 .600 .053
1JPS.H 0.61 8 45 10 203 .800 .221
1KAC.A 0.61 6 9 9 176 .666 .051
1KAC.B 0.61 0 4 12 112 0 .035
1KLU.D 0.61 2 1 11 219 .181 .004
