Protein Threshold TP FP N Neg TPR FPR
1ACB.E 0.01 10 122 13 228 .769 .535
1ACB.I 0.01 11 38 11 52 1.000 .730
1AHW.A 0.01 8 137 8 206 1.000 .665
1AK4.A 0.01 7 87 9 156 .777 .557
1AVX.A 0.01 12 114 19 201 .631 .567
1AY7.A 0.01 7 61 9 87 .777 .701
1AY7.B 0.01 8 51 9 80 .888 .637
1BGX.H 0.01 16 133 16 189 1.000 .703
1DE4.E 0.01 18 52 21 78 .857 .666
1DFJ.E 0.01 17 69 18 106 .944 .650
1DFJ.I 0.01 16 229 18 438 .888 .522
1DQJ.A 0.01 7 146 7 207 1.000 .705
1E4K.C 0.01 11 97 12 160 .916 .606
1E6J.H 0.01 4 152 5 214 .800 .710
1EXB.E 0.01 2 60 3 88 .666 .681
1F34.A 0.01 19 153 22 303 .863 .504
1FC2.D 0.01 8 135 10 196 .800 .688
1FFW.A 0.01 8 76 8 120 1.000 .633
1FFW.B 0.01 9 42 10 58 .900 .724
1FLE.E 0.01 8 116 11 218 .727 .532
1GHQ.A 0.01 4 152 5 302 .800 .503
1GXD.A 0.01 16 357 21 603 .761 .592
1GXD.C 0.01 17 124 18 174 .944 .712
1IRA.X 0.01 23 72 23 122 1.000 .590
1JIW.I 0.01 15 56 15 90 1.000 .622
1JIW.P 0.01 15 244 20 450 .750 .542
1JPS.H 0.01 9 137 10 203 .900 .674
1KAC.A 0.01 9 109 9 176 1.000 .619
1KAC.B 0.01 12 70 12 112 1.000 .625
1KLU.D 0.01 7 123 11 219 .636 .561
