Protein Threshold TP FP N Neg TPR FPR
1ACB.E 0.19 10 59 13 228 .769 .258
1ACB.I 0.19 9 2 11 52 .818 .038
1AHW.A 0.19 8 49 8 206 1.000 .237
1AK4.A 0.19 7 33 9 156 .777 .211
1AVX.A 0.19 10 15 19 201 .526 .074
1AY7.A 0.19 5 22 9 87 .555 .252
1AY7.B 0.19 1 3 9 80 .111 .037
1BGX.H 0.19 14 50 16 189 .875 .264
1DE4.E 0.19 9 11 21 78 .428 .141
1DFJ.E 0.19 0 2 18 106 0 .018
1DFJ.I 0.19 12 18 18 438 .666 .041
1DQJ.A 0.19 7 55 7 207 1.000 .265
1E4K.C 0.19 0 5 12 160 0 .031
1E6J.H 0.19 4 39 5 214 .800 .182
1EXB.E 0.19 2 52 3 88 .666 .590
1F34.A 0.19 16 41 22 303 .727 .135
1FC2.D 0.19 0 48 10 196 0 .244
1FFW.A 0.19 4 31 8 120 .500 .258
1FFW.B 0.19 9 41 10 58 .900 .706
1FLE.E 0.19 7 94 11 218 .636 .431
1GHQ.A 0.19 1 71 5 302 .200 .235
1GXD.A 0.19 3 29 21 603 .142 .048
1GXD.C 0.19 9 32 18 174 .500 .183
1IRA.X 0.19 17 15 23 122 .739 .122
1JIW.I 0.19 15 53 15 90 1.000 .588
1JIW.P 0.19 14 54 20 450 .700 .120
1JPS.H 0.19 9 50 10 203 .900 .246
1KAC.A 0.19 7 30 9 176 .777 .170
1KAC.B 0.19 1 4 12 112 .083 .035
1KLU.D 0.19 2 5 11 219 .181 .022
