Protein Threshold TP FP N Neg TPR FPR
1ACB.E 0.18 10 60 13 228 .769 .263
1ACB.I 0.18 9 2 11 52 .818 .038
1AHW.A 0.18 8 49 8 206 1.000 .237
1AK4.A 0.18 7 33 9 156 .777 .211
1AVX.A 0.18 10 17 19 201 .526 .084
1AY7.A 0.18 5 22 9 87 .555 .252
1AY7.B 0.18 1 4 9 80 .111 .050
1BGX.H 0.18 14 51 16 189 .875 .269
1DE4.E 0.18 10 11 21 78 .476 .141
1DFJ.E 0.18 0 3 18 106 0 .028
1DFJ.I 0.18 12 18 18 438 .666 .041
1DQJ.A 0.18 7 55 7 207 1.000 .265
1E4K.C 0.18 0 5 12 160 0 .031
1E6J.H 0.18 4 40 5 214 .800 .186
1EXB.E 0.18 2 53 3 88 .666 .602
1F34.A 0.18 16 43 22 303 .727 .141
1FC2.D 0.18 0 49 10 196 0 .250
1FFW.A 0.18 4 31 8 120 .500 .258
1FFW.B 0.18 9 41 10 58 .900 .706
1FLE.E 0.18 7 95 11 218 .636 .435
1GHQ.A 0.18 1 74 5 302 .200 .245
1GXD.A 0.18 3 29 21 603 .142 .048
1GXD.C 0.18 9 33 18 174 .500 .189
1IRA.X 0.18 18 16 23 122 .782 .131
1JIW.I 0.18 15 54 15 90 1.000 .600
1JIW.P 0.18 14 58 20 450 .700 .128
1JPS.H 0.18 9 50 10 203 .900 .246
1KAC.A 0.18 8 30 9 176 .888 .170
1KAC.B 0.18 1 5 12 112 .083 .044
1KLU.D 0.18 2 5 11 219 .181 .022
