Protein Threshold TP FP N Neg TPR FPR
1ACB.E 0.45 9 36 13 159 .692 .226
1ACB.I 0.45 5 0 11 44 .454 0
1AHW.A 0.45 8 42 8 164 1.000 .256
1AK4.A 0.45 6 12 9 110 .666 .109
1AVX.A 0.45 8 4 19 139 .421 .028
1AY7.A 0.45 5 9 9 76 .555 .118
1AY7.B 0.45 1 3 9 58 .111 .051
1BGX.H 0.45 12 40 31 148 .387 .270
1DE4.E 0.45 4 3 21 66 .190 .045
1DFJ.E 0.45 0 0 18 85 0 0
1DFJ.I 0.45 9 15 18 307 .500 .048
1DQJ.A 0.45 7 50 18 163 .388 .306
1E4K.C 0.45 0 0 12 129 0 0
1E6J.H 0.45 4 35 7 175 .571 .200
1EXB.E 0.45 2 37 3 73 .666 .506
1F34.A 0.45 16 27 23 212 .695 .127
1FC2.D 0.45 0 34 10 164 0 .207
1FFW.A 0.45 3 21 8 90 .375 .233
1FFW.B 0.45 9 30 10 49 .900 .612
1FLE.E 0.45 6 68 11 156 .545 .435
1GHQ.A 0.45 0 47 5 192 0 .244
1GXD.A 0.45 2 9 21 483 .095 .018
1GXD.C 0.45 7 18 18 149 .388 .120
1IRA.X 0.45 13 10 23 90 .565 .111
1JIW.I 0.45 15 45 15 69 1.000 .652
1JIW.P 0.45 13 38 20 312 .650 .121
1JPS.H 0.45 9 47 16 160 .562 .293
1KAC.A 0.45 6 13 9 134 .666 .097
1KAC.B 0.45 0 4 12 89 0 .044
1KLU.D 0.45 2 3 11 154 .181 .019
