Protein Threshold TP FP N Neg TPR FPR
1ACB.E 0.22 9 55 13 228 .692 .241
1ACB.I 0.22 9 2 11 52 .818 .038
1AHW.A 0.22 8 47 8 206 1.000 .228
1AK4.A 0.22 6 28 9 156 .666 .179
1AVX.A 0.22 10 13 19 201 .526 .064
1AY7.A 0.22 5 19 9 87 .555 .218
1AY7.B 0.22 1 3 9 80 .111 .037
1BGX.H 0.22 14 47 16 189 .875 .248
1DE4.E 0.22 8 10 21 78 .380 .128
1DFJ.E 0.22 0 2 18 106 0 .018
1DFJ.I 0.22 12 17 18 438 .666 .038
1DQJ.A 0.22 7 54 7 207 1.000 .260
1E4K.C 0.22 0 3 12 160 0 .018
1E6J.H 0.22 4 39 5 214 .800 .182
1EXB.E 0.22 2 50 3 88 .666 .568
1F34.A 0.22 16 39 22 303 .727 .128
1FC2.D 0.22 0 46 10 196 0 .234
1FFW.A 0.22 4 29 8 120 .500 .241
1FFW.B 0.22 9 41 10 58 .900 .706
1FLE.E 0.22 7 90 11 218 .636 .412
1GHQ.A 0.22 1 65 5 302 .200 .215
1GXD.A 0.22 3 22 21 603 .142 .036
1GXD.C 0.22 9 26 18 174 .500 .149
1IRA.X 0.22 16 15 23 122 .695 .122
1JIW.I 0.22 15 53 15 90 1.000 .588
1JIW.P 0.22 14 52 20 450 .700 .115
1JPS.H 0.22 9 50 10 203 .900 .246
1KAC.A 0.22 7 26 9 176 .777 .147
1KAC.B 0.22 0 4 12 112 0 .035
1KLU.D 0.22 2 5 11 219 .181 .022
