Protein Threshold TP FP N Neg TPR FPR
1ACB.E 0.25 9 51 13 159 .692 .320
1ACB.I 0.25 8 2 11 44 .727 .045
1AHW.A 0.25 8 47 8 164 1.000 .286
1AK4.A 0.25 6 27 9 110 .666 .245
1AVX.A 0.25 10 12 19 139 .526 .086
1AY7.A 0.25 5 17 9 76 .555 .223
1AY7.B 0.25 1 3 9 58 .111 .051
1BGX.H 0.25 14 44 31 148 .451 .297
1DE4.E 0.25 7 10 21 66 .333 .151
1DFJ.E 0.25 0 0 18 85 0 0
1DFJ.I 0.25 11 17 18 307 .611 .055
1DQJ.A 0.25 7 54 18 163 .388 .331
1E4K.C 0.25 0 2 12 129 0 .015
1E6J.H 0.25 4 39 7 175 .571 .222
1EXB.E 0.25 2 48 3 73 .666 .657
1F34.A 0.25 16 39 23 212 .695 .183
1FC2.D 0.25 0 46 10 164 0 .280
1FFW.A 0.25 3 26 8 90 .375 .288
1FFW.B 0.25 9 41 10 49 .900 .836
1FLE.E 0.25 7 87 11 156 .636 .557
1GHQ.A 0.25 1 63 5 192 .200 .328
1GXD.A 0.25 2 18 21 483 .095 .037
1GXD.C 0.25 9 24 18 149 .500 .161
1IRA.X 0.25 16 15 23 90 .695 .166
1JIW.I 0.25 15 52 15 69 1.000 .753
1JIW.P 0.25 14 51 20 312 .700 .163
1JPS.H 0.25 9 50 16 160 .562 .312
1KAC.A 0.25 7 24 9 134 .777 .179
1KAC.B 0.25 0 4 12 89 0 .044
1KLU.D 0.25 2 5 11 154 .181 .032
