Protein Threshold TP FP N Neg TPR FPR
1ACB.E 0.59 8 22 13 228 .615 .096
1ACB.I 0.59 5 0 11 52 .454 0
1AHW.A 0.59 7 40 8 206 .875 .194
1AK4.A 0.59 6 9 9 156 .666 .057
1AVX.A 0.59 7 4 19 201 .368 .019
1AY7.A 0.59 5 8 9 87 .555 .091
1AY7.B 0.59 1 1 9 80 .111 .012
1BGX.H 0.59 11 35 16 189 .687 .185
1DE4.E 0.59 1 2 21 78 .047 .025
1DFJ.E 0.59 0 0 18 106 0 0
1DFJ.I 0.59 9 11 18 438 .500 .025
1DQJ.A 0.59 7 48 7 207 1.000 .231
1E4K.C 0.59 0 0 12 160 0 0
1E6J.H 0.59 3 33 5 214 .600 .154
1EXB.E 0.59 2 33 3 88 .666 .375
1F34.A 0.59 14 23 22 303 .636 .075
1FC2.D 0.59 0 28 10 196 0 .142
1FFW.A 0.59 3 17 8 120 .375 .141
1FFW.B 0.59 7 22 10 58 .700 .379
1FLE.E 0.59 5 57 11 218 .454 .261
1GHQ.A 0.59 0 34 5 302 0 .112
1GXD.A 0.59 1 5 21 603 .047 .008
1GXD.C 0.59 6 14 18 174 .333 .080
1IRA.X 0.59 11 10 23 122 .478 .081
1JIW.I 0.59 14 37 15 90 .933 .411
1JIW.P 0.59 12 24 20 450 .600 .053
1JPS.H 0.59 8 45 10 203 .800 .221
1KAC.A 0.59 6 9 9 176 .666 .051
1KAC.B 0.59 0 4 12 112 0 .035
1KLU.D 0.59 2 1 11 219 .181 .004
