Protein Threshold TP FP N Neg TPR FPR
1ACB.E 0.65 5 20 13 159 .384 .125
1ACB.I 0.65 5 0 11 44 .454 0
1AHW.A 0.65 7 40 8 164 .875 .243
1AK4.A 0.65 5 6 9 110 .555 .054
1AVX.A 0.65 7 4 19 139 .368 .028
1AY7.A 0.65 5 8 9 76 .555 .105
1AY7.B 0.65 0 1 9 58 0 .017
1BGX.H 0.65 11 34 31 148 .354 .229
1DE4.E 0.65 1 2 21 66 .047 .030
1DFJ.E 0.65 0 0 18 85 0 0
1DFJ.I 0.65 9 11 18 307 .500 .035
1DQJ.A 0.65 7 48 18 163 .388 .294
1E4K.C 0.65 0 0 12 129 0 0
1E6J.H 0.65 3 31 7 175 .428 .177
1EXB.E 0.65 2 28 3 73 .666 .383
1F34.A 0.65 13 22 23 212 .565 .103
1FC2.D 0.65 0 28 10 164 0 .170
1FFW.A 0.65 2 15 8 90 .250 .166
1FFW.B 0.65 7 17 10 49 .700 .346
1FLE.E 0.65 4 54 11 156 .363 .346
1GHQ.A 0.65 0 32 5 192 0 .166
1GXD.A 0.65 1 4 21 483 .047 .008
1GXD.C 0.65 6 13 18 149 .333 .087
1IRA.X 0.65 10 9 23 90 .434 .100
1JIW.I 0.65 14 36 15 69 .933 .521
1JIW.P 0.65 12 23 20 312 .600 .073
1JPS.H 0.65 8 44 16 160 .500 .275
1KAC.A 0.65 5 8 9 134 .555 .059
1KAC.B 0.65 0 4 12 89 0 .044
1KLU.D 0.65 2 1 11 154 .181 .006
