Protein Threshold TP FP N Neg TPR FPR
1ACB.E 0.55 8 24 13 159 .615 .150
1ACB.I 0.55 5 0 11 44 .454 0
1AHW.A 0.55 7 41 8 164 .875 .250
1AK4.A 0.55 6 10 9 110 .666 .090
1AVX.A 0.55 7 4 19 139 .368 .028
1AY7.A 0.55 5 8 9 76 .555 .105
1AY7.B 0.55 1 2 9 58 .111 .034
1BGX.H 0.55 12 36 31 148 .387 .243
1DE4.E 0.55 3 3 21 66 .142 .045
1DFJ.E 0.55 0 0 18 85 0 0
1DFJ.I 0.55 9 14 18 307 .500 .045
1DQJ.A 0.55 7 48 18 163 .388 .294
1E4K.C 0.55 0 0 12 129 0 0
1E6J.H 0.55 3 33 7 175 .428 .188
1EXB.E 0.55 2 35 3 73 .666 .479
1F34.A 0.55 16 23 23 212 .695 .108
1FC2.D 0.55 0 28 10 164 0 .170
1FFW.A 0.55 3 18 8 90 .375 .200
1FFW.B 0.55 7 24 10 49 .700 .489
1FLE.E 0.55 5 59 11 156 .454 .378
1GHQ.A 0.55 0 37 5 192 0 .192
1GXD.A 0.55 1 6 21 483 .047 .012
1GXD.C 0.55 6 16 18 149 .333 .107
1IRA.X 0.55 12 10 23 90 .521 .111
1JIW.I 0.55 14 38 15 69 .933 .550
1JIW.P 0.55 13 28 20 312 .650 .089
1JPS.H 0.55 8 45 16 160 .500 .281
1KAC.A 0.55 6 10 9 134 .666 .074
1KAC.B 0.55 0 4 12 89 0 .044
1KLU.D 0.55 2 3 11 154 .181 .019
