Protein Threshold TP FP N Neg TPR FPR
1ACB.E 0.79 5 11 13 228 .384 .048
1ACB.I 0.79 4 0 11 52 .363 0
1AHW.A 0.79 6 37 8 206 .750 .179
1AK4.A 0.79 4 5 9 156 .444 .032
1AVX.A 0.79 4 2 19 201 .210 .009
1AY7.A 0.79 4 6 9 87 .444 .068
1AY7.B 0.79 0 1 9 80 0 .012
1BGX.H 0.79 9 26 16 189 .562 .137
1DE4.E 0.79 1 2 21 78 .047 .025
1DFJ.E 0.79 0 0 18 106 0 0
1DFJ.I 0.79 9 6 18 438 .500 .013
1DQJ.A 0.79 7 45 7 207 1.000 .217
1E4K.C 0.79 0 0 12 160 0 0
1E6J.H 0.79 3 27 5 214 .600 .126
1EXB.E 0.79 2 19 3 88 .666 .215
1F34.A 0.79 10 18 22 303 .454 .059
1FC2.D 0.79 0 25 10 196 0 .127
1FFW.A 0.79 2 12 8 120 .250 .100
1FFW.B 0.79 7 11 10 58 .700 .189
1FLE.E 0.79 4 35 11 218 .363 .160
1GHQ.A 0.79 0 27 5 302 0 .089
1GXD.A 0.79 1 1 21 603 .047 .001
1GXD.C 0.79 6 10 18 174 .333 .057
1IRA.X 0.79 4 5 23 122 .173 .040
1JIW.I 0.79 12 29 15 90 .800 .322
1JIW.P 0.79 11 20 20 450 .550 .044
1JPS.H 0.79 8 39 10 203 .800 .192
1KAC.A 0.79 3 5 9 176 .333 .028
1KAC.B 0.79 0 4 12 112 0 .035
1KLU.D 0.79 2 1 11 219 .181 .004
