Protein Threshold TP FP N Neg TPR FPR
1ACB.E 0.71 5 15 13 228 .384 .065
1ACB.I 0.71 4 0 11 52 .363 0
1AHW.A 0.71 7 38 8 206 .875 .184
1AK4.A 0.71 4 5 9 156 .444 .032
1AVX.A 0.71 7 4 19 201 .368 .019
1AY7.A 0.71 4 8 9 87 .444 .091
1AY7.B 0.71 0 1 9 80 0 .012
1BGX.H 0.71 10 30 16 189 .625 .158
1DE4.E 0.71 1 2 21 78 .047 .025
1DFJ.E 0.71 0 0 18 106 0 0
1DFJ.I 0.71 9 9 18 438 .500 .020
1DQJ.A 0.71 7 45 7 207 1.000 .217
1E4K.C 0.71 0 0 12 160 0 0
1E6J.H 0.71 3 30 5 214 .600 .140
1EXB.E 0.71 2 25 3 88 .666 .284
1F34.A 0.71 12 20 22 303 .545 .066
1FC2.D 0.71 0 28 10 196 0 .142
1FFW.A 0.71 2 15 8 120 .250 .125
1FFW.B 0.71 7 13 10 58 .700 .224
1FLE.E 0.71 4 44 11 218 .363 .201
1GHQ.A 0.71 0 29 5 302 0 .096
1GXD.A 0.71 1 4 21 603 .047 .006
1GXD.C 0.71 6 11 18 174 .333 .063
1IRA.X 0.71 8 9 23 122 .347 .073
1JIW.I 0.71 14 33 15 90 .933 .366
1JIW.P 0.71 12 23 20 450 .600 .051
1JPS.H 0.71 8 42 10 203 .800 .206
1KAC.A 0.71 4 6 9 176 .444 .034
1KAC.B 0.71 0 4 12 112 0 .035
1KLU.D 0.71 2 1 11 219 .181 .004
