71
69
121
123
73
76
74
165
103
126
72
125
67
79
104
124
80
102
106
107
68
54
91
55
88
70
105
81
120
82
1
46
164
4
149
44
78
43
84
118
45
122
2
163
148
134
87
30
60
27
93
89
131
117
86
136
85
59
144
133
58
151
47
42
9
52
41
160
5
3
23
147
143
31
95
49
28
7
37
161
90
19
140
137
13
34
26
18
146
145
152
15
50
159
155
141
17
16
157
154
153
14
75
99
98
97
96
94
92
83
8
77
66
65
64
63
62
61
6
57
56
53
51
48
40
39
38
36
35
33
32
29
25
24
22
21
20
162
158
156
150
142
139
138
135
132
130
129
128
127
12
119
116
115
114
113
112
111
110
11
109
108
101
100
10
55	ARG
60	PHE
63	GLN
71	ASN
72	GLY
73	THR
102	ASN
111	GLN
121	TRP
