74
62
76
104
61
73
77
105
70
3
78
1
92
60
32
103
36
93
124
96
94
59
56
53
63
39
89
37
115
91
71
111
102
85
33
11
38
113
5
123
114
64
2
95
34
118
116
69
68
88
55
98
87
86
42
4
119
90
65
66
112
6
51
31
23
97
120
9
7
52
41
28
24
22
21
20
19
18
17
16
15
121
101
10
67
50
49
43
27
100
99
84
83
82
81
80
8
79
75
72
58
57
54
48
47
46
45
44
40
35
30
29
26
25
14
13
122
12
117
110
109
108
107
106
7	LYS
11	GLN
24	ASN
31	LYS
35	LEU
38	ASP
39	ARG
41	LYS
42	PRO
43	VAL
66	LYS
67	ASN
71	ASN
86	GLU
88	GLY
89	SER
91	LYS
111	GLU
