297
399
398
298
400
299
265
350
402
395
393
396
300
253
296
394
401
408
352
397
294
301
348
406
332
367
369
240
302
331
311
405
371
268
314
434
407
436
310
435
252
295
315
254
309
272
330
256
266
433
351
349
328
267
353
269
334
293
312
355
366
264
329
273
372
335
392
410
242
255
432
368
307
323
333
270
381
325
356
431
345
292
412
271
344
403
306
244
316
327
404
374
275
261
239
303
245
343
317
291
363
346
321
373
440
437
391
390
362
357
342
336
279
414
389
388
376
358
338
308
259
247
444
443
441
439
438
423
421
420
419
417
416
415
387
386
385
383
377
361
360
359
341
340
319
318
289
288
287
286
285
284
283
282
281
257
249
248
442
430
429
428
427
426
425
424
422
418
413
411
409
384
382
380
379
378
375
370
365
364
354
347
339
337
326
324
322
320
313
305
304
290
280
278
277
276
274
263
262
260
258
251
250
246
243
241
238
251	LEU
252	MET
253	ILE
254	SER
309	LEU
311	GLN
432	LEU
433	HIS
434	ASN
435	HIS
