151
152
136
149
132
138
135
35
137
147
139
189
134
40
34
6
179
165
178
38
191
168
100
190
188
140
157
101
37
5
71
4
158
187
186
153
170
160
172
124
171
36
131
3
180
141
103
177
148
28
39
33
120
1
176
143
10
164
142
173
169
121
112
104
29
192
145
73
163
20
2
75
42
126
185
184
181
102
50
41
32
27
182
70
69
44
30
156
155
154
105
99
68
43
31
14
127
46
183
129
123
119
113
108
89
81
67
62
51
49
26
24
22
16
116
111
109
95
93
92
91
90
83
82
80
79
78
77
64
61
59
58
57
56
55
54
52
48
25
144
115
106
133
98
97
96
94
9
88
87
86
85
84
8
76
74
72
7
66
65
63
60
53
47
45
23
21
19
18
175
174
17
167
166
162
161
159
150
15
146
130
13
128
125
122
12
118
117
114
110
11
107
136	ILE
138	CYS
139	TYR
147	LEU
152	VAL
153	THR
170	ARG
172	ASP
174	SER
177	TRP
179	ARG
185	LYS
186	GLN
187	GLU
188	PHE
189	LEU
190	ASP
192	GLU
