82
81
83
85
90
75
91
77
84
80
94
72
87
79
58
78
76
88
71
56
52
128
48
54
70
69
50
29
146
144
24
62
136
26
55
28
49
145
96
47
30
134
95
92
51
46
23
40
25
143
127
142
141
33
32
121
35
27
138
97
53
44
140
130
129
108
31
99
98
68
67
66
65
64
42
38
37
36
132
126
125
123
119
115
114
111
110
102
101
93
89
86
74
73
63
61
60
59
57
45
43
41
39
34
139
137
135
133
131
124
122
120
118
117
116
113
112
109
107
106
105
104
103
100
54	PRO
58	GLU
72	VAL
75	LEU
77	SER
83	ASP
84	ASP
85	TYR
123	LYS
125	LYS
127	ALA
128	PRO
