19   1
34   0.99978
35   0.997349
39   0.943495
16   0.917207
18   0.857696
38   0.850841
147  0.813511
125  0.761401
136  0.727712
37   0.716841
28   0.707221
53   0.699777
127  0.647764
126  0.6291
36   0.621366
130  0.602999
129  0.602686
29   0.58811
149  0.573321
14   0.550987
52   0.543443
54   0.535999
27   0.491332
20   0.489107
40   0.437379
26   0.424333
128  0.388696
137  0.359508
150  0.282888
135  0.259446
142  0.234688
107  0.230876
42   0.214047
138  0.21062
50   0.156333
24   0.137768
119  0.13715
55   0.134
140  0.123021
41   0.118243
141  0.118243
151  0.111666
132  0.0967776
145  0.0932439
25   0.0893331
8    0.0744442
43   0.066687
22   0.0645042
148  0.0629116
120  0.0627053
61   0.0595555
45   0.0592426
139  0.055261
118  0.055261
78   0.052111
105  0.052111
110  0.048371
77   0.0446666
112  0.0409266
7    0.0372221
102  0.0372221
115  0.0369092
117  0.0316122
51   0.0297777
10   0.0297777
44   0.0294649
114  0.0260378
92   0.0223332
9    0.0223332
12   0.0223332
11   0.0223332
106  0.0223332
103  0.0223332
144  0.0191124
134  0.0191124
91   0.0148889
86   0.0148889
104  0.0148889
101  0.0148889
76   0.0111489
143  0.0111489
97   0.00744442
96   0.00744442
94   0.00744442
93   0.00744442
90   0.00744442
89   0.00744442
87   0.00744442
84   0.00744442
83   0.00744442
82   0.00744442
81   0.00744442
80   0.00744442
79   0.00744442
75   0.00744442
74   0.00744442
73   0.00744442
72   0.00744442
71   0.00744442
70   0.00744442
64   0.00744442
62   0.00744442
99   0
98   0
95   0
88   0
85   0
69   0
68   0
67   0
66   0
65   0
63   0
60   0
59   0
58   0
57   0
56   0
49   0
48   0
47   0
46   0
33   0
32   0
31   0
30   0
23   0
21   0
17   0
15   0
146  0
133  0
131  0
13   0
124  0
123  0
122  0
121  0
116  0
113  0
111  0
109  0
108  0
100  0
