82   1
81   0.809997
83   0.659885
85   0.618755
90   0.569926
75   0.517049
91   0.509104
77   0.339275
84   0.302214
80   0.281549
94   0.202785
72   0.195569
87   0.162101
79   0.156735
58   0.150795
78   0.146002
76   0.136618
88   0.122293
71   0.111561
56   0.111561
52   0.10642
128  0.101956
48   0.0988607
54   0.0931921
70   0.0903219
69   0.0903219
50   0.0803893
29   0.0798152
146  0.0751256
144  0.07203
24   0.0712816
62   0.069657
136  0.069657
26   0.0652903
55   0.064291
28   0.0599242
49   0.0559317
145  0.0559317
96   0.0536611
47   0.0505656
30   0.0459477
134  0.0438258
95   0.0384597
92   0.0384597
51   0.0384597
46   0.0375628
23   0.0321967
40   0.0283529
25   0.0283529
143  0.0268306
127  0.0268306
142  0.0214645
141  0.0214645
33   0.0210648
32   0.0210648
121  0.0183689
35   0.0160983
27   0.0160983
138  0.0122544
97   0.0107322
53   0.0107322
44   0.0107322
140  0.0107322
130  0.0107322
129  0.0107322
108  0.0107322
31   0.0103325
99   0.00536611
98   0.00536611
68   0.00536611
67   0.00536611
66   0.00536611
65   0.00536611
64   0.00536611
42   0.00536611
38   0.00536611
37   0.00536611
36   0.00536611
132  0.00536611
126  0.00536611
125  0.00536611
123  0.00536611
119  0.00536611
115  0.00536611
114  0.00536611
111  0.00536611
110  0.00536611
102  0.00536611
101  0.00536611
93   0
89   0
86   0
74   0
73   0
63   0
61   0
60   0
59   0
57   0
45   0
43   0
41   0
39   0
34   0
139  0
137  0
135  0
133  0
131  0
124  0
122  0
120  0
118  0
117  0
116  0
113  0
112  0
109  0
107  0
106  0
105  0
104  0
103  0
100  0
