96   1
101  0.96035
100  0.911689
99   0.816893
97   0.790522
103  0.747235
102  0.685612
104  0.647519
105  0.57837
57   0.490855
31   0.490855
98   0.489134
137  0.485502
53   0.480648
31   0.480648
176  0.480648
174  0.480648
95   0.475793
172  0.475793
162  0.475793
161  0.475793
61   0.474638
55   0.470938
42   0.470938
139  0.470938
124  0.470938
60   0.468767
163  0.466083
46   0.461228
160  0.461228
28   0.452014
43   0.451518
167  0.451518
45   0.441808
44   0.436953
27   0.418659
164  0.417532
29   0.398112
32   0.387633
158  0.364127
54   0.359272
40   0.359272
56   0.348746
204  0.339852
47   0.332215
41   0.330142
209  0.320432
145  0.286447
127  0.267027
39   0.257317
144  0.257317
125  0.218477
62   0.2075
91   0.207385
63   0.185618
58   0.172611
106  0.162288
107  0.161658
26   0.160216
168  0.160216
207  0.13594
24   0.127608
126  0.116521
178  0.106811
208  0.0971006
50   0.0924451
25   0.0922455
94   0.0888096
72   0.0776805
165  0.0776805
140  0.0776805
10   0.0631154
159  0.0582603
128  0.0582603
59   0.0560902
92   0.0534935
8    0.0534053
157  0.0485502
156  0.0388403
73   0.0339852
205  0.0339852
199  0.0339852
147  0.0339852
122  0.0339852
179  0.0242751
166  0.0242751
155  0.0242751
129  0.0242751
34   0.0212935
75   0.0194201
65   0.0194201
64   0.0194201
6    0.0194201
202  0.0194201
169  0.0194201
203  0.0145651
198  0.0145651
196  0.0145651
194  0.0145651
16   0.0145651
154  0.0145651
11   0.0145651
9    0.00971006
78   0.00971006
71   0.00971006
201  0.00971006
149  0.00971006
133  0.00971006
130  0.00971006
12   0.00971006
110  0.00971006
109  0.00971006
87   0.00485502
85   0.00485502
84   0.00485502
83   0.00485502
82   0.00485502
80   0.00485502
74   0.00485502
70   0.00485502
69   0.00485502
67   0.00485502
22   0.00485502
200  0.00485502
20   0.00485502
197  0.00485502
190  0.00485502
188  0.00485502
187  0.00485502
186  0.00485502
185  0.00485502
184  0.00485502
183  0.00485502
182  0.00485502
181  0.00485502
180  0.00485502
18   0.00485502
170  0.00485502
17   0.00485502
153  0.00485502
152  0.00485502
151  0.00485502
15   0.00485502
14   0.00485502
131  0.00485502
120  0.00485502
119  0.00485502
118  0.00485502
117  0.00485502
116  0.00485502
115  0.00485502
114  0.00485502
113  0.00485502
112  0.00485502
93   0
90   0
89   0
88   0
86   0
81   0
79   0
77   0
76   0
7    0
68   0
66   0
52   0
51   0
5    0
49   0
48   0
38   0
37   0
36   0
35   0
33   0
30   0
23   0
21   0
206  0
195  0
193  0
192  0
191  0
19   0
189  0
177  0
175  0
173  0
171  0
150  0
148  0
146  0
143  0
142  0
141  0
138  0
136  0
135  0
134  0
132  0
13   0
123  0
121  0
111  0
108  0
