56  1
62  0.856103
63  0.703638
55  0.663936
51  0.662358
53  0.656259
60  0.605897
54  0.578986
57  0.575609
52  0.567762
59  0.50143
58  0.464785
10  0.441236
99  0.355722
90  0.353718
14  0.341963
26  0.336296
67  0.30098
88  0.26224
12  0.255762
89  0.250042
98  0.240389
11  0.237466
15  0.233611
66  0.220142
65  0.207492
96  0.204224
50  0.203636
29  0.198865
24  0.185928
13  0.185078
31  0.163835
28  0.154614
48  0.12807
64  0.103728
33  0.0964125
47  0.0914788
22  0.0795904
49  0.0792816
91  0.073183
95  0.070457
97  0.0672242
93  0.0670844
16  0.0637643
92  0.0609858
69  0.0609858
85  0.0548872
32  0.0548872
8   0.0537223
94  0.051171
83  0.0487887
45  0.0487887
20  0.0487887
7   0.0476238
75  0.0426901
34  0.0426901
87  0.0365915
86  0.0365915
74  0.0365915
46  0.0365915
36  0.0365915
17  0.0328753
81  0.0304929
71  0.0304929
18  0.0243944
9   0.0221809
76  0.0182957
73  0.0182957
44  0.0182957
1   0.0182957
77  0.0121972
41  0.0121972
19  0.0121972
6   0.00609858
43  0.00609858
42  0.00609858
4   0.00609858
2   0.00609858
84  0
82  0
80  0
79  0
78  0
72  0
70  0
68  0
61  0
5   0
40  0
39  0
38  0
37  0
35  0
30  0
3   0
27  0
25  0
23  0
21  0
