47  1
46  0.746331
48  0.744914
44  0.695747
42  0.683535
45  0.5832
49  0.422527
43  0.296125
50  0.268791
27  0.217765
41  0.210305
8   0.207481
53  0.20278
51  0.196686
55  0.186437
70  0.171842
33  0.138028
28  0.1375
68  0.119135
31  0.0672953
9   0.0662622
26  0.0627959
35  0.0621531
23  0.0561443
32  0.0552779
22  0.0510022
69  0.0501357
29  0.0379518
24  0.0375042
20  0.0362186
14  0.0360523
30  0.0319432
56  0.0300435
40  0.0300435
57  0.0240348
37  0.0240348
34  0.0212112
38  0.0180261
66  0.0120174
62  0.0120174
39  0.0120174
19  0.0120174
12  0.0120174
11  0.0120174
65  0.0060087
64  0.0060087
61  0.0060087
60  0.0060087
59  0.0060087
58  0.0060087
17  0.0060087
16  0.0060087
15  0.0060087
36  0.00578488
67  0
63  0
54  0
52  0
25  0
21  0
18  0
13  0
10  0
