91   1
96   0.944591
50   0.906648
32   0.906648
92   0.896843
49   0.765413
95   0.62584
87   0.613849
94   0.610519
36   0.604934
98   0.604751
53   0.565075
46   0.561563
100  0.534475
97   0.531595
45   0.518901
55   0.497034
54   0.493203
93   0.487954
135  0.48536
133  0.48536
124  0.48536
44   0.480457
43   0.480457
42   0.480457
38   0.480457
180  0.480457
165  0.480457
118  0.480457
207  0.475555
163  0.475555
119  0.475555
117  0.475555
123  0.470652
114  0.470652
176  0.460847
127  0.460847
131  0.446138
178  0.436333
137  0.436333
167  0.426528
116  0.416722
164  0.41182
206  0.387307
138  0.387307
160  0.367697
162  0.333378
56   0.316456
30   0.310138
121  0.274547
161  0.210813
11   0.1863
85   0.137273
1    0.131594
89   0.130062
128  0.127469
60   0.122566
31   0.100993
41   0.0931497
122  0.0931497
40   0.0833446
52   0.0761381
158  0.0735393
169  0.0686367
15   0.0686367
168  0.0637341
129  0.0637341
103  0.0637341
28   0.0588314
141  0.0588314
126  0.0588314
182  0.0539288
142  0.0539288
214  0.0490262
57   0.0448072
210  0.0441236
12   0.0441236
34   0.0398579
208  0.0343183
107  0.0343183
59   0.0294158
213  0.0245131
159  0.0245131
58   0.0220267
37   0.0220267
205  0.0196105
14   0.0196105
9    0.0147078
3    0.0147078
183  0.0147078
170  0.0147078
143  0.0147078
63   0.0140007
5    0.00980524
27   0.00980524
212  0.00980524
211  0.00980524
188  0.00980524
16   0.00980524
157  0.00980524
155  0.00980524
10   0.00980524
67   0.00909817
65   0.00909817
81   0.00490262
80   0.00490262
8    0.00490262
79   0.00490262
77   0.00490262
76   0.00490262
74   0.00490262
72   0.00490262
70   0.00490262
7    0.00490262
69   0.00490262
66   0.00490262
26   0.00490262
24   0.00490262
22   0.00490262
204  0.00490262
203  0.00490262
202  0.00490262
201  0.00490262
200  0.00490262
20   0.00490262
199  0.00490262
197  0.00490262
195  0.00490262
191  0.00490262
190  0.00490262
189  0.00490262
187  0.00490262
185  0.00490262
184  0.00490262
18   0.00490262
17   0.00490262
156  0.00490262
154  0.00490262
153  0.00490262
152  0.00490262
151  0.00490262
149  0.00490262
147  0.00490262
145  0.00490262
112  0.00490262
111  0.00490262
110  0.00490262
109  0.00490262
108  0.00490262
99   0
90   0
88   0
86   0
84   0
83   0
82   0
78   0
75   0
73   0
71   0
68   0
64   0
62   0
61   0
6    0
51   0
48   0
47   0
4    0
39   0
35   0
33   0
29   0
25   0
23   0
21   0
209  0
2    0
198  0
196  0
194  0
193  0
192  0
19   0
186  0
181  0
179  0
177  0
175  0
174  0
173  0
172  0
171  0
166  0
150  0
148  0
146  0
144  0
140  0
139  0
136  0
134  0
132  0
130  0
13   0
125  0
120  0
115  0
113  0
106  0
105  0
104  0
102  0
101  0
