74   1
62   1
76   0.651262
104  0.38647
61   0.377636
73   0.285019
77   0.248401
105  0.248401
70   0.230047
3    0.211063
78   0.204568
1    0.201886
92   0.186644
60   0.17802
32   0.165179
103  0.158387
36   0.125738
93   0.122408
124  0.119463
96   0.115238
94   0.113231
59   0.113231
56   0.110286
53   0.110286
63   0.09919
39   0.0939838
89   0.0890318
37   0.0890318
115  0.0890318
91   0.0877081
71   0.0877081
111  0.0798551
102  0.0756305
85   0.0734131
33   0.0734131
11   0.0734131
38   0.066454
113  0.066454
5    0.0642364
123  0.0572773
114  0.0572773
64   0.0553139
2    0.0550598
95   0.0487843
34   0.0458831
118  0.0458831
116  0.0458394
69   0.0396076
68   0.0396076
88   0.0370045
55   0.0370045
98   0.0367065
87   0.0367065
86   0.0367065
42   0.0367065
4    0.0367065
119  0.0367065
90   0.030431
65   0.030431
66   0.0278279
112  0.0278279
6    0.0275298
51   0.0275298
31   0.0275298
23   0.0275298
97   0.0186513
120  0.0186513
9    0.0183533
7    0.0183533
52   0.0183533
41   0.0183533
28   0.0183533
24   0.0183533
22   0.0183533
21   0.0183533
20   0.0183533
19   0.0183533
18   0.0183533
17   0.0183533
16   0.0183533
15   0.0183533
121  0.0183533
101  0.0183533
10   0.0183533
67   0.00917662
50   0.00917662
49   0.00917662
43   0.00917662
27   0.00917662
100  0.00917662
99   0
84   0
83   0
82   0
81   0
80   0
8    0
79   0
75   0
72   0
58   0
57   0
54   0
48   0
47   0
46   0
45   0
44   0
40   0
35   0
30   0
29   0
26   0
25   0
14   0
13   0
122  0
12   0
117  0
110  0
109  0
108  0
107  0
106  0
