433  1
493  0.833878
426  0.765989
541  0.617335
496  0.617335
444  0.617335
435  0.612524
497  0.610768
494  0.592432
442  0.591065
498  0.571363
423  0.567938
452  0.527908
411  0.523385
429  0.518824
487  0.499122
453  0.495071
580  0.446582
533  0.440015
425  0.437557
455  0.424423
450  0.400611
529  0.380909
407  0.378451
519  0.376098
405  0.371883
404  0.371883
570  0.345677
500  0.341504
451  0.33951
422  0.338325
571  0.332542
460  0.332542
448  0.321802
431  0.315234
437  0.306672
436  0.293537
424  0.29259
582  0.288966
536  0.282398
477  0.282398
521  0.247566
531  0.242994
573  0.234431
415  0.229859
567  0.227864
459  0.227864
458  0.227864
408  0.218067
530  0.203589
578  0.197021
417  0.197021
486  0.190454
456  0.178687
564  0.166989
403  0.166989
572  0.153854
562  0.145091
446  0.144483
414  0.144483
467  0.139258
440  0.131348
538  0.12478
527  0.12478
568  0.110542
550  0.110542
528  0.105078
495  0.105078
535  0.0985109
524  0.0919434
488  0.0919434
421  0.087145
471  0.0867184
465  0.0794171
584  0.0788086
543  0.0788086
406  0.0740102
554  0.0728498
551  0.0662823
518  0.0662823
539  0.0656738
472  0.0630144
569  0.059715
464  0.059715
525  0.0591065
463  0.0538815
462  0.0538815
537  0.0525392
501  0.0525392
480  0.0525392
476  0.0525392
418  0.0525392
555  0.0473141
553  0.0473141
552  0.0473141
461  0.0473141
522  0.0459717
557  0.0407467
438  0.0394044
540  0.0328369
489  0.0328369
481  0.0328369
478  0.0328369
586  0.0262696
577  0.0262696
502  0.0262696
490  0.0262696
565  0.0197021
545  0.0197021
523  0.0197021
475  0.0197021
587  0.0131348
575  0.0131348
513  0.0131348
504  0.0131348
479  0.0131348
473  0.0131348
439  0.0131348
520  0.00656738
517  0.00656738
514  0.00656738
512  0.00656738
505  0.00656738
585  0
583  0
581  0
579  0
576  0
574  0
566  0
563  0
561  0
560  0
559  0
558  0
556  0
549  0
548  0
547  0
546  0
544  0
542  0
534  0
532  0
526  0
516  0
515  0
511  0
510  0
509  0
508  0
507  0
506  0
503  0
499  0
492  0
491  0
485  0
484  0
483  0
482  0
474  0
470  0
469  0
468  0
466  0
457  0
454  0
449  0
447  0
445  0
443  0
441  0
434  0
432  0
430  0
428  0
427  0
420  0
419  0
416  0
413  0
412  0
410  0
409  0
