203  1
206  0.995561
202  0.80804
204  0.724658
122  0.669172
60   0.604659
215  0.5693
93   0.547475
132  0.542424
207  0.54034
38   0.50007
63   0.495019
217  0.495019
88   0.489967
74   0.489967
150  0.489967
119  0.489967
61   0.484916
37   0.479865
201  0.479865
176  0.474814
35   0.469762
121  0.469762
97   0.454609
85   0.454609
131  0.454609
128  0.454609
57   0.449557
41   0.449557
124  0.449557
92   0.439595
173  0.437197
62   0.434404
48   0.434404
221  0.434404
147  0.434404
194  0.429352
82   0.41925
112  0.41925
76   0.409148
220  0.404097
95   0.401838
113  0.399046
186  0.393994
49   0.388943
152  0.388943
218  0.373789
149  0.363687
116  0.363687
136  0.358636
98   0.353584
100  0.353584
96   0.348533
84   0.343482
64   0.343482
222  0.343482
115  0.343482
106  0.338431
73   0.328328
187  0.323277
192  0.318227
39   0.313175
205  0.313026
87   0.308124
125  0.29297
170  0.29188
148  0.287919
223  0.285801
99   0.283635
145  0.272765
165  0.269659
75   0.267714
130  0.267714
216  0.262663
156  0.262663
144  0.262663
19   0.25256
172  0.25187
90   0.248001
79   0.242458
20   0.242458
36   0.232355
94   0.231266
164  0.230097
134  0.211325
114  0.2071
163  0.194435
166  0.188863
158  0.186895
50   0.16669
118  0.156587
110  0.151536
77   0.146485
191  0.146485
143  0.146485
160  0.141433
214  0.139948
171  0.138327
167  0.138327
89   0.136383
235  0.136383
28   0.131332
177  0.131332
178  0.129213
86   0.126281
169  0.121273
126  0.116178
99   0.111127
78   0.111127
239  0.0959729
109  0.0959729
108  0.0959729
232  0.0909217
23   0.0858706
21   0.0858706
224  0.0837526
242  0.0808193
238  0.0757681
174  0.0757681
127  0.0707169
137  0.0648408
135  0.0648408
26   0.0606144
81   0.0555633
25   0.0454609
185  0.0454609
184  0.0404097
27   0.0394448
133  0.0394448
244  0.0303073
91   0.0253959
101  0.0253959
243  0.025256
24   0.025256
18   0.025256
168  0.025256
159  0.0226943
161  0.0156698
83   0
80   0
72   0
71   0
70   0
69   0
68   0
67   0
66   0
65   0
59   0
58   0
56   0
55   0
54   0
53   0
52   0
51   0
47   0
46   0
45   0
44   0
43   0
42   0
40   0
34   0
33   0
32   0
31   0
30   0
29   0
245  0
241  0
240  0
237  0
236  0
234  0
233  0
231  0
230  0
229  0
228  0
227  0
226  0
225  0
22   0
219  0
213  0
212  0
211  0
210  0
209  0
208  0
200  0
199  0
198  0
197  0
196  0
195  0
193  0
190  0
189  0
188  0
183  0
182  0
181  0
180  0
179  0
175  0
17   0
162  0
16   0
157  0
155  0
154  0
153  0
151  0
142  0
141  0
140  0
139  0
138  0
129  0
123  0
120  0
117  0
111  0
107  0
105  0
104  0
103  0
102  0
