96   1
95   0.94251
94   0.849014
93   0.814127
98   0.713126
92   0.711321
91   0.653974
50   0.626121
49   0.583685
32   0.582256
87   0.581716
46   0.580286
100  0.577051
38   0.557287
44   0.554403
36   0.536069
164  0.520431
163  0.51539
45   0.514312
160  0.51396
165  0.508919
178  0.506599
176  0.506599
167  0.505872
133  0.503902
162  0.501558
161  0.501558
30   0.500831
137  0.499049
124  0.499049
121  0.499049
116  0.499049
114  0.499049
43   0.494008
42   0.494008
206  0.494008
180  0.494008
138  0.494008
131  0.494008
31   0.491427
123  0.488967
119  0.488967
118  0.488967
117  0.483926
169  0.478886
135  0.470773
53   0.458722
55   0.44864
28   0.438558
213  0.438558
58   0.408313
207  0.398231
127  0.352863
214  0.342781
146  0.332699
85   0.297316
97   0.29267
56   0.272208
89   0.217312
27   0.211718
205  0.176431
1    0.148199
41   0.126023
168  0.095777
170  0.0856953
122  0.0856953
3    0.0806543
159  0.0756135
106  0.0705725
57   0.0655317
54   0.0655317
34   0.0630908
40   0.0604907
182  0.0604907
52   0.0554499
39   0.0554499
209  0.0554499
208  0.0554499
142  0.0554499
129  0.0504089
103  0.0504089
101  0.0425997
147  0.0403272
125  0.0403272
24   0.0352863
128  0.0352863
126  0.0352863
59   0.0302454
10   0.0302454
37   0.0253441
143  0.0252045
212  0.0201636
193  0.0201636
151  0.0201636
144  0.0201636
9    0.0151227
60   0.0151227
211  0.0151227
210  0.0151227
183  0.0151227
171  0.0151227
149  0.0151227
166  0.0118633
174  0.0102455
81   0.0100818
8    0.0100818
5    0.0100818
26   0.0100818
204  0.0100818
189  0.0100818
184  0.0100818
18   0.0100818
158  0.0100818
145  0.0100818
108  0.0100818
107  0.0100818
80   0.00504089
79   0.00504089
77   0.00504089
76   0.00504089
74   0.00504089
72   0.00504089
70   0.00504089
7    0.00504089
69   0.00504089
68   0.00504089
67   0.00504089
66   0.00504089
65   0.00504089
63   0.00504089
61   0.00504089
203  0.00504089
202  0.00504089
201  0.00504089
200  0.00504089
20   0.00504089
199  0.00504089
197  0.00504089
191  0.00504089
190  0.00504089
188  0.00504089
187  0.00504089
185  0.00504089
17   0.00504089
16   0.00504089
157  0.00504089
156  0.00504089
155  0.00504089
154  0.00504089
153  0.00504089
152  0.00504089
15   0.00504089
14   0.00504089
12   0.00504089
112  0.00504089
111  0.00504089
110  0.00504089
11   0.00504089
109  0.00504089
99   0
90   0
88   0
86   0
84   0
83   0
82   0
78   0
75   0
73   0
71   0
64   0
62   0
6    0
51   0
48   0
47   0
4    0
35   0
33   0
29   0
25   0
23   0
22   0
21   0
2    0
198  0
196  0
195  0
194  0
192  0
19   0
186  0
181  0
179  0
177  0
175  0
173  0
172  0
150  0
148  0
141  0
140  0
139  0
136  0
134  0
132  0
130  0
13   0
120  0
115  0
113  0
105  0
104  0
102  0
