85   1
130  0.768492
116  0.737704
110  0.7306
132  0.72861
117  0.717362
87   0.710424
129  0.680948
126  0.615776
127  0.606682
86   0.527892
163  0.524522
133  0.513301
135  0.493976
113  0.466698
152  0.436795
125  0.418608
154  0.417808
155  0.393952
71   0.355511
137  0.354157
14   0.317784
114  0.317784
122  0.299597
33   0.273674
32   0.273674
115  0.26458
106  0.251725
111  0.236424
150  0.215354
95   0.209144
134  0.206261
35   0.197253
156  0.197167
72   0.18816
60   0.188074
13   0.17898
78   0.17277
54   0.17277
112  0.157372
131  0.157285
161  0.148279
30   0.148192
53   0.145491
84   0.133601
59   0.133601
52   0.127304
44   0.127304
31   0.124508
136  0.124508
2    0.120999
158  0.118211
34   0.112288
3    0.111906
36   0.102813
61   0.0937196
40   0.0937196
28   0.0937196
19   0.0937196
73   0.0846265
29   0.0846265
18   0.0846265
12   0.0846265
11   0.0846265
49   0.0818386
165  0.0818386
45   0.0785383
8    0.0759154
128  0.0726588
48   0.0545591
166  0.0545591
164  0.0545591
157  0.0545591
56   0.0512588
57   0.0489746
79   0.0454659
67   0.0454659
159  0.0454659
62   0.0421656
27   0.0421656
10   0.0421656
51   0.0363728
168  0.0363728
104  0.0363728
9    0.0330725
7    0.0330725
6    0.0330725
46   0.0330725
25   0.0330725
96   0.0272795
94   0.0272795
77   0.0272795
47   0.0272795
43   0.0272795
171  0.0272795
146  0.0272795
123  0.0272795
93   0.0181864
82   0.0181864
80   0.0181864
75   0.0181864
69   0.0181864
50   0.0181864
170  0.0181864
143  0.0181864
139  0.0181864
1    0.0181864
99   0.00909317
98   0.00909317
74   0.00909317
63   0.00909317
42   0.00909317
41   0.00909317
4    0.00909317
38   0.00909317
172  0.00909317
148  0.00909317
144  0.00909317
142  0.00909317
140  0.00909317
124  0.00909317
102  0.00909317
101  0.00909317
100  0.00909317
97   0
92   0
91   0
90   0
89   0
88   0
83   0
81   0
76   0
70   0
68   0
66   0
65   0
64   0
58   0
55   0
5    0
39   0
37   0
26   0
24   0
23   0
22   0
21   0
20   0
17   0
169  0
167  0
162  0
160  0
16   0
153  0
151  0
15   0
149  0
147  0
145  0
141  0
138  0
121  0
120  0
119  0
118  0
109  0
108  0
107  0
105  0
103  0
