110  1
50   0.97697
106  0.948563
100  0.948563
102  0.943708
109  0.842457
105  0.842457
107  0.832747
95   0.811272
112  0.732126
47   0.717812
108  0.696858
104  0.692003
101  0.690106
103  0.666053
60   0.662218
62   0.622251
61   0.622251
59   0.622251
45   0.613919
57   0.57429
63   0.548748
52   0.532741
32   0.485252
174  0.480648
172  0.475793
55   0.470938
54   0.470938
150  0.470938
185  0.446663
39   0.432228
129  0.422387
173  0.373838
183  0.359272
187  0.320432
178  0.296157
31   0.257317
171  0.257317
175  0.247606
46   0.233056
189  0.203912
56   0.184491
19   0.145651
176  0.126231
113  0.110354
64   0.103352
33   0.102312
58   0.0957883
148  0.0873905
2    0.0679704
131  0.0679704
40   0.0631154
215  0.0631154
1    0.0631154
130  0.0582603
136  0.048504
38   0.0483
65   0.0436953
44   0.0436953
3    0.0436489
138  0.0436489
177  0.0388403
170  0.0388403
151  0.0388403
134  0.0388403
135  0.035701
144  0.0339852
139  0.0339389
168  0.0291302
142  0.0291302
132  0.0291302
137  0.0259909
75   0.0242751
43   0.0242751
41   0.0242751
191  0.0242751
179  0.0242751
42   0.0194201
169  0.0194201
133  0.0194201
76   0.0145651
72   0.0145651
5    0.0145651
30   0.0145651
181  0.0145651
180  0.0145651
167  0.0145651
166  0.0145651
155  0.0145651
141  0.0145651
8    0.00971006
74   0.00971006
7    0.00971006
27   0.00971006
23   0.00971006
216  0.00971006
213  0.00971006
21   0.00971006
201  0.00971006
195  0.00971006
17   0.00971006
127  0.00971006
11   0.00971006
93   0.00485502
91   0.00485502
9    0.00485502
89   0.00485502
88   0.00485502
87   0.00485502
85   0.00485502
84   0.00485502
82   0.00485502
80   0.00485502
77   0.00485502
73   0.00485502
71   0.00485502
69   0.00485502
66   0.00485502
28   0.00485502
26   0.00485502
25   0.00485502
218  0.00485502
214  0.00485502
212  0.00485502
211  0.00485502
210  0.00485502
209  0.00485502
208  0.00485502
207  0.00485502
205  0.00485502
199  0.00485502
198  0.00485502
197  0.00485502
196  0.00485502
194  0.00485502
193  0.00485502
192  0.00485502
165  0.00485502
164  0.00485502
163  0.00485502
162  0.00485502
160  0.00485502
16   0.00485502
158  0.00485502
156  0.00485502
15   0.00485502
140  0.00485502
14   0.00485502
13   0.00485502
125  0.00485502
124  0.00485502
123  0.00485502
122  0.00485502
120  0.00485502
12   0.00485502
119  0.00485502
117  0.00485502
115  0.00485502
10   0.00485502
99   0
98   0
97   0
96   0
94   0
92   0
90   0
86   0
83   0
81   0
79   0
78   0
70   0
68   0
67   0
6    0
53   0
51   0
49   0
48   0
4    0
37   0
36   0
35   0
34   0
29   0
24   0
22   0
219  0
217  0
206  0
204  0
203  0
202  0
200  0
20   0
190  0
188  0
186  0
184  0
182  0
18   0
161  0
159  0
157  0
154  0
153  0
152  0
149  0
147  0
146  0
145  0
143  0
128  0
126  0
121  0
118  0
116  0
114  0
111  0
