50   1
273  0.879827
274  0.851759
272  0.812977
10   0.812808
275  0.806042
301  0.805429
41   0.789306
134  0.7823
135  0.7464
133  0.745406
65   0.723102
78   0.715724
305  0.715724
303  0.715724
21   0.715724
7    0.708345
24   0.708345
79   0.700966
77   0.700966
307  0.700966
81   0.693588
68   0.67883
80   0.656694
66   0.641937
276  0.641937
13   0.627179
47   0.619577
5    0.597666
298  0.591449
62   0.582909
270  0.571372
14   0.553394
2    0.531258
268  0.519722
51   0.519687
271  0.517664
46   0.508898
70   0.486986
136  0.486986
189  0.482795
43   0.459862
48   0.422969
215  0.42058
17   0.42058
302  0.399607
49   0.393454
216  0.391065
82   0.383686
25   0.376308
4    0.368929
67   0.354172
16   0.332037
39   0.319669
56   0.31728
37   0.302522
295  0.302522
266  0.288928
12   0.287765
6    0.286047
9    0.265797
267  0.261471
262  0.243663
142  0.228736
42   0.221795
304  0.221795
290  0.221795
98   0.221357
40   0.213978
99   0.2066
217  0.199223
71   0.191844
211  0.191844
265  0.184633
146  0.184465
213  0.169876
55   0.169708
145  0.169708
297  0.167988
143  0.154951
96   0.147572
58   0.147572
279  0.140193
38   0.132815
294  0.132815
269  0.128657
63   0.125436
258  0.125436
144  0.125436
264  0.118396
234  0.111842
296  0.110679
212  0.1033
104  0.1033
235  0.101581
300  0.0970846
261  0.0970846
23   0.0970846
233  0.0960908
52   0.0959217
299  0.0959217
219  0.0959217
187  0.0959217
185  0.0887123
190  0.088543
172  0.088543
45   0.0868236
257  0.0868236
137  0.0868236
1    0.0868236
182  0.0813336
44   0.0811645
192  0.0811645
102  0.0811645
232  0.0739551
231  0.0739551
230  0.0739551
186  0.0739551
59   0.0737858
160  0.0737858
147  0.0737858
236  0.0665764
122  0.0664073
306  0.0591979
237  0.0591979
229  0.0591979
228  0.0591979
188  0.0591979
184  0.0591979
181  0.0591979
141  0.0591979
140  0.0591979
132  0.0591979
259  0.0590288
161  0.0516501
148  0.0516501
171  0.0442716
129  0.0442716
121  0.0442716
289  0.0368929
225  0.0368929
224  0.0368929
220  0.0368929
175  0.0368929
131  0.0368929
105  0.0368929
293  0.0295144
226  0.0295144
209  0.0295144
174  0.0295144
169  0.0295144
163  0.0295144
128  0.0295144
292  0.0221357
255  0.0221357
223  0.0221357
221  0.0221357
183  0.0221357
168  0.0221357
167  0.0221357
165  0.0221357
123  0.0221357
256  0.0147572
253  0.0147572
252  0.0147572
208  0.0147572
207  0.0147572
206  0.0147572
178  0.0147572
164  0.0147572
127  0.0147572
118  0.0147572
113  0.0147572
106  0.0147572
251  0.00737858
250  0.00737858
179  0.00737858
117  0.00737858
110  0.00737858
97   0
95   0
94   0
93   0
92   0
91   0
90   0
89   0
88   0
87   0
86   0
85   0
84   0
83   0
8    0
76   0
75   0
74   0
73   0
72   0
69   0
64   0
61   0
60   0
57   0
54   0
53   0
36   0
35   0
34   0
33   0
32   0
31   0
307  0
30   0
3    0
291  0
29   0
288  0
287  0
286  0
285  0
284  0
283  0
282  0
281  0
280  0
28   0
278  0
277  0
27   0
263  0
260  0
26   0
254  0
249  0
248  0
247  0
246  0
245  0
244  0
243  0
242  0
241  0
240  0
239  0
238  0
227  0
222  0
22   0
218  0
214  0
210  0
205  0
204  0
203  0
202  0
201  0
200  0
20   0
199  0
198  0
197  0
196  0
195  0
194  0
193  0
191  0
19   0
180  0
18   0
177  0
176  0
173  0
170  0
166  0
162  0
159  0
158  0
157  0
156  0
155  0
154  0
153  0
152  0
151  0
150  0
15   0
149  0
139  0
138  0
130  0
126  0
125  0
124  0
120  0
119  0
116  0
115  0
114  0
112  0
111  0
11   0
109  0
108  0
107  0
103  0
101  0
100  0
