74   1
72   0.755594
78   0.681127
75   0.681127
70   0.64144
81   0.602322
77   0.597443
71   0.584555
76   0.573049
80   0.499967
101  0.497922
84   0.488686
73   0.473234
111  0.473234
94   0.472619
40   0.472009
67   0.455261
110  0.453719
45   0.448841
112  0.448841
38   0.443962
47   0.414689
49   0.390297
83   0.380832
85   0.372142
125  0.361024
58   0.356145
103  0.352627
51   0.346388
117  0.326873
115  0.317115
52   0.312236
126  0.312236
87   0.307359
118  0.307359
98   0.299507
86   0.282965
106  0.278086
53   0.26345
104  0.240418
44   0.23066
99   0.2197
124  0.200027
114  0.195148
46   0.19027
107  0.180512
97   0.17561
100  0.172296
56   0.165876
68   0.163015
119  0.151239
105  0.151239
66   0.123329
69   0.121078
59   0.117089
65   0.103972
90   0.102453
123  0.0878166
109  0.082938
36   0.0780592
121  0.0780592
57   0.0683018
60   0.0587028
93   0.0349664
39   0.0349664
95   0.0344445
54   0.0208754
37   0.0195148
102  0.0161785
96   0
92   0
91   0
89   0
88   0
82   0
79   0
64   0
63   0
62   0
61   0
55   0
50   0
48   0
43   0
42   0
41   0
122  0
120  0
116  0
113  0
108  0
