146  1
117  0.969997
202  0.765823
402  0.736075
430  0.729704
431  0.723066
89   0.682975
31   0.659306
32   0.644314
259  0.630685
6    0.624314
203  0.59714
7    0.592461
257  0.592461
316  0.58609
314  0.58609
145  0.558917
260  0.490532
59   0.461818
60   0.460334
231  0.456336
340  0.452309
433  0.383913
317  0.35038
288  0.35038
404  0.328835
119  0.24362
174  0.242604
283  0.22934
148  0.222902
345  0.184745
432  0.137603
456  0.134311
330  0.133782
428  0.111762
405  0.111762
84   0.108299
176  0.107228
435  0.103645
282  0.101929
455  0.100919
399  0.0955582
436  0.0893033
91   0.085245
62   0.0795557
8    0.0764465
205  0.0738971
406  0.0670824
34   0.0637054
262  0.0637054
215  0.0637054
114  0.0597627
397  0.0573349
1    0.0573349
407  0.0541041
29   0.0509644
200  0.0509644
233  0.0500456
93   0.0477335
374  0.0477335
88   0.0470216
319  0.0445938
150  0.0416001
9    0.0382233
453  0.0382233
4    0.0382233
440  0.0349924
437  0.0325037
408  0.0318527
347  0.0318527
207  0.0318527
2    0.0318527
434  0.0293033
439  0.028859
178  0.0261331
36   0.0254822
290  0.0254822
226  0.0254822
141  0.0254822
135  0.0254822
122  0.0254822
143  0.0224886
376  0.0199999
403  0.0197626
55   0.0191116
378  0.0191116
339  0.0191116
311  0.0191116
264  0.0191116
254  0.0191116
236  0.0191116
112  0.0191116
94   0.0127411
83   0.0127411
64   0.0127411
52   0.0127411
426  0.0127411
393  0.0127411
37   0.0127411
369  0.0127411
349  0.0127411
337  0.0127411
333  0.0127411
327  0.0127411
321  0.0127411
292  0.0127411
273  0.0127411
26   0.0127411
212  0.0127411
208  0.0127411
197  0.0127411
179  0.0127411
140  0.0127411
127  0.0127411
126  0.0127411
123  0.0127411
12   0.0127411
11   0.0127411
151  0.0118223
177  0.00885915
121  0.00885915
98   0.00637054
95   0.00637054
81   0.00637054
79   0.00637054
78   0.00637054
77   0.00637054
76   0.00637054
73   0.00637054
70   0.00637054
69   0.00637054
66   0.00637054
65   0.00637054
54   0.00637054
51   0.00637054
49   0.00637054
48   0.00637054
451  0.00637054
450  0.00637054
45   0.00637054
449  0.00637054
448  0.00637054
447  0.00637054
446  0.00637054
444  0.00637054
443  0.00637054
441  0.00637054
425  0.00637054
423  0.00637054
421  0.00637054
420  0.00637054
42   0.00637054
419  0.00637054
418  0.00637054
415  0.00637054
412  0.00637054
411  0.00637054
41   0.00637054
396  0.00637054
391  0.00637054
390  0.00637054
387  0.00637054
384  0.00637054
383  0.00637054
380  0.00637054
38   0.00637054
379  0.00637054
368  0.00637054
366  0.00637054
364  0.00637054
363  0.00637054
362  0.00637054
361  0.00637054
358  0.00637054
355  0.00637054
354  0.00637054
351  0.00637054
350  0.00637054
336  0.00637054
334  0.00637054
326  0.00637054
323  0.00637054
322  0.00637054
309  0.00637054
307  0.00637054
306  0.00637054
305  0.00637054
304  0.00637054
301  0.00637054
297  0.00637054
294  0.00637054
293  0.00637054
280  0.00637054
279  0.00637054
277  0.00637054
276  0.00637054
270  0.00637054
269  0.00637054
266  0.00637054
265  0.00637054
252  0.00637054
250  0.00637054
249  0.00637054
247  0.00637054
244  0.00637054
241  0.00637054
240  0.00637054
24   0.00637054
237  0.00637054
23   0.00637054
225  0.00637054
222  0.00637054
220  0.00637054
219  0.00637054
216  0.00637054
213  0.00637054
21   0.00637054
209  0.00637054
20   0.00637054
195  0.00637054
193  0.00637054
191  0.00637054
190  0.00637054
19   0.00637054
187  0.00637054
184  0.00637054
183  0.00637054
180  0.00637054
17   0.00637054
168  0.00637054
166  0.00637054
165  0.00637054
164  0.00637054
163  0.00637054
162  0.00637054
16   0.00637054
159  0.00637054
156  0.00637054
155  0.00637054
152  0.00637054
14   0.00637054
138  0.00637054
136  0.00637054
134  0.00637054
133  0.00637054
130  0.00637054
13   0.00637054
111  0.00637054
109  0.00637054
108  0.00637054
106  0.00637054
105  0.00637054
102  0.00637054
101  0.00637054
99   0
97   0
96   0
92   0
90   0
87   0
86   0
85   0
82   0
80   0
75   0
74   0
72   0
71   0
68   0
67   0
63   0
61   0
58   0
57   0
56   0
53   0
50   0
5    0
47   0
46   0
454  0
452  0
445  0
442  0
44   0
438  0
43   0
429  0
427  0
424  0
422  0
417  0
416  0
414  0
413  0
410  0
409  0
401  0
400  0
40   0
398  0
395  0
394  0
392  0
39   0
389  0
388  0
386  0
385  0
382  0
381  0
377  0
375  0
373  0
372  0
371  0
370  0
367  0
365  0
360  0
359  0
357  0
356  0
353  0
352  0
35   0
348  0
346  0
344  0
343  0
342  0
341  0
338  0
335  0
332  0
331  0
33   0
329  0
328  0
325  0
324  0
320  0
318  0
315  0
313  0
312  0
310  0
308  0
303  0
302  0
300  0
30   0
3    0
299  0
298  0
296  0
295  0
291  0
289  0
287  0
286  0
285  0
284  0
281  0
28   0
278  0
275  0
274  0
272  0
271  0
27   0
268  0
267  0
263  0
261  0
258  0
256  0
255  0
253  0
251  0
25   0
248  0
246  0
245  0
243  0
242  0
239  0
238  0
235  0
234  0
232  0
230  0
229  0
228  0
227  0
224  0
223  0
221  0
22   0
218  0
217  0
214  0
211  0
210  0
206  0
204  0
201  0
199  0
198  0
196  0
194  0
192  0
189  0
188  0
186  0
185  0
182  0
181  0
18   0
175  0
173  0
172  0
171  0
170  0
169  0
167  0
161  0
160  0
158  0
157  0
154  0
153  0
15   0
149  0
147  0
144  0
142  0
139  0
137  0
132  0
131  0
129  0
128  0
125  0
124  0
120  0
118  0
116  0
115  0
113  0
110  0
107  0
104  0
103  0
100  0
10   0
