49  1
32  0.763678
66  0.723503
35  0.683222
84  0.656561
63  0.647228
67  0.64419
85  0.609134
86  0.60534
41  0.569002
36  0.549465
30  0.531134
31  0.520983
42  0.515256
38  0.489893
34  0.488003
29  0.40972
28  0.342671
40  0.313537
53  0.272872
74  0.269777
50  0.259254
46  0.256105
87  0.254265
64  0.225051
65  0.224138
51  0.223882
43  0.219463
33  0.218759
58  0.215152
48  0.195945
88  0.190075
68  0.188308
96  0.173211
60  0.153689
47  0.135732
62  0.120165
45  0.117337
27  0.115672
37  0.102805
39  0.102207
61  0.0726369
55  0.0633565
54  0.0633565
81  0.0615634
59  0.0572247
75  0.0446997
3   0.0335247
25  0.0335247
73  0.0292875
26  0.0292875
83  0.0169438
95  0.0167623
90  0.0167623
77  0.0167623
7   0.0167623
4   0.0167623
24  0.0167623
72  0.0113564
76  0.0111749
1   0.0111749
94  0.00558745
93  0.00558745
91  0.00558745
9   0.00558745
6   0.00558745
5   0.00558745
23  0.00558745
22  0.00558745
21  0.00558745
20  0.00558745
2   0.00558745
17  0.00558745
16  0.00558745
14  0.00558745
13  0.00558745
12  0.00558745
10  0.00558745
92  0
89  0
82  0
80  0
8   0
79  0
78  0
71  0
70  0
69  0
57  0
56  0
52  0
44  0
19  0
18  0
15  0
11  0
