146
192
98
175
41
216
97
39
57
149
239
96
177
240
75
218
37
244
172
215
193
59
94
93
74
245
242
99
174
90
89
145
36
100
219
237
195
92
178
150
191
76
202
221
95
169
151
114
88
243
166
38
77
223
87
222
73
173
35
13
171
203
1
153
167
49
113
101
206
133
185
170
217
190
189
19
236
48
3
6
5
144
204
40
165
61
50
186
84
78
187
126
143
226
82
152
164
7
205
123
110
25
116
224
8
62
132
129
115
107
79
18
125
12
176
86
80
154
134
131
127
111
109
17
233
23
20
161
135
128
119
117
9
81
69
63
232
230
21
159
11
24
91
85
83
72
71
70
68
67
66
65
64
60
58
56
55
54
53
52
51
47
46
45
44
43
42
4
34
33
32
31
30
29
28
27
26
241
238
235
234
231
229
228
227
225
220
22
214
213
212
211
210
209
208
207
201
200
2
199
198
197
196
194
188
184
183
182
181
180
179
168
163
162
160
16
158
157
156
155
142
141
140
139
138
137
136
130
124
122
121
120
118
112
108
106
105
104
103
102
10
39	PHE
41	PHE
57	HIS
58	CYS
146	TYR
191	CYS
192	MET
193	GLY
195	SER
214	SER
215	TRP
216	GLY
218	SER
