96
101
100
99
97
103
102
104
105
57
31
98
137
53
176
174
95
172
162
161
61
55
42
139
124
60
163
46
160
28
43
167
45
44
27
164
29
32
158
54
40
56
204
47
41
209
145
127
39
144
125
62
91
63
58
106
107
26
168
207
24
126
178
208
50
25
94
72
165
140
10
159
128
59
92
8
157
156
73
205
199
147
122
179
166
155
129
34
75
65
64
6
202
169
203
198
196
194
16
154
11
9
78
71
201
149
133
130
12
110
109
87
85
84
83
82
80
74
70
69
67
22
200
20
197
190
188
187
186
185
184
183
182
181
180
18
170
17
153
152
151
15
14
131
120
119
118
117
116
115
114
113
112
93
90
89
88
86
81
79
77
76
7
68
66
52
51
5
49
48
38
37
36
35
33
30
23
21
206
195
193
192
191
19
189
177
175
173
171
150
148
146
143
142
141
138
136
135
134
132
13
123
121
111
108
25	THR
53	SER
55	THR
56	THR
57	ASP
61	SER
63	LYS
64	SER
67	SER
97	TYR
98	GLY
99	TYR
100	TRP
101	TYR
103	ASP
105	TRP