146
117
202
402
430
431
89
31
32
259
6
203
7
257
316
314
145
260
59
60
231
340
433
317
288
404
119
174
283
148
345
432
456
330
428
405
84
176
435
282
455
399
436
91
62
8
205
406
34
262
215
114
397
1
407
29
200
233
93
374
88
319
150
9
453
4
440
437
408
347
207
2
434
439
178
36
290
226
141
135
122
143
376
403
55
378
339
311
264
254
236
112
94
83
64
52
426
393
37
369
349
337
333
327
321
292
273
26
212
208
197
179
140
127
126
123
12
11
151
6	HIS
89	ASN
117	ASP
202	GLU
257	TRP
259	TRP
283	GLU
316	LYS
397	GLU
404	CYS
405	VAL
428	VAL
430	TYR
431	ASP
433	TYR
436	GLU
453	ARG
456	SER
