85
130
116
110
132
117
87
129
126
127
86
163
133
135
113
152
125
154
155
71
137
14
114
122
33
32
115
106
111
150
95
134
35
156
72
60
13
78
54
112
131
161
30
53
84
59
52
44
31
136
2
158
34
3
36
61
40
28
19
73
29
18
12
11
49
165
45
8
128
48
166
164
157
56
57
79
67
159
62
27
10
51
168
104
9
7
6
46
25
96
94
77
47
43
171
146
123
93
82
80
75
69
50
170
143
139
1
99
98
74
63
42
41
4
38
172
148
144
142
140
124
102
101
100
97
92
91
90
89
88
83
81
76
70
68
66
65
64
58
55
5
39
37
26
24
23
22
21
20
17
169
167
162
160
16
153
151
15
149
147
145
141
138
121
120
119
118
109
108
107
105
103
85	ILE
86	GLY
87	TRP
110	TRP
116	HIS
117	LYS
126	ASP
131	HIS
132	HIS
152	ARG
155	VAL
158	LYS
