203
206
202
204
122
60
215
93
132
207
38
63
217
88
74
150
119
61
37
201
176
35
121
97
85
131
128
57
41
124
92
173
62
48
221
147
194
82
112
76
220
95
113
186
49
152
218
149
116
136
98
100
96
84
64
222
115
106
73
187
192
39
205
87
125
170
148
223
99
145
165
75
130
216
156
144
19
172
90
79
20
36
94
164
134
114
163
166
158
50
118
110
77
191
143
160
214
171
167
89
235
28
177
178
86
169
126
78
239
109
108
232
23
21
224
242
238
174
127
137
135
26
81
25
185
184
27
133
244
91
101
243
24
18
168
159
161
83
80
72
71
70
69
68
67
66
65
59
58
56
55
54
53
52
51
47
46
45
44
43
42
40
34
33
32
31
30
29
245
241
240
237
236
234
233
231
230
229
228
227
226
225
22
219
213
212
211
210
209
208
200
199
198
197
196
195
193
190
189
188
183
182
181
180
179
175
17
162
16
157
155
154
153
151
142
141
140
139
138
129
123
120
117
111
107
105
104
103
102
57	HIS
97	ASP
99	ALA
172	TRP
192	GLN
193	GLY
195	SER
214	SER
215	PHE
216	VAL
217	ARG
