153
81
151
40
579
150
152
83
149
148
41
76
154
578
85
86
4
203
574
577
80
3
580
57
78
39
334
82
323
572
146
147
193
210
202
79
89
573
582
569
518
333
42
407
571
172
107
576
533
258
398
241
200
520
199
575
445
440
523
583
5
244
631
58
517
522
196
478
320
521
37
201
242
198
531
53
442
321
211
166
197
195
475
43
1
9
6
335
2
519
443
277
229
54
471
212
131
124
38
220
71
7
606
570
568
529
516
515
46
454
447
400
397
327
322
286
281
188
240
228
227
169
145
61
607
473
455
453
441
439
332
278
271
120
513
91
626
619
59
587
586
566
565
56
534
528
52
482
468
429
410
403
401
396
331
325
256
209
206
16
12
100
70
623
621
620
618
617
609
605
594
589
567
558
557
55
547
540
535
525
524
510
50
488
483
477
472
47
469
421
420
413
411
402
395
364
336
329
328
308
282
272
270
269
268
267
259
224
223
22
186
181
180
170
17
129
117
108
104
547	LYS
550	LYS
552	TYR
559	PHE
561	ARG
566	LYS
570	ASP
575	LYS
579	ASP
580	ALA
581	TRP
582	ASN
586	ASP
607	TYR
616	LEU
617	LYS
618	SER
620	LYS
621	PHE
622	GLY
623	SER
