30
197
198
221
218
196
28
230
216
24
228
225
23
222
195
200
78
201
77
22
20
18
26
317
315
169
191
227
220
19
408
17
51
73
465
25
133
132
192
76
193
80
158
75
411
21
79
16
464
131
469
223
278
168
50
412
14
431
74
194
438
421
466
440
423
422
203
217
199
157
52
4
137
41
159
31
134
84
71
433
155
470
413
83
416
139
48
128
2
409
130
81
49
434
11
47
308
189
15
156
286
54
53
43
414
324
85
34
240
325
110
1
420
37
3
141
10
69
401
435
129
90
13
108
42
437
154
7
6
58
56
462
268
439
432
91
415
33
112
101
419
460
45
262
163
111
98
94
89
8
63
302
276
267
266
142
104
97
87
417
379
375
271
264
166
165
162
160
147
113
70
65
64
444
442
418
397
387
380
327
307
306
263
244
144
133	GLY
134	ALA
135	ALA
158	TYR
169	TYR
176	HIS
177	GLU
180	HIS
186	HIS
191	ASN
192	ALA
196	ASP
216	TYR
218	GLU
220	GLN
225	ASP
227	LYS
228	GLY
230	TYR
278	LYS
