433
493
426
541
496
444
435
497
494
442
498
423
452
411
429
487
453
580
533
425
455
450
529
407
519
405
404
570
500
451
422
571
460
448
431
437
436
424
582
536
477
521
531
573
415
567
459
458
408
530
578
417
486
456
564
403
572
562
446
414
467
440
538
527
568
550
528
495
535
524
488
421
471
465
584
543
406
554
551
518
539
472
569
464
525
463
462
537
501
480
476
418
555
553
552
461
522
557
438
540
489
481
478
586
577
502
490
415	ASP
418	PRO
426	LEU
429	LYS
451	LYS
487	GLN
494	GLN
497	SER
498	VAL
