91
96
50
32
92
49
95
87
94
36
98
53
46
100
97
45
55
54
93
135
133
124
44
43
42
38
180
165
118
207
163
119
117
123
114
176
127
131
178
137
167
116
164
206
138
160
162
56
30
121
161
11
85
1
89
128
60
31
41
122
40
52
158
169
15
168
129
103
28
141
126
182
142
214
57
210
12
34
208
107
59
213
159
58
37
205
14
9
3
183
170
143
63
5
27
212
211
188
16
157
155
10
67
65
81
80
8
79
77
76
74
72
70
7
69
66
26
24
22
204
203
202
201
200
20
199
197
195
191
190
189
187
185
184
18
17
156
154
153
152
151
149
147
145
112
111
110
109
108
99
90
88
86
84
83
82
78
75
73
71
68
64
62
61
6
51
48
47
4
39
35
33
29
25
23
21
209
2
198
196
194
193
192
19
186
181
179
177
175
174
173
172
171
166
150
148
146
144
140
139
136
134
132
130
13
125
120
115
113
106
105
104
102
101
30	ARG
32	TYR
50	TYR
91	HIS
92	GLY
93	GLU
94	SER
96	TYR
