146
117
202
402
430
431
89
31
32
259
6
203
7
257
316
314
145
260
59
60
231
340
433
317
288
404
119
174
283
148
345
432
456
330
428
405
84
176
435
282
455
399
436
91
62
8
205
406
34
262
215
114
397
1
407
29
200
233
93
374
88
319
150
9
453
4
440
437
408
347
207
2
434
439
178
36
290
226
141
135
122
143
376
403
55
378
339
311
264
254
236
112
94
83
64
52
426
393
37
369
349
337
333
327
321
292
273
26
212
208
197
179
140
127
126
123
12
11
151
177
121
98
95
81
79
78
77
76
73
70
69
66
65
54
51
49
48
451
450
45
449
448
447
446
444
443
441
425
423
421
420
42
419
418
415
412
411
41
396
391
390
387
384
383
380
38
379
368
366
364
363
362
361
358
355
354
351
350
336
334
326
323
322
309
307
306
305
304
301
297
294
293
280
279
277
276
270
269
266
265
252
250
249
247
244
241
240
24
237
23
225
222
220
219
216
213
21
209
20
195
193
191
190
19
187
184
183
180
17
168
166
165
164
163
162
16
159
156
155
152
14
138
136
134
133
130
13
111
109
108
106
105
102
101
99
97
96
92
90
87
86
85
82
80
75
74
72
71
68
67
63
61
58
57
56
53
50
5
47
46
454
452
445
442
44
438
43
429
427
424
422
417
416
414
413
410
409
401
400
40
398
395
394
392
39
389
388
386
385
382
381
377
375
373
372
371
370
367
365
360
359
357
356
353
352
35
348
346
344
343
342
341
338
335
332
331
33
329
328
325
324
320
318
315
313
312
310
308
303
302
300
30
3
299
298
296
295
291
289
287
286
285
284
281
28
278
275
274
272
271
27
268
267
263
261
258
256
255
253
251
25
248
246
245
243
242
239
238
235
234
232
230
229
228
227
224
223
221
22
218
217
214
211
210
206
204
201
199
198
196
194
192
189
188
186
185
182
181
18
175
173
172
171
170
169
167
161
160
158
157
154
153
15
149
147
144
142
139
137
132
131
129
128
125
124
120
118
116
115
113
110
107
104
103
100
10
6	HIS
89	ASN
117	ASP
202	GLU
257	TRP
259	TRP
283	GLU
316	LYS
397	GLU
404	CYS
405	VAL
428	VAL
430	TYR
431	ASP
433	TYR
436	GLU
453	ARG
456	SER
