111
77
75
160
108
109
74
78
217
218
9
161
110
114
79
132
127
292
134
130
126
174
10
166
76
67
245
289
72
265
112
291
225
295
293
70
288
159
294
66
69
116
226
86
170
154
290
244
65
220
158
243
200
7
113
53
242
241
240
278
219
171
175
325
239
48
203
11
8
173
202
326
248
157
229
176
246
54
172
318
117
12
52
277
13
187
51
309
307
287
257
131
230
81
201
162
141
177
128
296
266
145
1
28
324
268
47
88
281
249
189
83
276
233
196
64
297
279
207
105
25
23
22
63
319
3
280
256
195
148
106
98
264
263
255
208
181
180
142
90
62
60
59
46
317
272
270
26
250
24
238
236
234
210
209
2
193
186
178
147
97
95
93
57
55
5
44
43
316
315
308
254
253
185
183
17
144
143
99
96
94
92
91
89
87
85
84
82
80
73
71
61
6
58
56
50
49
45
42
41
40
4
39
38
37
36
35
34
33
323
322
321
320
32
314
313
312
311
310
31
306
305
304
303
302
301
300
30
299
298
29
286
285
284
283
282
275
274
273
271
27
269
267
262
261
260
259
258
252
251
247
237
235
232
231
228
227
224
223
222
221
216
215
214
213
212
211
21
206
205
204
20
199
198
197
194
192
191
190
19
188
184
182
18
179
169
168
167
165
164
163
16
156
155
153
152
151
150
15
149
146
140
14
139
138
137
136
135
133
129
125
124
123
122
121
120
119
118
115
107
104
103
102
101
100
34	GLY
65	GLU
66	ALA
69	GLN
70	GLU
71	LEU
72	SER
74	THR
75	TYR
76	GLY
79	SER
86	TYR
109	GLY
128	ILE
130	ALA
131	SER
189	TYR
218	THR
289	MET
290	ASP
292	PRO
300	ILE