153
81
151
40
579
150
152
83
149
148
41
76
154
578
85
86
4
203
574
577
80
3
580
57
78
39
334
82
323
572
146
147
193
210
202
79
89
573
582
569
518
333
42
407
571
172
107
576
533
258
398
241
200
520
199
575
445
440
523
583
5
244
631
58
517
522
196
478
320
521
37
201
242
198
531
53
442
321
211
166
197
195
475
43
1
9
6
335
2
519
443
277
229
54
471
212
131
124
38
220
71
7
606
570
568
529
516
515
46
454
447
400
397
327
322
286
281
188
240
228
227
169
145
61
607
473
455
453
441
439
332
278
271
120
513
91
626
619
59
587
586
566
565
56
534
528
52
482
468
429
410
403
401
396
331
325
256
209
206
16
12
100
70
623
621
620
618
617
609
605
594
589
567
558
557
55
547
540
535
525
524
510
50
488
483
477
472
47
469
421
420
413
411
402
395
364
336
329
328
308
282
272
270
269
268
267
259
224
223
22
186
181
180
170
17
129
117
108
104
96
94
93
92
88
87
69
67
66
63
627
625
62
616
615
614
612
604
599
597
596
595
556
550
549
548
546
538
537
526
509
508
502
501
500
499
498
492
490
489
485
476
470
461
438
436
435
434
433
432
431
430
419
418
417
415
414
406
388
386
383
369
363
362
361
357
356
355
354
353
351
350
35
349
344
343
342
340
34
337
330
33
32
319
318
316
314
312
309
304
302
300
30
299
298
297
296
295
294
293
292
291
290
285
283
280
279
275
274
27
265
264
263
261
260
26
255
254
250
249
247
239
238
237
236
235
234
233
23
226
225
222
221
217
216
214
213
207
205
19
18
171
160
158
156
15
143
14
137
136
135
134
133
132
13
116
113
112
11
109
10
99
98
97
95
90
84
8
77
75
74
73
72
68
65
64
630
629
628
624
622
613
611
610
608
603
602
601
600
60
598
593
592
591
590
588
585
584
581
564
563
562
561
560
559
555
554
553
552
551
545
544
543
542
541
539
536
532
530
527
514
512
511
51
507
506
505
504
503
497
496
495
494
493
491
49
487
486
484
481
480
48
479
474
467
466
465
464
463
462
460
459
458
457
456
452
451
450
45
449
448
446
444
44
437
416
412
409
408
405
404
399
394
393
392
391
390
389
387
385
384
382
381
380
379
378
377
376
375
374
373
372
371
370
368
367
366
365
360
36
359
358
352
348
347
346
345
341
339
338
326
324
317
315
313
311
310
31
307
306
305
303
301
29
289
288
287
284
28
276
273
266
262
257
253
252
251
25
248
246
245
243
24
232
231
230
219
218
215
21
208
204
20
194
192
191
190
189
187
185
184
183
182
179
178
177
176
175
174
173
168
167
165
164
163
162
161
159
157
155
144
142
141
140
139
138
130
128
127
126
125
123
122
121
119
118
115
114
111
110
106
105
103
102
101
547	LYS
550	LYS
552	TYR
559	PHE
561	ARG
566	LYS
570	ASP
575	LYS
579	ASP
580	ALA
581	TRP
582	ASN
586	ASP
607	TYR
616	LEU
617	LYS
618	SER
620	LYS
621	PHE
622	GLY
623	SER
