19
34
35
39
16
18
38
147
125
136
37
28
53
127
126
36
130
129
29
149
14
52
54
27
20
40
26
128
137
150
135
142
107
42
138
50
24
119
55
140
41
141
151
132
145
25
8
43
22
148
120
61
45
139
118
78
105
110
77
112
7
102
115
117
51
10
44
114
92
9
12
11
106
103
144
134
91
86
104
101
76
143
97
96
94
93
90
89
87
84
83
82
81
80
79
75
74
73
72
71
70
64
62
99
98
95
88
85
69
68
67
66
65
63
60
59
58
57
56
49
48
47
46
33
32
31
30
23
21
17
15
146
133
131
13
124
123
122
121
116
113
111
109
108
100
8	SER
11	GLN
14	ARG
16	TRP
18	VAL
20	GLN
25	LEU
26	ARG
27	ASN
34	TYR
36	GLN
37	GLY
39	ASN
42	LEU
50	PRO
51	ILE
53	PRO
54	HIS
126	GLU
127	ALA
128	ASP
147	TYR
150	GLU
