Protein Threshold TP FP N Neg TPR FPR
1ACB.E 0.36 11 30 13 228 .846 .131
1ACB.I 0.36 7 0 11 52 .636 0
1AHW.A 0.36 7 39 8 206 .875 .189
1AK4.A 0.36 6 19 9 156 .666 .121
1AVX.A 0.36 11 5 19 201 .578 .024
1AY7.A 0.36 5 12 9 87 .555 .137
1AY7.B 0.36 2 2 9 80 .222 .025
1BGX.H 0.36 11 28 16 189 .687 .148
1DE4.E 0.36 8 5 21 78 .380 .064
1DFJ.E 0.36 0 5 18 106 0 .047
1DFJ.I 0.36 10 13 18 438 .555 .029
1DQJ.A 0.36 7 45 7 207 1.000 .217
1E4K.C 0.36 10 9 12 160 .833 .056
1E6J.H 0.36 3 30 5 214 .600 .140
1EXB.E 0.36 3 23 3 88 1.000 .261
1F34.A 0.36 14 32 22 303 .636 .105
1FC2.D 0.36 4 36 10 196 .400 .183
1FFW.A 0.36 2 16 8 120 .250 .133
1FFW.B 0.36 9 31 10 58 .900 .534
1FLE.E 0.36 4 45 11 218 .363 .206
1GHQ.A 0.36 1 50 5 302 .200 .165
1GXD.A 0.36 2 23 21 603 .095 .038
1GXD.C 0.36 9 16 18 174 .500 .091
1IRA.X 0.36 16 12 23 122 .695 .098
1JIW.I 0.36 11 48 15 90 .733 .533
1JIW.P 0.36 13 34 20 450 .650 .075
1JPS.H 0.36 8 41 10 203 .800 .201
1KAC.A 0.36 6 21 9 176 .666 .119
1KAC.B 0.36 3 4 12 112 .250 .035
1KLU.D 0.36 3 9 11 219 .272 .041
