Protein Threshold TP FP N Neg TPR FPR
1ACB.E 0.39 10 28 13 228 .769 .122
1ACB.I 0.39 7 0 11 52 .636 0
1AHW.A 0.39 7 36 8 206 .875 .174
1AK4.A 0.39 5 15 9 156 .555 .096
1AVX.A 0.39 10 5 19 201 .526 .024
1AY7.A 0.39 5 12 9 87 .555 .137
1AY7.B 0.39 2 2 9 80 .222 .025
1BGX.H 0.39 11 26 16 189 .687 .137
1DE4.E 0.39 8 5 21 78 .380 .064
1DFJ.E 0.39 0 3 18 106 0 .028
1DFJ.I 0.39 9 13 18 438 .500 .029
1DQJ.A 0.39 7 45 7 207 1.000 .217
1E4K.C 0.39 10 9 12 160 .833 .056
1E6J.H 0.39 3 29 5 214 .600 .135
1EXB.E 0.39 3 20 3 88 1.000 .227
1F34.A 0.39 13 28 22 303 .590 .092
1FC2.D 0.39 3 34 10 196 .300 .173
1FFW.A 0.39 2 15 8 120 .250 .125
1FFW.B 0.39 8 25 10 58 .800 .431
1FLE.E 0.39 4 40 11 218 .363 .183
1GHQ.A 0.39 1 47 5 302 .200 .155
1GXD.A 0.39 1 21 21 603 .047 .034
1GXD.C 0.39 7 15 18 174 .388 .086
1IRA.X 0.39 15 12 23 122 .652 .098
1JIW.I 0.39 10 46 15 90 .666 .511
1JIW.P 0.39 13 31 20 450 .650 .068
1JPS.H 0.39 8 39 10 203 .800 .192
1KAC.A 0.39 6 16 9 176 .666 .090
1KAC.B 0.39 3 4 12 112 .250 .035
1KLU.D 0.39 3 7 11 219 .272 .031
