Protein Threshold TP FP N Neg TPR FPR
1ACB.E 0.33 11 35 13 228 .846 .153
1ACB.I 0.33 7 0 11 52 .636 0
1AHW.A 0.33 7 40 8 206 .875 .194
1AK4.A 0.33 6 19 9 156 .666 .121
1AVX.A 0.33 11 6 19 201 .578 .029
1AY7.A 0.33 5 13 9 87 .555 .149
1AY7.B 0.33 2 3 9 80 .222 .037
1BGX.H 0.33 12 33 16 189 .750 .174
1DE4.E 0.33 10 7 21 78 .476 .089
1DFJ.E 0.33 0 5 18 106 0 .047
1DFJ.I 0.33 10 15 18 438 .555 .034
1DQJ.A 0.33 7 48 7 207 1.000 .231
1E4K.C 0.33 10 11 12 160 .833 .068
1E6J.H 0.33 3 31 5 214 .600 .144
1EXB.E 0.33 3 26 3 88 1.000 .295
1F34.A 0.33 15 32 22 303 .681 .105
1FC2.D 0.33 5 36 10 196 .500 .183
1FFW.A 0.33 3 17 8 120 .375 .141
1FFW.B 0.33 9 34 10 58 .900 .586
1FLE.E 0.33 4 54 11 218 .363 .247
1GHQ.A 0.33 1 52 5 302 .200 .172
1GXD.A 0.33 2 28 21 603 .095 .046
1GXD.C 0.33 9 18 18 174 .500 .103
1IRA.X 0.33 16 13 23 122 .695 .106
1JIW.I 0.33 11 50 15 90 .733 .555
1JIW.P 0.33 14 39 20 450 .700 .086
1JPS.H 0.33 8 43 10 203 .800 .211
1KAC.A 0.33 7 26 9 176 .777 .147
1KAC.B 0.33 4 4 12 112 .333 .035
1KLU.D 0.33 3 9 11 219 .272 .041
