Protein Threshold TP FP N Neg TPR FPR
1ACB.E 0.19 11 49 13 228 .846 .214
1ACB.I 0.19 9 5 11 52 .818 .096
1AHW.A 0.19 8 43 8 206 1.000 .208
1AK4.A 0.19 6 35 9 156 .666 .224
1AVX.A 0.19 14 13 19 201 .736 .064
1AY7.A 0.19 8 24 9 87 .888 .275
1AY7.B 0.19 5 6 9 80 .555 .075
1BGX.H 0.19 12 41 16 189 .750 .216
1DE4.E 0.19 15 14 21 78 .714 .179
1DFJ.E 0.19 0 12 18 106 0 .113
1DFJ.I 0.19 12 18 18 438 .666 .041
1DQJ.A 0.19 7 53 7 207 1.000 .256
1E4K.C 0.19 10 24 12 160 .833 .150
1E6J.H 0.19 4 37 5 214 .800 .172
1EXB.E 0.19 3 42 3 88 1.000 .477
1F34.A 0.19 16 59 22 303 .727 .194
1FC2.D 0.19 8 50 10 196 .800 .255
1FFW.A 0.19 3 21 8 120 .375 .175
1FFW.B 0.19 9 42 10 58 .900 .724
1FLE.E 0.19 8 79 11 218 .727 .362
1GHQ.A 0.19 1 72 5 302 .200 .238
1GXD.A 0.19 3 40 21 603 .142 .066
1GXD.C 0.19 14 25 18 174 .777 .143
1IRA.X 0.19 18 17 23 122 .782 .139
1JIW.I 0.19 12 59 15 90 .800 .655
1JIW.P 0.19 15 66 20 450 .750 .146
1JPS.H 0.19 9 48 10 203 .900 .236
1KAC.A 0.19 8 45 9 176 .888 .255
1KAC.B 0.19 6 6 12 112 .500 .053
1KLU.D 0.19 5 17 11 219 .454 .077
