Protein Threshold TP FP N Neg TPR FPR
1ACB.E 0.12 11 66 13 228 .846 .289
1ACB.I 0.12 10 8 11 52 .909 .153
1AHW.A 0.12 8 49 8 206 1.000 .237
1AK4.A 0.12 6 39 9 156 .666 .250
1AVX.A 0.12 14 22 19 201 .736 .109
1AY7.A 0.12 8 29 9 87 .888 .333
1AY7.B 0.12 7 6 9 80 .777 .075
1BGX.H 0.12 13 48 16 189 .812 .253
1DE4.E 0.12 18 16 21 78 .857 .205
1DFJ.E 0.12 0 18 18 106 0 .169
1DFJ.I 0.12 13 21 18 438 .722 .047
1DQJ.A 0.12 7 56 7 207 1.000 .270
1E4K.C 0.12 11 40 12 160 .916 .250
1E6J.H 0.12 4 40 5 214 .800 .186
1EXB.E 0.12 3 51 3 88 1.000 .579
1F34.A 0.12 16 69 22 303 .727 .227
1FC2.D 0.12 8 61 10 196 .800 .311
1FFW.A 0.12 5 32 8 120 .625 .266
1FFW.B 0.12 9 43 10 58 .900 .741
1FLE.E 0.12 9 97 11 218 .818 .444
1GHQ.A 0.12 1 88 5 302 .200 .291
1GXD.A 0.12 4 58 21 603 .190 .096
1GXD.C 0.12 14 32 18 174 .777 .183
1IRA.X 0.12 19 21 23 122 .826 .172
1JIW.I 0.12 13 70 15 90 .866 .777
1JIW.P 0.12 15 80 20 450 .750 .177
1JPS.H 0.12 9 53 10 203 .900 .261
1KAC.A 0.12 8 56 9 176 .888 .318
1KAC.B 0.12 7 11 12 112 .583 .098
1KLU.D 0.12 7 27 11 219 .636 .123
