Protein Threshold TP FP N Neg TPR FPR
1ACB.E 0.45 9 23 13 228 .692 .100
1ACB.I 0.45 6 0 11 52 .545 0
1AHW.A 0.45 7 30 8 206 .875 .145
1AK4.A 0.45 4 13 9 156 .444 .083
1AVX.A 0.45 10 2 19 201 .526 .009
1AY7.A 0.45 5 11 9 87 .555 .126
1AY7.B 0.45 1 2 9 80 .111 .025
1BGX.H 0.45 11 21 16 189 .687 .111
1DE4.E 0.45 7 5 21 78 .333 .064
1DFJ.E 0.45 0 3 18 106 0 .028
1DFJ.I 0.45 9 13 18 438 .500 .029
1DQJ.A 0.45 7 40 7 207 1.000 .193
1E4K.C 0.45 8 7 12 160 .666 .043
1E6J.H 0.45 3 26 5 214 .600 .121
1EXB.E 0.45 3 15 3 88 1.000 .170
1F34.A 0.45 10 25 22 303 .454 .082
1FC2.D 0.45 1 25 10 196 .100 .127
1FFW.A 0.45 2 13 8 120 .250 .108
1FFW.B 0.45 8 19 10 58 .800 .327
1FLE.E 0.45 3 24 11 218 .272 .110
1GHQ.A 0.45 1 41 5 302 .200 .135
1GXD.A 0.45 1 21 21 603 .047 .034
1GXD.C 0.45 6 10 18 174 .333 .057
1IRA.X 0.45 14 11 23 122 .608 .090
1JIW.I 0.45 9 33 15 90 .600 .366
1JIW.P 0.45 12 28 20 450 .600 .062
1JPS.H 0.45 8 33 10 203 .800 .162
1KAC.A 0.45 6 11 9 176 .666 .062
1KAC.B 0.45 3 4 12 112 .250 .035
1KLU.D 0.45 3 6 11 219 .272 .027
