Protein Threshold TP FP N Neg TPR FPR
1ACB.E 0.24 11 43 13 228 .846 .188
1ACB.I 0.24 8 1 11 52 .727 .019
1AHW.A 0.24 8 42 8 206 1.000 .203
1AK4.A 0.24 6 26 9 156 .666 .166
1AVX.A 0.24 14 9 19 201 .736 .044
1AY7.A 0.24 6 18 9 87 .666 .206
1AY7.B 0.24 4 6 9 80 .444 .075
1BGX.H 0.24 12 38 16 189 .750 .201
1DE4.E 0.24 13 9 21 78 .619 .115
1DFJ.E 0.24 0 8 18 106 0 .075
1DFJ.I 0.24 11 17 18 438 .611 .038
1DQJ.A 0.24 7 51 7 207 1.000 .246
1E4K.C 0.24 10 18 12 160 .833 .112
1E6J.H 0.24 4 35 5 214 .800 .163
1EXB.E 0.24 3 37 3 88 1.000 .420
1F34.A 0.24 16 49 22 303 .727 .161
1FC2.D 0.24 8 45 10 196 .800 .229
1FFW.A 0.24 3 21 8 120 .375 .175
1FFW.B 0.24 9 40 10 58 .900 .689
1FLE.E 0.24 8 73 11 218 .727 .334
1GHQ.A 0.24 1 62 5 302 .200 .205
1GXD.A 0.24 2 33 21 603 .095 .054
1GXD.C 0.24 11 24 18 174 .611 .137
1IRA.X 0.24 17 14 23 122 .739 .114
1JIW.I 0.24 12 57 15 90 .800 .633
1JIW.P 0.24 14 56 20 450 .700 .124
1JPS.H 0.24 9 47 10 203 .900 .231
1KAC.A 0.24 7 36 9 176 .777 .204
1KAC.B 0.24 5 5 12 112 .416 .044
1KLU.D 0.24 4 14 11 219 .363 .063
