Protein Threshold TP FP N Neg TPR FPR
1ACB.E 0.06 11 86 13 228 .846 .377
1ACB.I 0.06 11 12 11 52 1.000 .230
1AHW.A 0.06 8 60 8 206 1.000 .291
1AK4.A 0.06 7 55 9 156 .777 .352
1AVX.A 0.06 14 40 19 201 .736 .199
1AY7.A 0.06 8 37 9 87 .888 .425
1AY7.B 0.06 8 13 9 80 .888 .162
1BGX.H 0.06 14 57 16 189 .875 .301
1DE4.E 0.06 18 28 21 78 .857 .358
1DFJ.E 0.06 7 32 18 106 .388 .301
1DFJ.I 0.06 16 35 18 438 .888 .079
1DQJ.A 0.06 7 67 7 207 1.000 .323
1E4K.C 0.06 12 57 12 160 1.000 .356
1E6J.H 0.06 5 49 5 214 1.000 .228
1EXB.E 0.06 3 59 3 88 1.000 .670
1F34.A 0.06 18 83 22 303 .818 .273
1FC2.D 0.06 9 73 10 196 .900 .372
1FFW.A 0.06 6 45 8 120 .750 .375
1FFW.B 0.06 9 43 10 58 .900 .741
1FLE.E 0.06 9 113 11 218 .818 .518
1GHQ.A 0.06 1 122 5 302 .200 .403
1GXD.A 0.06 4 85 21 603 .190 .140
1GXD.C 0.06 15 43 18 174 .833 .247
1IRA.X 0.06 21 30 23 122 .913 .245
1JIW.I 0.06 13 75 15 90 .866 .833
1JIW.P 0.06 15 110 20 450 .750 .244
1JPS.H 0.06 9 58 10 203 .900 .285
1KAC.A 0.06 8 74 9 176 .888 .420
1KAC.B 0.06 9 26 12 112 .750 .232
1KLU.D 0.06 8 37 11 219 .727 .168
