Protein Threshold TP FP N Neg TPR FPR
1ACB.E 0.04 11 99 13 228 .846 .434
1ACB.I 0.04 11 16 11 52 1.000 .307
1AHW.A 0.04 8 69 8 206 1.000 .334
1AK4.A 0.04 7 66 9 156 .777 .423
1AVX.A 0.04 14 49 19 201 .736 .243
1AY7.A 0.04 8 39 9 87 .888 .448
1AY7.B 0.04 8 19 9 80 .888 .237
1BGX.H 0.04 14 63 16 189 .875 .333
1DE4.E 0.04 19 37 21 78 .904 .474
1DFJ.E 0.04 7 40 18 106 .388 .377
1DFJ.I 0.04 17 46 18 438 .944 .105
1DQJ.A 0.04 7 77 7 207 1.000 .371
1E4K.C 0.04 12 69 12 160 1.000 .431
1E6J.H 0.04 5 56 5 214 1.000 .261
1EXB.E 0.04 3 60 3 88 1.000 .681
1F34.A 0.04 19 96 22 303 .863 .316
1FC2.D 0.04 9 80 10 196 .900 .408
1FFW.A 0.04 7 54 8 120 .875 .450
1FFW.B 0.04 9 44 10 58 .900 .758
1FLE.E 0.04 9 117 11 218 .818 .536
1GHQ.A 0.04 1 138 5 302 .200 .456
1GXD.A 0.04 5 117 21 603 .238 .194
1GXD.C 0.04 16 55 18 174 .888 .316
1IRA.X 0.04 21 39 23 122 .913 .319
1JIW.I 0.04 13 76 15 90 .866 .844
1JIW.P 0.04 15 131 20 450 .750 .291
1JPS.H 0.04 10 66 10 203 1.000 .325
1KAC.A 0.04 9 89 9 176 1.000 .505
1KAC.B 0.04 9 33 12 112 .750 .294
1KLU.D 0.04 9 40 11 219 .818 .182
