Protein Threshold TP FP N Neg TPR FPR
1ACB.E 0.28 11 42 13 228 .846 .184
1ACB.I 0.28 8 0 11 52 .727 0
1AHW.A 0.28 8 41 8 206 1.000 .199
1AK4.A 0.28 6 23 9 156 .666 .147
1AVX.A 0.28 11 8 19 201 .578 .039
1AY7.A 0.28 6 13 9 87 .666 .149
1AY7.B 0.28 2 5 9 80 .222 .062
1BGX.H 0.28 12 35 16 189 .750 .185
1DE4.E 0.28 11 7 21 78 .523 .089
1DFJ.E 0.28 0 6 18 106 0 .056
1DFJ.I 0.28 11 15 18 438 .611 .034
1DQJ.A 0.28 7 50 7 207 1.000 .241
1E4K.C 0.28 10 14 12 160 .833 .087
1E6J.H 0.28 3 33 5 214 .600 .154
1EXB.E 0.28 3 34 3 88 1.000 .386
1F34.A 0.28 16 42 22 303 .727 .138
1FC2.D 0.28 7 38 10 196 .700 .193
1FFW.A 0.28 3 19 8 120 .375 .158
1FFW.B 0.28 9 38 10 58 .900 .655
1FLE.E 0.28 6 63 11 218 .545 .288
1GHQ.A 0.28 1 59 5 302 .200 .195
1GXD.A 0.28 2 30 21 603 .095 .049
1GXD.C 0.28 9 23 18 174 .500 .132
1IRA.X 0.28 17 13 23 122 .739 .106
1JIW.I 0.28 11 51 15 90 .733 .566
1JIW.P 0.28 14 53 20 450 .700 .117
1JPS.H 0.28 9 45 10 203 .900 .221
1KAC.A 0.28 7 34 9 176 .777 .193
1KAC.B 0.28 5 5 12 112 .416 .044
1KLU.D 0.28 4 10 11 219 .363 .045
