Protein Threshold TP FP N Neg TPR FPR
1ACB.E 0.44 9 25 13 228 .692 .109
1ACB.I 0.44 6 0 11 52 .545 0
1AHW.A 0.44 7 31 8 206 .875 .150
1AK4.A 0.44 4 13 9 156 .444 .083
1AVX.A 0.44 10 3 19 201 .526 .014
1AY7.A 0.44 5 11 9 87 .555 .126
1AY7.B 0.44 1 2 9 80 .111 .025
1BGX.H 0.44 11 22 16 189 .687 .116
1DE4.E 0.44 8 5 21 78 .380 .064
1DFJ.E 0.44 0 3 18 106 0 .028
1DFJ.I 0.44 9 13 18 438 .500 .029
1DQJ.A 0.44 7 41 7 207 1.000 .198
1E4K.C 0.44 8 7 12 160 .666 .043
1E6J.H 0.44 3 27 5 214 .600 .126
1EXB.E 0.44 3 18 3 88 1.000 .204
1F34.A 0.44 11 27 22 303 .500 .089
1FC2.D 0.44 1 25 10 196 .100 .127
1FFW.A 0.44 2 13 8 120 .250 .108
1FFW.B 0.44 8 21 10 58 .800 .362
1FLE.E 0.44 4 26 11 218 .363 .119
1GHQ.A 0.44 1 41 5 302 .200 .135
1GXD.A 0.44 1 21 21 603 .047 .034
1GXD.C 0.44 7 10 18 174 .388 .057
1IRA.X 0.44 14 11 23 122 .608 .090
1JIW.I 0.44 9 38 15 90 .600 .422
1JIW.P 0.44 12 29 20 450 .600 .064
1JPS.H 0.44 8 34 10 203 .800 .167
1KAC.A 0.44 6 13 9 176 .666 .073
1KAC.B 0.44 3 4 12 112 .250 .035
1KLU.D 0.44 3 6 11 219 .272 .027
