Protein Threshold TP FP N Neg TPR FPR
1ACB.E 0.22 11 47 13 228 .846 .206
1ACB.I 0.22 8 1 11 52 .727 .019
1AHW.A 0.22 8 42 8 206 1.000 .203
1AK4.A 0.22 6 30 9 156 .666 .192
1AVX.A 0.22 14 9 19 201 .736 .044
1AY7.A 0.22 8 19 9 87 .888 .218
1AY7.B 0.22 5 6 9 80 .555 .075
1BGX.H 0.22 12 38 16 189 .750 .201
1DE4.E 0.22 14 11 21 78 .666 .141
1DFJ.E 0.22 0 9 18 106 0 .084
1DFJ.I 0.22 12 18 18 438 .666 .041
1DQJ.A 0.22 7 51 7 207 1.000 .246
1E4K.C 0.22 10 19 12 160 .833 .118
1E6J.H 0.22 4 36 5 214 .800 .168
1EXB.E 0.22 3 38 3 88 1.000 .431
1F34.A 0.22 16 54 22 303 .727 .178
1FC2.D 0.22 8 48 10 196 .800 .244
1FFW.A 0.22 3 21 8 120 .375 .175
1FFW.B 0.22 9 40 10 58 .900 .689
1FLE.E 0.22 8 76 11 218 .727 .348
1GHQ.A 0.22 1 67 5 302 .200 .221
1GXD.A 0.22 2 34 21 603 .095 .056
1GXD.C 0.22 12 24 18 174 .666 .137
1IRA.X 0.22 17 16 23 122 .739 .131
1JIW.I 0.22 12 57 15 90 .800 .633
1JIW.P 0.22 14 60 20 450 .700 .133
1JPS.H 0.22 9 48 10 203 .900 .236
1KAC.A 0.22 8 40 9 176 .888 .227
1KAC.B 0.22 5 5 12 112 .416 .044
1KLU.D 0.22 5 15 11 219 .454 .068
