Protein Threshold TP FP N Neg TPR FPR
1ACB.E 0.15 11 57 13 228 .846 .250
1ACB.I 0.15 10 6 11 52 .909 .115
1AHW.A 0.15 8 44 8 206 1.000 .213
1AK4.A 0.15 6 37 9 156 .666 .237
1AVX.A 0.15 14 19 19 201 .736 .094
1AY7.A 0.15 8 27 9 87 .888 .310
1AY7.B 0.15 6 6 9 80 .666 .075
1BGX.H 0.15 13 46 16 189 .812 .243
1DE4.E 0.15 18 15 21 78 .857 .192
1DFJ.E 0.15 0 16 18 106 0 .150
1DFJ.I 0.15 12 19 18 438 .666 .043
1DQJ.A 0.15 7 54 7 207 1.000 .260
1E4K.C 0.15 11 30 12 160 .916 .187
1E6J.H 0.15 4 38 5 214 .800 .177
1EXB.E 0.15 3 49 3 88 1.000 .556
1F34.A 0.15 16 67 22 303 .727 .221
1FC2.D 0.15 8 59 10 196 .800 .301
1FFW.A 0.15 4 27 8 120 .500 .225
1FFW.B 0.15 9 43 10 58 .900 .741
1FLE.E 0.15 8 84 11 218 .727 .385
1GHQ.A 0.15 1 79 5 302 .200 .261
1GXD.A 0.15 3 48 21 603 .142 .079
1GXD.C 0.15 14 28 18 174 .777 .160
1IRA.X 0.15 19 17 23 122 .826 .139
1JIW.I 0.15 13 70 15 90 .866 .777
1JIW.P 0.15 15 74 20 450 .750 .164
1JPS.H 0.15 9 49 10 203 .900 .241
1KAC.A 0.15 8 49 9 176 .888 .278
1KAC.B 0.15 7 8 12 112 .583 .071
1KLU.D 0.15 6 23 11 219 .545 .105
