Protein Threshold TP FP N Neg TPR FPR
1ACB.E 0.41 9 27 13 228 .692 .118
1ACB.I 0.41 7 0 11 52 .636 0
1AHW.A 0.41 7 36 8 206 .875 .174
1AK4.A 0.41 5 15 9 156 .555 .096
1AVX.A 0.41 10 4 19 201 .526 .019
1AY7.A 0.41 5 11 9 87 .555 .126
1AY7.B 0.41 2 2 9 80 .222 .025
1BGX.H 0.41 11 25 16 189 .687 .132
1DE4.E 0.41 8 5 21 78 .380 .064
1DFJ.E 0.41 0 3 18 106 0 .028
1DFJ.I 0.41 9 13 18 438 .500 .029
1DQJ.A 0.41 7 43 7 207 1.000 .207
1E4K.C 0.41 9 9 12 160 .750 .056
1E6J.H 0.41 3 29 5 214 .600 .135
1EXB.E 0.41 3 19 3 88 1.000 .215
1F34.A 0.41 12 28 22 303 .545 .092
1FC2.D 0.41 2 32 10 196 .200 .163
1FFW.A 0.41 2 15 8 120 .250 .125
1FFW.B 0.41 8 23 10 58 .800 .396
1FLE.E 0.41 4 35 11 218 .363 .160
1GHQ.A 0.41 1 44 5 302 .200 .145
1GXD.A 0.41 1 21 21 603 .047 .034
1GXD.C 0.41 7 15 18 174 .388 .086
1IRA.X 0.41 15 12 23 122 .652 .098
1JIW.I 0.41 9 43 15 90 .600 .477
1JIW.P 0.41 12 30 20 450 .600 .066
1JPS.H 0.41 8 37 10 203 .800 .182
1KAC.A 0.41 6 15 9 176 .666 .085
1KAC.B 0.41 3 4 12 112 .250 .035
1KLU.D 0.41 3 6 11 219 .272 .027
