Protein Threshold TP FP N Neg TPR FPR
1ACB.E 0.54 7 12 13 228 .538 .052
1ACB.I 0.54 6 0 11 52 .545 0
1AHW.A 0.54 6 7 8 206 .750 .033
1AK4.A 0.54 4 9 9 156 .444 .057
1AVX.A 0.54 10 1 19 201 .526 .004
1AY7.A 0.54 5 6 9 87 .555 .068
1AY7.B 0.54 0 1 9 80 0 .012
1BGX.H 0.54 6 3 16 189 .375 .015
1DE4.E 0.54 6 4 21 78 .285 .051
1DFJ.E 0.54 0 3 18 106 0 .028
1DFJ.I 0.54 9 8 18 438 .500 .018
1DQJ.A 0.54 4 11 7 207 .571 .053
1E4K.C 0.54 7 3 12 160 .583 .018
1E6J.H 0.54 2 20 5 214 .400 .093
1EXB.E 0.54 2 7 3 88 .666 .079
1F34.A 0.54 7 14 22 303 .318 .046
1FC2.D 0.54 1 15 10 196 .100 .076
1FFW.A 0.54 1 7 8 120 .125 .058
1FFW.B 0.54 6 10 10 58 .600 .172
1FLE.E 0.54 1 9 11 218 .090 .041
1GHQ.A 0.54 0 33 5 302 0 .109
1GXD.A 0.54 1 17 21 603 .047 .028
1GXD.C 0.54 6 8 18 174 .333 .045
1IRA.X 0.54 11 11 23 122 .478 .090
1JIW.I 0.54 4 15 15 90 .266 .166
1JIW.P 0.54 10 21 20 450 .500 .046
1JPS.H 0.54 4 9 10 203 .400 .044
1KAC.A 0.54 4 8 9 176 .444 .045
1KAC.B 0.54 2 3 12 112 .166 .026
1KLU.D 0.54 3 4 11 219 .272 .018
