Protein Threshold TP FP N Neg TPR FPR
1ACB.E 0.56 7 9 13 228 .538 .039
1ACB.I 0.56 6 0 11 52 .545 0
1AHW.A 0.56 6 7 8 206 .750 .033
1AK4.A 0.56 4 8 9 156 .444 .051
1AVX.A 0.56 10 1 19 201 .526 .004
1AY7.A 0.56 5 5 9 87 .555 .057
1AY7.B 0.56 0 1 9 80 0 .012
1BGX.H 0.56 6 3 16 189 .375 .015
1DE4.E 0.56 6 4 21 78 .285 .051
1DFJ.E 0.56 0 3 18 106 0 .028
1DFJ.I 0.56 9 7 18 438 .500 .015
1DQJ.A 0.56 4 9 7 207 .571 .043
1E4K.C 0.56 7 3 12 160 .583 .018
1E6J.H 0.56 2 19 5 214 .400 .088
1EXB.E 0.56 2 7 3 88 .666 .079
1F34.A 0.56 7 13 22 303 .318 .042
1FC2.D 0.56 1 14 10 196 .100 .071
1FFW.A 0.56 0 4 8 120 0 .033
1FFW.B 0.56 6 8 10 58 .600 .137
1FLE.E 0.56 1 6 11 218 .090 .027
1GHQ.A 0.56 0 32 5 302 0 .105
1GXD.A 0.56 1 17 21 603 .047 .028
1GXD.C 0.56 6 6 18 174 .333 .034
1IRA.X 0.56 10 10 23 122 .434 .081
1JIW.I 0.56 4 13 15 90 .266 .144
1JIW.P 0.56 10 19 20 450 .500 .042
1JPS.H 0.56 4 8 10 203 .400 .039
1KAC.A 0.56 4 8 9 176 .444 .045
1KAC.B 0.56 2 3 12 112 .166 .026
1KLU.D 0.56 3 4 11 219 .272 .018
