Protein Threshold TP FP N Neg TPR FPR
1ACB.E 0.17 11 55 13 228 .846 .241
1ACB.I 0.17 10 6 11 52 .909 .115
1AHW.A 0.17 8 44 8 206 1.000 .213
1AK4.A 0.17 6 35 9 156 .666 .224
1AVX.A 0.17 14 17 19 201 .736 .084
1AY7.A 0.17 8 26 9 87 .888 .298
1AY7.B 0.17 6 6 9 80 .666 .075
1BGX.H 0.17 13 42 16 189 .812 .222
1DE4.E 0.17 17 14 21 78 .809 .179
1DFJ.E 0.17 0 14 18 106 0 .132
1DFJ.I 0.17 12 19 18 438 .666 .043
1DQJ.A 0.17 7 54 7 207 1.000 .260
1E4K.C 0.17 10 29 12 160 .833 .181
1E6J.H 0.17 4 38 5 214 .800 .177
1EXB.E 0.17 3 45 3 88 1.000 .511
1F34.A 0.17 16 65 22 303 .727 .214
1FC2.D 0.17 8 55 10 196 .800 .280
1FFW.A 0.17 3 25 8 120 .375 .208
1FFW.B 0.17 9 42 10 58 .900 .724
1FLE.E 0.17 8 81 11 218 .727 .371
1GHQ.A 0.17 1 74 5 302 .200 .245
1GXD.A 0.17 3 44 21 603 .142 .072
1GXD.C 0.17 14 25 18 174 .777 .143
1IRA.X 0.17 18 17 23 122 .782 .139
1JIW.I 0.17 13 69 15 90 .866 .766
1JIW.P 0.17 15 71 20 450 .750 .157
1JPS.H 0.17 9 48 10 203 .900 .236
1KAC.A 0.17 8 46 9 176 .888 .261
1KAC.B 0.17 6 6 12 112 .500 .053
1KLU.D 0.17 5 18 11 219 .454 .082
