Protein Threshold TP FP N Neg TPR FPR
1ACB.E 0.85 2 0 13 228 .153 0
1ACB.I 0.85 1 0 11 52 .090 0
1AHW.A 0.85 5 0 8 206 .625 0
1AK4.A 0.85 2 1 9 156 .222 .006
1AVX.A 0.85 3 0 19 201 .157 0
1AY7.A 0.85 0 1 9 87 0 .011
1AY7.B 0.85 0 1 9 80 0 .012
1BGX.H 0.85 2 1 16 189 .125 .005
1DE4.E 0.85 2 0 21 78 .095 0
1DFJ.E 0.85 0 2 18 106 0 .018
1DFJ.I 0.85 1 1 18 438 .055 .002
1DQJ.A 0.85 1 1 7 207 .142 .004
1E4K.C 0.85 1 0 12 160 .083 0
1E6J.H 0.85 1 4 5 214 .200 .018
1EXB.E 0.85 0 1 3 88 0 .011
1F34.A 0.85 1 3 22 303 .045 .009
1FC2.D 0.85 0 4 10 196 0 .020
1FFW.A 0.85 0 1 8 120 0 .008
1FFW.B 0.85 0 1 10 58 0 .017
1FLE.E 0.85 0 2 11 218 0 .009
1GHQ.A 0.85 0 3 5 302 0 .009
1GXD.A 0.85 0 3 21 603 0 .004
1GXD.C 0.85 2 2 18 174 .111 .011
1IRA.X 0.85 4 3 23 122 .173 .024
1JIW.I 0.85 1 2 15 90 .066 .022
1JIW.P 0.85 5 6 20 450 .250 .013
1JPS.H 0.85 0 4 10 203 0 .019
1KAC.A 0.85 0 1 9 176 0 .005
1KAC.B 0.85 0 1 12 112 0 .008
1KLU.D 0.85 3 3 11 219 .272 .013
