Protein Threshold TP FP N Neg TPR FPR
1ACB.E 0.32 11 37 13 228 .846 .162
1ACB.I 0.32 7 0 11 52 .636 0
1AHW.A 0.32 7 40 8 206 .875 .194
1AK4.A 0.32 6 20 9 156 .666 .128
1AVX.A 0.32 11 6 19 201 .578 .029
1AY7.A 0.32 5 13 9 87 .555 .149
1AY7.B 0.32 2 3 9 80 .222 .037
1BGX.H 0.32 12 34 16 189 .750 .179
1DE4.E 0.32 10 7 21 78 .476 .089
1DFJ.E 0.32 0 5 18 106 0 .047
1DFJ.I 0.32 11 15 18 438 .611 .034
1DQJ.A 0.32 7 48 7 207 1.000 .231
1E4K.C 0.32 10 11 12 160 .833 .068
1E6J.H 0.32 3 32 5 214 .600 .149
1EXB.E 0.32 3 27 3 88 1.000 .306
1F34.A 0.32 15 32 22 303 .681 .105
1FC2.D 0.32 5 36 10 196 .500 .183
1FFW.A 0.32 3 17 8 120 .375 .141
1FFW.B 0.32 9 35 10 58 .900 .603
1FLE.E 0.32 4 56 11 218 .363 .256
1GHQ.A 0.32 1 52 5 302 .200 .172
1GXD.A 0.32 2 28 21 603 .095 .046
1GXD.C 0.32 9 19 18 174 .500 .109
1IRA.X 0.32 16 13 23 122 .695 .106
1JIW.I 0.32 11 50 15 90 .733 .555
1JIW.P 0.32 14 40 20 450 .700 .088
1JPS.H 0.32 8 44 10 203 .800 .216
1KAC.A 0.32 7 27 9 176 .777 .153
1KAC.B 0.32 4 4 12 112 .333 .035
1KLU.D 0.32 3 10 11 219 .272 .045
