Protein Threshold TP FP N Neg TPR FPR
1ACB.E 0.08 11 73 13 228 .846 .320
1ACB.I 0.08 11 8 11 52 1.000 .153
1AHW.A 0.08 8 53 8 206 1.000 .257
1AK4.A 0.08 7 47 9 156 .777 .301
1AVX.A 0.08 14 36 19 201 .736 .179
1AY7.A 0.08 8 33 9 87 .888 .379
1AY7.B 0.08 7 11 9 80 .777 .137
1BGX.H 0.08 14 53 16 189 .875 .280
1DE4.E 0.08 18 19 21 78 .857 .243
1DFJ.E 0.08 4 27 18 106 .222 .254
1DFJ.I 0.08 16 28 18 438 .888 .063
1DQJ.A 0.08 7 60 7 207 1.000 .289
1E4K.C 0.08 12 54 12 160 1.000 .337
1E6J.H 0.08 5 44 5 214 1.000 .205
1EXB.E 0.08 3 56 3 88 1.000 .636
1F34.A 0.08 17 80 22 303 .772 .264
1FC2.D 0.08 9 67 10 196 .900 .341
1FFW.A 0.08 5 40 8 120 .625 .333
1FFW.B 0.08 9 43 10 58 .900 .741
1FLE.E 0.08 9 107 11 218 .818 .490
1GHQ.A 0.08 1 113 5 302 .200 .374
1GXD.A 0.08 4 76 21 603 .190 .126
1GXD.C 0.08 15 40 18 174 .833 .229
1IRA.X 0.08 20 26 23 122 .869 .213
1JIW.I 0.08 13 75 15 90 .866 .833
1JIW.P 0.08 15 98 20 450 .750 .217
1JPS.H 0.08 9 55 10 203 .900 .270
1KAC.A 0.08 8 65 9 176 .888 .369
1KAC.B 0.08 9 18 12 112 .750 .160
1KLU.D 0.08 8 31 11 219 .727 .141
