Protein Threshold TP FP N Neg TPR FPR
1ACB.E 0.31 11 39 13 228 .846 .171
1ACB.I 0.31 7 0 11 52 .636 0
1AHW.A 0.31 8 41 8 206 1.000 .199
1AK4.A 0.31 6 21 9 156 .666 .134
1AVX.A 0.31 11 7 19 201 .578 .034
1AY7.A 0.31 6 13 9 87 .666 .149
1AY7.B 0.31 2 3 9 80 .222 .037
1BGX.H 0.31 12 34 16 189 .750 .179
1DE4.E 0.31 10 7 21 78 .476 .089
1DFJ.E 0.31 0 5 18 106 0 .047
1DFJ.I 0.31 11 15 18 438 .611 .034
1DQJ.A 0.31 7 48 7 207 1.000 .231
1E4K.C 0.31 10 13 12 160 .833 .081
1E6J.H 0.31 3 32 5 214 .600 .149
1EXB.E 0.31 3 30 3 88 1.000 .340
1F34.A 0.31 16 34 22 303 .727 .112
1FC2.D 0.31 5 37 10 196 .500 .188
1FFW.A 0.31 3 17 8 120 .375 .141
1FFW.B 0.31 9 35 10 58 .900 .603
1FLE.E 0.31 5 58 11 218 .454 .266
1GHQ.A 0.31 1 54 5 302 .200 .178
1GXD.A 0.31 2 29 21 603 .095 .048
1GXD.C 0.31 9 21 18 174 .500 .120
1IRA.X 0.31 16 13 23 122 .695 .106
1JIW.I 0.31 11 50 15 90 .733 .555
1JIW.P 0.31 14 46 20 450 .700 .102
1JPS.H 0.31 8 44 10 203 .800 .216
1KAC.A 0.31 7 28 9 176 .777 .159
1KAC.B 0.31 4 4 12 112 .333 .035
1KLU.D 0.31 3 10 11 219 .272 .045
