Protein Threshold TP FP N Neg TPR FPR
1ACB.E 0.16 11 57 13 228 .846 .250
1ACB.I 0.16 10 6 11 52 .909 .115
1AHW.A 0.16 8 44 8 206 1.000 .213
1AK4.A 0.16 6 35 9 156 .666 .224
1AVX.A 0.16 14 18 19 201 .736 .089
1AY7.A 0.16 8 26 9 87 .888 .298
1AY7.B 0.16 6 6 9 80 .666 .075
1BGX.H 0.16 13 46 16 189 .812 .243
1DE4.E 0.16 18 14 21 78 .857 .179
1DFJ.E 0.16 0 15 18 106 0 .141
1DFJ.I 0.16 12 19 18 438 .666 .043
1DQJ.A 0.16 7 54 7 207 1.000 .260
1E4K.C 0.16 10 29 12 160 .833 .181
1E6J.H 0.16 4 38 5 214 .800 .177
1EXB.E 0.16 3 47 3 88 1.000 .534
1F34.A 0.16 16 66 22 303 .727 .217
1FC2.D 0.16 8 58 10 196 .800 .295
1FFW.A 0.16 4 25 8 120 .500 .208
1FFW.B 0.16 9 43 10 58 .900 .741
1FLE.E 0.16 8 82 11 218 .727 .376
1GHQ.A 0.16 1 78 5 302 .200 .258
1GXD.A 0.16 3 48 21 603 .142 .079
1GXD.C 0.16 14 27 18 174 .777 .155
1IRA.X 0.16 18 17 23 122 .782 .139
1JIW.I 0.16 13 70 15 90 .866 .777
1JIW.P 0.16 15 71 20 450 .750 .157
1JPS.H 0.16 9 48 10 203 .900 .236
1KAC.A 0.16 8 48 9 176 .888 .272
1KAC.B 0.16 6 7 12 112 .500 .062
1KLU.D 0.16 5 21 11 219 .454 .095
