chain	res	score	prob
A	229	51.00	0.739
A	230	53.00	0.768
A	231	48.00	0.695
A	232	50.00	0.724
A	233	25.00	0.362
A	234	37.00	0.536
A	235	29.00	0.420
A	236	7.00	0.101
A	237	2.00	0.028
A	238	1.00	0.014
A	239	35.00	0.507
A	240	17.00	0.246
A	241	53.00	0.768
A	242	29.00	0.420
A	243	48.00	0.695
A	244	20.00	0.289
A	245	3.00	0.043
A	246	26.00	0.376
A	247	12.00	0.173
A	248	17.00	0.246
A	249	10.00	0.144
A	250	10.00	0.144
A	251	30.00	0.434
A	252	54.00	0.782
A	253	68.00	0.985
A	254	57.00	0.826
A	255	36.00	0.521
A	256	18.00	0.260
A	257	1.00	0.014
A	258	10.00	0.144
A	259	0.00	0
A	260	20.00	0.289
A	261	0.00	0
A	262	23.00	0.333
A	263	0.00	0
A	264	37.00	0.536
A	265	42.00	0.608
A	266	0.00	0
A	267	8.00	0.115
A	268	13.00	0.188
A	269	11.00	0.159
A	270	6.00	0.086
A	271	5.00	0.072
A	272	12.00	0.173
A	273	2.00	0.028
A	274	11.00	0.159
A	275	5.00	0.072
A	276	5.00	0.072
A	277	0.00	0
A	278	15.00	0.217
A	279	6.00	0.086
A	280	4.00	0.057
A	281	10.00	0.144
A	282	18.00	0.260
A	283	27.00	0.391
A	284	26.00	0.376
A	285	14.00	0.202
A	286	41.00	0.594
A	287	26.00	0.376
A	288	18.00	0.260
A	289	13.00	0.188
A	290	18.00	0.260
A	291	10.00	0.144
A	292	15.00	0.217
A	293	10.00	0.144
A	294	26.00	0.376
A	295	38.00	0.550
A	296	53.00	0.768
A	297	43.00	0.623
A	298	26.00	0.376
A	299	15.00	0.217
A	300	15.00	0.217
A	301	33.00	0.478
A	302	4.00	0.057
A	303	10.00	0.144
A	304	0.00	0
A	305	8.00	0.115
A	306	1.00	0.014
A	307	4.00	0.057
A	308	5.00	0.072
A	309	34.00	0.492
A	310	43.00	0.623
A	311	45.00	0.652
A	312	15.00	0.217
A	313	0.00	0
A	314	21.00	0.304
A	315	7.00	0.101
A	316	1.00	0.014
A	317	10.00	0.144
A	318	4.00	0.057
A	319	1.00	0.014
A	320	4.00	0.057
A	321	1.00	0.014
A	322	6.00	0.086
A	323	0.00	0
A	324	2.00	0.028
A	325	1.00	0.014
A	326	4.00	0.057
A	327	4.00	0.057
A	328	6.00	0.086
A	329	11.00	0.159
A	330	17.00	0.246
A	331	7.00	0.101
A	332	4.00	0.057
A	333	9.00	0.130
A	334	22.00	0.318
A	335	13.00	0.188
A	336	16.00	0.231
A	337	9.00	0.130
A	338	2.00	0.028
A	339	7.00	0.101
A	340	13.00	0.188
A	341	5.00	0.072
A	342	10.00	0.144
A	343	3.00	0.043
A	344	8.00	0.115
A	345	7.00	0.101
A	346	0.00	0
A	347	4.00	0.057
A	348	0.00	0
A	349	1.00	0.014
A	350	1.00	0.014
A	351	0.00	0
A	352	12.00	0.173
A	353	2.00	0.028
A	354	3.00	0.043
A	355	18.00	0.260
A	356	13.00	0.188
A	357	1.00	0.014
A	358	20.00	0.289
A	359	7.00	0.101
A	360	4.00	0.057
A	361	5.00	0.072
A	362	3.00	0.043
A	363	1.00	0.014
A	364	0.00	0
A	365	0.00	0
A	366	0.00	0
A	367	0.00	0
A	368	4.00	0.057
A	369	0.00	0
A	370	1.00	0.014
A	371	1.00	0.014
A	372	0.00	0
A	373	16.00	0.231
A	374	1.00	0.014
A	375	43.00	0.623
A	376	12.00	0.173
A	377	5.00	0.072
A	378	4.00	0.057
A	379	5.00	0.072
A	380	15.00	0.217
A	381	1.00	0.014
A	382	16.00	0.231
A	383	3.00	0.043
A	384	12.00	0.173
A	385	12.00	0.173
A	386	10.00	0.144
A	387	16.00	0.231
A	388	5.00	0.072
A	389	9.00	0.130
A	390	4.00	0.057
A	391	4.00	0.057
A	392	9.00	0.130
A	393	4.00	0.057
A	394	4.00	0.057
A	395	41.00	0.594
A	396	46.00	0.666
A	397	25.00	0.362
A	398	43.00	0.623
A	399	8.00	0.115
A	400	8.00	0.115
A	401	3.00	0.043
A	402	11.00	0.159
A	403	3.00	0.043
A	404	33.00	0.478
A	405	1.00	0.014
A	406	6.00	0.086
A	407	0.00	0
A	408	0.00	0
A	409	0.00	0
A	410	0.00	0
A	411	1.00	0.014
A	412	0.00	0
A	413	9.00	0.130
A	414	7.00	0.101
A	415	6.00	0.086
A	416	4.00	0.057
A	417	3.00	0.043
A	418	12.00	0.173
A	419	8.00	0.115
A	420	14.00	0.202
A	421	5.00	0.072
A	422	22.00	0.318
A	423	0.00	0
A	424	2.00	0.028
A	425	0.00	0
A	426	5.00	0.072
A	427	0.00	0
A	428	14.00	0.202
A	429	6.00	0.086
A	430	11.00	0.159
A	431	7.00	0.101
A	432	28.00	0.405
A	433	37.00	0.536
A	434	52.00	0.753
A	435	42.00	0.608
A	436	31.00	0.449
A	437	11.00	0.159
A	438	12.00	0.173
A	439	6.00	0.086
A	440	7.00	0.101
A	441	8.00	0.115
A	442	17.00	0.246
A	443	21.00	0.304
A	444	28.00	0.405
B	229	46.00	0.666
B	230	50.00	0.724
B	231	54.00	0.782
B	232	55.00	0.797
B	233	52.00	0.753
B	234	47.00	0.681
B	235	48.00	0.695
B	236	19.00	0.275
B	237	1.00	0.014
B	238	2.00	0.028
B	239	24.00	0.347
B	240	10.00	0.144
B	241	59.00	0.855
B	242	38.00	0.550
B	243	53.00	0.768
B	244	32.00	0.463
B	245	3.00	0.043
B	246	20.00	0.289
B	247	3.00	0.043
B	248	22.00	0.318
B	249	4.00	0.057
B	250	15.00	0.217
B	251	35.00	0.507
B	252	46.00	0.666
B	253	69.00	1
B	254	48.00	0.695
B	255	30.00	0.434
B	256	22.00	0.318
B	257	3.00	0.043
B	258	11.00	0.159
B	259	0.00	0
B	260	25.00	0.362
B	261	0.00	0
B	262	18.00	0.260
B	263	0.00	0
B	264	30.00	0.434
B	265	29.00	0.420
B	266	1.00	0.014
B	267	8.00	0.115
B	268	7.00	0.101
B	269	16.00	0.231
B	270	6.00	0.086
B	271	11.00	0.159
B	272	8.00	0.115
B	273	3.00	0.043
B	274	7.00	0.101
B	275	11.00	0.159
B	276	9.00	0.130
B	277	5.00	0.072
B	278	25.00	0.362
B	279	2.00	0.028
B	280	7.00	0.101
B	281	12.00	0.173
B	282	15.00	0.217
B	283	21.00	0.304
B	284	34.00	0.492
B	285	20.00	0.289
B	286	30.00	0.434
B	287	20.00	0.289
B	288	26.00	0.376
B	289	17.00	0.246
B	290	12.00	0.173
B	291	10.00	0.144
B	292	14.00	0.202
B	293	12.00	0.173
B	294	18.00	0.260
B	295	27.00	0.391
B	296	33.00	0.478
B	297	24.00	0.347
B	298	2.00	0.028
B	299	12.00	0.173
B	300	11.00	0.159
B	301	39.00	0.565
B	302	6.00	0.086
B	303	16.00	0.231
B	304	1.00	0.014
B	305	4.00	0.057
B	306	1.00	0.014
B	307	11.00	0.159
B	308	8.00	0.115
B	309	45.00	0.652
B	310	41.00	0.594
B	311	43.00	0.623
B	312	16.00	0.231
B	313	4.00	0.057
B	314	20.00	0.289
B	315	7.00	0.101
B	316	2.00	0.028
B	317	10.00	0.144
B	318	13.00	0.188
B	319	0.00	0
B	320	13.00	0.188
B	321	0.00	0
B	322	16.00	0.231
B	323	0.00	0
B	324	6.00	0.086
B	325	2.00	0.028
B	326	11.00	0.159
B	327	7.00	0.101
B	328	13.00	0.188
B	329	29.00	0.420
B	330	35.00	0.507
B	331	27.00	0.391
B	332	21.00	0.304
B	333	18.00	0.260
B	334	36.00	0.521
B	335	13.00	0.188
B	336	9.00	0.130
B	337	4.00	0.057
B	338	3.00	0.043
B	339	5.00	0.072
B	340	19.00	0.275
B	341	14.00	0.202
B	342	17.00	0.246
B	343	4.00	0.057
B	344	12.00	0.173
B	345	6.00	0.086
B	346	0.00	0
B	347	3.00	0.043
B	348	0.00	0
B	349	1.00	0.014
B	350	1.00	0.014
B	351	0.00	0
B	352	11.00	0.159
B	353	5.00	0.072
B	354	3.00	0.043
B	355	19.00	0.275
B	356	19.00	0.275
B	357	2.00	0.028
B	358	10.00	0.144
B	359	4.00	0.057
B	360	4.00	0.057
B	361	8.00	0.115
B	362	3.00	0.043
B	363	0.00	0
B	364	0.00	0
B	365	0.00	0
B	366	0.00	0
B	367	0.00	0
B	368	0.00	0
B	369	0.00	0
B	370	2.00	0.028
B	371	1.00	0.014
B	372	0.00	0
B	373	13.00	0.188
B	374	4.00	0.057
B	375	36.00	0.521
B	376	11.00	0.159
B	377	15.00	0.217
B	378	4.00	0.057
B	379	7.00	0.101
B	380	16.00	0.231
B	381	2.00	0.028
B	382	18.00	0.260
B	383	3.00	0.043
B	384	9.00	0.130
B	385	13.00	0.188
B	386	10.00	0.144
B	387	15.00	0.217
B	388	5.00	0.072
B	389	13.00	0.188
B	390	3.00	0.043
B	391	6.00	0.086
B	392	7.00	0.101
B	393	8.00	0.115
B	394	7.00	0.101
B	395	35.00	0.507
B	396	32.00	0.463
B	397	12.00	0.173
B	398	41.00	0.594
B	399	5.00	0.072
B	400	11.00	0.159
B	401	2.00	0.028
B	402	10.00	0.144
B	403	3.00	0.043
B	404	23.00	0.333
B	405	0.00	0
B	406	0.00	0
B	407	0.00	0
B	408	2.00	0.028
B	409	0.00	0
B	410	0.00	0
B	411	2.00	0.028
B	412	1.00	0.014
B	413	5.00	0.072
B	414	4.00	0.057
B	415	5.00	0.072
B	416	5.00	0.072
B	417	6.00	0.086
B	418	11.00	0.159
B	419	6.00	0.086
B	420	6.00	0.086
B	421	5.00	0.072
B	422	5.00	0.072
B	423	0.00	0
B	424	6.00	0.086
B	425	0.00	0
B	426	10.00	0.144
B	427	0.00	0
B	428	21.00	0.304
B	429	4.00	0.057
B	430	14.00	0.202
B	431	3.00	0.043
B	432	9.00	0.130
B	433	39.00	0.565
B	434	53.00	0.768
B	435	55.00	0.797
B	436	37.00	0.536
B	437	13.00	0.188
B	438	12.00	0.173
B	439	4.00	0.057
B	440	5.00	0.072
B	441	4.00	0.057
B	442	10.00	0.144
B	443	11.00	0.159
B	444	21.00	0.304
C	1	47.00	0.681
C	2	61.00	0.884
C	3	52.00	0.753
C	4	25.00	0.362
C	5	3.00	0.043
C	6	28.00	0.405
C	7	17.00	0.246
C	8	42.00	0.608
C	9	10.00	0.144
C	10	20.00	0.289
C	11	14.00	0.202
C	12	23.00	0.333
C	13	12.00	0.173
C	14	33.00	0.478
C	15	11.00	0.159
C	16	0.00	0
C	17	1.00	0.014
C	18	6.00	0.086
C	19	3.00	0.043
C	20	2.00	0.028
C	21	3.00	0.043
C	22	1.00	0.014
C	23	11.00	0.159
C	24	0.00	0
C	25	27.00	0.391
C	26	8.00	0.115
C	27	30.00	0.434
C	28	13.00	0.188
C	29	25.00	0.362
C	30	28.00	0.405
C	31	22.00	0.318
C	32	51.00	0.739
C	33	37.00	0.536
C	34	14.00	0.202
C	35	25.00	0.362
C	36	9.00	0.130
C	37	3.00	0.043
C	38	7.00	0.101
C	39	0.00	0
C	40	8.00	0.115
C	41	18.00	0.260
C	42	15.00	0.217
C	43	14.00	0.202
C	44	21.00	0.304
C	45	24.00	0.347
C	46	23.00	0.333
C	47	22.00	0.318
C	48	16.00	0.231
C	49	14.00	0.202
C	50	15.00	0.217
C	51	11.00	0.159
C	52	14.00	0.202
C	53	11.00	0.159
C	54	21.00	0.304
C	55	3.00	0.043
C	56	14.00	0.202
C	57	5.00	0.072
C	58	2.00	0.028
C	59	2.00	0.028
C	60	13.00	0.188
C	61	21.00	0.304
C	62	12.00	0.173
C	63	11.00	0.159
C	64	14.00	0.202
C	65	9.00	0.130
C	66	1.00	0.014
C	67	14.00	0.202
C	68	0.00	0
C	69	11.00	0.159
C	70	3.00	0.043
C	71	19.00	0.275
C	72	39.00	0.565
C	73	10.00	0.144
C	74	15.00	0.217
C	75	6.00	0.086
C	76	0.00	0
C	77	26.00	0.376
C	78	15.00	0.217
C	79	15.00	0.217
C	80	26.00	0.376
C	81	2.00	0.028
C	82	26.00	0.376
C	83	4.00	0.057
C	84	20.00	0.289
C	85	10.00	0.144
C	86	6.00	0.086
C	87	11.00	0.159
C	88	6.00	0.086
C	89	3.00	0.043
C	90	0.00	0
C	91	0.00	0
C	92	9.00	0.130
C	93	36.00	0.521
C	94	40.00	0.579
C	95	32.00	0.463
C	96	35.00	0.507
C	97	11.00	0.159
C	98	18.00	0.260
C	99	7.00	0.101
C	100	9.00	0.130
C	101	11.00	0.159
C	102	10.00	0.144
C	103	4.00	0.057
C	104	14.00	0.202
C	105	1.00	0.014
C	106	30.00	0.434
C	107	15.00	0.217
C	108	17.00	0.246
C	109	12.00	0.173
C	110	7.00	0.101
C	111	7.00	0.101
C	112	17.00	0.246
C	113	7.00	0.101
C	114	25.00	0.362
C	115	14.00	0.202
C	116	25.00	0.362
C	117	22.00	0.318
C	118	0.00	0
C	119	5.00	0.072
C	120	0.00	0
C	121	3.00	0.043
C	122	3.00	0.043
C	123	14.00	0.202
C	124	6.00	0.086
C	125	14.00	0.202
C	126	12.00	0.173
C	127	10.00	0.144
C	128	14.00	0.202
C	129	17.00	0.246
C	130	10.00	0.144
C	131	13.00	0.188
C	132	26.00	0.376
C	133	9.00	0.130
C	134	14.00	0.202
C	135	23.00	0.333
C	136	3.00	0.043
C	137	27.00	0.391
C	138	19.00	0.275
C	139	14.00	0.202
C	140	14.00	0.202
C	141	1.00	0.014
C	142	6.00	0.086
C	143	6.00	0.086
C	144	8.00	0.115
C	145	7.00	0.101
C	146	4.00	0.057
C	147	6.00	0.086
C	148	13.00	0.188
C	149	4.00	0.057
C	150	11.00	0.159
C	151	0.00	0
C	152	19.00	0.275
C	153	3.00	0.043
C	154	21.00	0.304
C	155	6.00	0.086
C	156	21.00	0.304
C	157	29.00	0.420
C	158	20.00	0.289
C	159	34.00	0.492
C	160	9.00	0.130
C	161	12.00	0.173
C	162	3.00	0.043
C	163	12.00	0.173
C	164	3.00	0.043
C	165	16.00	0.231
C	166	23.00	0.333
C	167	5.00	0.072
C	168	23.00	0.333
C	169	7.00	0.101
C	170	12.00	0.173
C	171	11.00	0.159
C	172	13.00	0.188
