C	1	63.00	0.797
C	2	65.00	0.822
C	3	64.00	0.810
C	4	63.00	0.797
C	5	62.00	0.784
C	6	55.00	0.696
C	7	7.00	0.088
C	8	7.00	0.088
C	9	0.00	0
C	10	24.00	0.303
C	11	10.00	0.126
C	12	1.00	0.012
C	13	8.00	0.101
C	14	37.00	0.468
C	15	12.00	0.151
C	16	19.00	0.240
C	17	1.00	0.012
C	18	0.00	0
C	19	0.00	0
C	20	11.00	0.139
C	21	0.00	0
C	22	7.00	0.088
C	23	4.00	0.050
C	24	4.00	0.050
C	25	5.00	0.063
C	26	8.00	0.101
C	27	11.00	0.139
C	28	5.00	0.063
C	29	5.00	0.063
C	30	7.00	0.088
C	31	15.00	0.189
C	32	31.00	0.392
C	33	56.00	0.708
C	34	61.00	0.772
C	35	74.00	0.936
C	36	79.00	1
C	37	45.00	0.569
C	38	59.00	0.746
C	39	52.00	0.658
C	40	39.00	0.493
C	41	36.00	0.455
C	42	38.00	0.481
C	43	7.00	0.088
C	44	10.00	0.126
C	45	4.00	0.050
C	46	8.00	0.101
C	47	2.00	0.025
C	48	13.00	0.164
C	49	8.00	0.101
C	50	19.00	0.240
C	51	17.00	0.215
C	52	8.00	0.101
C	53	12.00	0.151
C	54	12.00	0.151
C	55	4.00	0.050
C	56	8.00	0.101
C	57	10.00	0.126
C	58	22.00	0.278
C	59	5.00	0.063
C	60	1.00	0.012
C	61	7.00	0.088
C	62	3.00	0.037
C	63	2.00	0.025
C	64	19.00	0.240
C	65	0.00	0
C	66	16.00	0.202
C	67	36.00	0.455
C	68	34.00	0.430
C	69	36.00	0.455
C	70	54.00	0.683
C	71	55.00	0.696
C	72	31.00	0.392
C	73	13.00	0.164
C	74	7.00	0.088
C	75	15.00	0.189
C	76	15.00	0.189
C	77	20.00	0.253
C	78	9.00	0.113
C	79	7.00	0.088
C	80	14.00	0.177
C	81	20.00	0.253
C	82	9.00	0.113
C	83	4.00	0.050
C	84	10.00	0.126
C	85	0.00	0
C	86	7.00	0.088
C	87	1.00	0.012
C	88	5.00	0.063
C	89	30.00	0.379
C	90	3.00	0.037
C	91	13.00	0.164
C	92	13.00	0.164
C	93	6.00	0.075
C	94	3.00	0.037
C	95	10.00	0.126
C	96	0.00	0
C	97	6.00	0.075
C	98	0.00	0
C	99	35.00	0.443
C	100	55.00	0.696
C	101	59.00	0.746
C	102	46.00	0.582
C	103	31.00	0.392
C	104	49.00	0.620
C	105	39.00	0.493
C	106	19.00	0.240
C	107	13.00	0.164
C	108	9.00	0.113
C	109	6.00	0.075
C	110	4.00	0.050
C	111	13.00	0.164
C	112	16.00	0.202
C	113	31.00	0.392
C	114	7.00	0.088
C	115	10.00	0.126
C	116	22.00	0.278
C	117	7.00	0.088
C	118	7.00	0.088
C	119	26.00	0.329
C	120	35.00	0.443
C	121	38.00	0.481
C	122	5.00	0.063
C	123	15.00	0.189
C	124	24.00	0.303
C	125	1.00	0.012
C	126	13.00	0.164
C	127	18.00	0.227
C	128	7.00	0.088
C	129	23.00	0.291
C	130	19.00	0.240
C	131	28.00	0.354
C	132	66.00	0.835
C	133	26.00	0.329
C	134	69.00	0.873
C	135	75.00	0.949
C	136	60.00	0.759
C	137	65.00	0.822
C	138	36.00	0.455
C	139	65.00	0.822
C	140	30.00	0.379
C	141	35.00	0.443
C	142	7.00	0.088
C	143	8.00	0.101
C	144	3.00	0.037
C	145	14.00	0.177
C	146	0.00	0
C	147	5.00	0.063
C	148	27.00	0.341
C	149	7.00	0.088
C	150	18.00	0.227
C	151	74.00	0.936
C	152	44.00	0.556
C	153	22.00	0.278
C	154	19.00	0.240
C	155	64.00	0.810
C	156	48.00	0.607
C	157	63.00	0.797
C	158	30.00	0.379
C	159	4.00	0.050
C	160	25.00	0.316
C	161	5.00	0.063
C	162	0.00	0
C	163	26.00	0.329
C	164	43.00	0.544
C	165	13.00	0.164
C	166	1.00	0.012
C	167	0.00	0
C	168	16.00	0.202
C	169	9.00	0.113
C	170	8.00	0.101
C	171	14.00	0.177
C	172	8.00	0.101
C	173	5.00	0.063
C	174	3.00	0.037
C	175	1.00	0.012
C	176	1.00	0.012
C	177	1.00	0.012
C	178	17.00	0.215
C	179	47.00	0.594
C	180	34.00	0.430
C	181	28.00	0.354
C	182	20.00	0.253
C	183	28.00	0.354
C	184	24.00	0.303
C	185	20.00	0.253
C	186	7.00	0.088
C	187	7.00	0.088
C	188	2.00	0.025
C	189	24.00	0.303
C	190	28.00	0.354
C	191	31.00	0.392
C	192	27.00	0.341
