chain	res	score	prob
H	1	28.00	0.373
H	2	12.00	0.16
H	3	15.00	0.2
H	4	12.00	0.16
H	5	20.00	0.266
H	6	7.00	0.093
H	7	4.00	0.053
H	8	3.00	0.04
H	9	5.00	0.066
H	10	7.00	0.093
H	11	4.00	0.053
H	12	10.00	0.133
H	13	23.00	0.306
H	14	7.00	0.093
H	15	5.00	0.066
H	16	12.00	0.16
H	17	8.00	0.106
H	18	4.00	0.053
H	19	11.00	0.146
H	20	0.00	0
H	21	3.00	0.04
H	22	0.00	0
H	23	9.00	0.12
H	24	0.00	0
H	25	5.00	0.066
H	26	15.00	0.2
H	27	11.00	0.146
H	28	17.00	0.226
H	29	0.00	0
H	30	13.00	0.173
H	31	19.00	0.253
H	32	16.00	0.213
H	33	1.00	0.013
H	34	0.00	0
H	35	0.00	0
H	36	0.00	0
H	37	0.00	0
H	38	2.00	0.026
H	39	15.00	0.2
H	40	22.00	0.293
H	41	47.00	0.626
H	42	33.00	0.44
H	43	22.00	0.293
H	44	13.00	0.173
H	45	8.00	0.106
H	46	8.00	0.106
H	47	3.00	0.04
H	48	0.00	0
H	49	0.00	0
H	50	0.00	0
H	51	1.00	0.013
H	52	4.00	0.053
H	53	2.00	0.026
H	54	5.00	0.066
H	55	8.00	0.106
H	56	3.00	0.04
H	57	28.00	0.373
H	58	13.00	0.173
H	59	20.00	0.266
H	60	11.00	0.146
H	61	8.00	0.106
H	62	26.00	0.346
H	63	6.00	0.08
H	64	1.00	0.013
H	65	20.00	0.266
H	66	11.00	0.146
H	67	2.00	0.026
H	68	1.00	0.013
H	69	7.00	0.093
H	70	5.00	0.066
H	71	3.00	0.04
H	72	2.00	0.026
H	73	5.00	0.066
H	74	10.00	0.133
H	75	9.00	0.12
H	76	3.00	0.04
H	77	2.00	0.026
H	78	4.00	0.053
H	79	0.00	0
H	80	8.00	0.106
H	81	0.00	0
H	82	7.00	0.093
H	83	1.00	0.013
H	84	2.00	0.026
H	85	11.00	0.146
H	86	0.00	0
H	87	0.00	0
H	88	4.00	0.053
H	89	10.00	0.133
H	90	0.00	0
H	91	5.00	0.066
H	92	5.00	0.066
H	93	7.00	0.093
H	94	0.00	0
H	95	6.00	0.08
H	96	0.00	0
H	97	0.00	0
H	98	15.00	0.2
H	99	0.00	0
H	100	14.00	0.186
H	101	7.00	0.093
H	102	19.00	0.253
H	103	26.00	0.346
H	104	2.00	0.026
H	105	0.00	0
H	106	1.00	0.013
H	107	1.00	0.013
H	108	25.00	0.333
H	109	26.00	0.346
H	110	5.00	0.066
H	111	2.00	0.026
H	112	18.00	0.24
H	113	9.00	0.12
H	114	2.00	0.026
H	115	7.00	0.093
H	116	0.00	0
H	117	4.00	0.053
H	118	3.00	0.04
H	119	2.00	0.026
H	120	13.00	0.173
H	121	5.00	0.066
H	122	8.00	0.106
H	123	5.00	0.066
H	124	2.00	0.026
H	125	4.00	0.053
H	126	0.00	0
H	127	2.00	0.026
H	128	3.00	0.04
H	129	1.00	0.013
H	130	1.00	0.013
H	131	1.00	0.013
H	132	13.00	0.173
H	133	19.00	0.253
H	134	19.00	0.253
H	135	28.00	0.373
H	136	28.00	0.373
H	137	27.00	0.36
H	138	19.00	0.253
H	139	23.00	0.306
H	140	28.00	0.373
H	141	23.00	0.306
H	142	12.00	0.16
H	143	14.00	0.186
H	144	14.00	0.186
H	145	0.00	0
H	146	0.00	0
H	147	0.00	0
H	148	0.00	0
H	149	0.00	0
H	150	5.00	0.066
H	151	10.00	0.133
H	152	0.00	0
H	153	1.00	0.013
H	154	3.00	0.04
H	155	9.00	0.12
H	156	10.00	0.133
H	157	1.00	0.013
H	158	3.00	0.04
H	159	1.00	0.013
H	160	0.00	0
H	161	1.00	0.013
H	162	2.00	0.026
H	163	2.00	0.026
H	164	4.00	0.053
H	165	5.00	0.066
H	166	4.00	0.053
H	167	3.00	0.04
H	168	5.00	0.066
H	169	4.00	0.053
H	170	4.00	0.053
H	171	5.00	0.066
H	172	8.00	0.106
H	173	1.00	0.013
H	174	31.00	0.413
H	175	23.00	0.306
H	176	34.00	0.453
H	177	30.00	0.4
H	178	21.00	0.28
H	179	17.00	0.226
H	180	14.00	0.186
H	181	12.00	0.16
H	182	9.00	0.12
H	183	10.00	0.133
H	184	3.00	0.04
H	185	1.00	0.013
H	186	0.00	0
H	187	0.00	0
H	188	1.00	0.013
H	189	10.00	0.133
H	190	5.00	0.066
H	191	6.00	0.08
H	192	12.00	0.16
H	193	11.00	0.146
H	194	3.00	0.04
H	195	20.00	0.266
H	196	14.00	0.186
H	197	9.00	0.12
H	198	4.00	0.053
H	199	2.00	0.026
H	200	0.00	0
H	201	2.00	0.026
H	202	0.00	0
H	203	2.00	0.026
H	204	0.00	0
H	205	2.00	0.026
H	206	1.00	0.013
H	207	3.00	0.04
H	208	3.00	0.04
H	209	3.00	0.04
H	210	7.00	0.093
H	211	0.00	0
H	212	6.00	0.08
H	213	2.00	0.026
H	214	4.00	0.053
H	215	2.00	0.026
H	216	4.00	0.053
H	217	3.00	0.04
H	218	12.00	0.16
H	219	24.00	0.32
L	1	30.00	0.4
L	2	9.00	0.12
L	3	9.00	0.12
L	4	6.00	0.08
L	5	13.00	0.173
L	6	7.00	0.093
L	7	5.00	0.066
L	8	7.00	0.093
L	9	12.00	0.16
L	10	19.00	0.253
L	11	5.00	0.066
L	12	4.00	0.053
L	13	3.00	0.04
L	14	6.00	0.08
L	15	7.00	0.093
L	16	6.00	0.08
L	17	5.00	0.066
L	18	20.00	0.266
L	19	1.00	0.013
L	20	3.00	0.04
L	21	1.00	0.013
L	22	3.00	0.04
L	23	1.00	0.013
L	24	4.00	0.053
L	25	3.00	0.04
L	26	17.00	0.226
L	27	16.00	0.213
L	28	22.00	0.293
L	29	7.00	0.093
L	30	22.00	0.293
L	31	32.00	0.426
L	32	0.00	0
L	33	1.00	0.013
L	34	0.00	0
L	35	1.00	0.013
L	36	1.00	0.013
L	37	1.00	0.013
L	38	4.00	0.053
L	39	10.00	0.133
L	40	14.00	0.186
L	41	8.00	0.106
L	42	7.00	0.093
L	43	0.00	0
L	44	8.00	0.106
L	45	9.00	0.12
L	46	8.00	0.106
L	47	1.00	0.013
L	48	11.00	0.146
L	49	14.00	0.186
L	50	17.00	0.226
L	51	12.00	0.16
L	52	21.00	0.28
L	53	19.00	0.253
L	54	10.00	0.133
L	55	18.00	0.24
L	56	9.00	0.12
L	57	10.00	0.133
L	58	5.00	0.066
L	59	20.00	0.266
L	60	2.00	0.026
L	61	1.00	0.013
L	62	1.00	0.013
L	63	9.00	0.12
L	64	15.00	0.2
L	65	17.00	0.226
L	66	23.00	0.306
L	67	7.00	0.093
L	68	16.00	0.213
L	69	8.00	0.106
L	70	7.00	0.093
L	71	7.00	0.093
L	72	0.00	0
L	73	6.00	0.08
L	74	0.00	0
L	75	12.00	0.16
L	76	3.00	0.04
L	77	0.00	0
L	78	5.00	0.066
L	79	3.00	0.04
L	80	7.00	0.093
L	81	0.00	0
L	82	1.00	0.013
L	83	3.00	0.04
L	84	10.00	0.133
L	85	0.00	0
L	86	13.00	0.173
L	87	0.00	0
L	88	0.00	0
L	89	8.00	0.106
L	90	21.00	0.28
L	91	26.00	0.346
L	92	14.00	0.186
L	93	15.00	0.2
L	94	0.00	0
L	95	6.00	0.08
L	96	5.00	0.066
L	97	17.00	0.226
L	98	27.00	0.36
L	99	17.00	0.226
L	100	1.00	0.013
L	101	17.00	0.226
L	102	0.00	0
L	103	1.00	0.013
L	104	3.00	0.04
L	105	4.00	0.053
L	106	5.00	0.066
L	107	11.00	0.146
L	108	4.00	0.053
L	109	4.00	0.053
L	110	2.00	0.026
L	111	3.00	0.04
L	112	13.00	0.173
L	113	3.00	0.04
L	114	6.00	0.08
L	115	5.00	0.066
L	116	1.00	0.013
L	117	9.00	0.12
L	118	7.00	0.093
L	119	3.00	0.04
L	120	7.00	0.093
L	121	4.00	0.053
L	122	8.00	0.106
L	123	1.00	0.013
L	124	4.00	0.053
L	125	6.00	0.08
L	126	0.00	0
L	127	2.00	0.026
L	128	0.00	0
L	129	0.00	0
L	130	0.00	0
L	131	0.00	0
L	132	0.00	0
L	133	3.00	0.04
L	134	0.00	0
L	135	5.00	0.066
L	136	9.00	0.12
L	137	4.00	0.053
L	138	1.00	0.013
L	139	2.00	0.026
L	140	23.00	0.306
L	141	18.00	0.24
L	142	10.00	0.133
L	143	12.00	0.16
L	144	3.00	0.04
L	145	3.00	0.04
L	146	0.00	0
L	147	4.00	0.053
L	148	1.00	0.013
L	149	5.00	0.066
L	150	0.00	0
L	151	1.00	0.013
L	152	14.00	0.186
L	153	4.00	0.053
L	154	19.00	0.253
L	155	26.00	0.346
L	156	7.00	0.093
L	157	7.00	0.093
L	158	21.00	0.28
L	159	44.00	0.586
L	160	34.00	0.453
L	161	38.00	0.506
L	162	26.00	0.346
L	163	13.00	0.173
L	164	3.00	0.04
L	165	7.00	0.093
L	166	5.00	0.066
L	167	9.00	0.12
L	168	6.00	0.08
L	169	2.00	0.026
L	170	1.00	0.013
L	171	9.00	0.12
L	172	6.00	0.08
L	173	17.00	0.226
L	174	4.00	0.053
L	175	0.00	0
L	176	6.00	0.08
L	177	0.00	0
L	178	10.00	0.133
L	179	2.00	0.026
L	180	3.00	0.04
L	181	4.00	0.053
L	182	1.00	0.013
L	183	8.00	0.106
L	184	2.00	0.026
L	185	8.00	0.106
L	186	11.00	0.146
L	187	5.00	0.066
L	188	4.00	0.053
L	189	2.00	0.026
L	190	0.00	0
L	191	0.00	0
L	192	0.00	0
L	193	1.00	0.013
L	194	0.00	0
L	195	2.00	0.026
L	196	2.00	0.026
L	197	1.00	0.013
L	198	2.00	0.026
L	199	9.00	0.12
L	200	12.00	0.16
L	201	8.00	0.106
L	202	1.00	0.013
L	203	3.00	0.04
L	204	10.00	0.133
L	205	16.00	0.213
L	206	11.00	0.146
L	207	8.00	0.106
L	208	16.00	0.213
L	209	8.00	0.106
L	210	12.00	0.16
P	11	50.00	0.666
P	12	53.00	0.706
P	13	55.00	0.733
P	14	31.00	0.413
P	15	26.00	0.346
P	16	40.00	0.533
P	17	50.00	0.666
P	18	45.00	0.6
P	19	30.00	0.4
P	20	28.00	0.373
P	21	36.00	0.48
P	22	25.00	0.333
P	23	2.00	0.026
P	24	12.00	0.16
P	25	16.00	0.213
P	26	8.00	0.106
P	27	7.00	0.093
P	28	10.00	0.133
P	29	12.00	0.16
P	30	17.00	0.226
P	31	22.00	0.293
P	32	24.00	0.32
P	33	17.00	0.226
P	34	48.00	0.64
P	35	19.00	0.253
P	36	0.00	0
P	37	18.00	0.24
P	38	17.00	0.226
P	39	27.00	0.36
P	40	0.00	0
P	41	5.00	0.066
P	42	18.00	0.24
P	43	17.00	0.226
P	44	2.00	0.026
P	45	15.00	0.2
P	46	16.00	0.213
P	47	17.00	0.226
P	48	18.00	0.24
P	49	0.00	0
P	50	27.00	0.36
P	51	17.00	0.226
P	52	0.00	0
P	53	6.00	0.08
P	54	24.00	0.32
P	55	0.00	0
P	56	10.00	0.133
P	57	29.00	0.386
P	58	20.00	0.266
P	59	14.00	0.186
P	60	20.00	0.266
P	61	24.00	0.32
P	62	42.00	0.56
P	63	42.00	0.56
P	64	39.00	0.52
P	65	0.00	0
P	66	17.00	0.226
P	67	28.00	0.373
P	68	19.00	0.253
P	69	4.00	0.053
P	70	22.00	0.293
P	71	18.00	0.24
P	72	8.00	0.106
P	73	2.00	0.026
P	74	20.00	0.266
P	75	16.00	0.213
P	76	40.00	0.533
P	77	9.00	0.12
P	78	23.00	0.306
P	79	42.00	0.56
P	80	42.00	0.56
P	81	32.00	0.426
P	82	56.00	0.746
P	83	68.00	0.906
P	84	72.00	0.96
P	85	65.00	0.866
P	86	58.00	0.773
P	87	66.00	0.88
P	88	57.00	0.76
P	89	67.00	0.893
P	90	75.00	1
P	91	70.00	0.933
P	92	65.00	0.866
P	93	65.00	0.866
P	94	55.00	0.733
P	95	57.00	0.76
P	96	48.00	0.64
P	97	43.00	0.573
P	98	50.00	0.666
P	99	15.00	0.2
P	100	43.00	0.573
P	101	1.00	0.013
P	102	10.00	0.133
P	103	5.00	0.066
P	104	0.00	0
P	105	1.00	0.013
P	106	8.00	0.106
P	107	16.00	0.213
P	108	14.00	0.186
P	109	11.00	0.146
P	110	26.00	0.346
P	111	33.00	0.44
P	112	51.00	0.68
P	113	37.00	0.493
P	114	1.00	0.013
P	115	42.00	0.56
P	116	35.00	0.466
P	117	11.00	0.146
P	118	37.00	0.493
P	119	55.00	0.733
P	120	50.00	0.666
P	121	51.00	0.68
P	122	49.00	0.653
P	123	44.00	0.586
P	124	23.00	0.306
P	125	36.00	0.48
P	126	0.00	0
P	127	1.00	0.013
P	128	16.00	0.213
P	129	12.00	0.16
P	130	2.00	0.026
P	131	10.00	0.133
P	132	33.00	0.44
P	133	15.00	0.2
P	134	0.00	0
P	135	17.00	0.226
P	136	37.00	0.493
P	137	0.00	0
P	138	1.00	0.013
P	139	42.00	0.56
P	140	26.00	0.346
P	141	0.00	0
P	142	33.00	0.44
P	143	48.00	0.64
P	144	61.00	0.813
P	145	65.00	0.866
P	146	54.00	0.72
P	147	54.00	0.72
P	148	40.00	0.533
P	149	34.00	0.453
P	150	5.00	0.066
P	151	36.00	0.48
P	152	45.00	0.6
P	153	25.00	0.333
P	154	33.00	0.44
P	155	7.00	0.093
P	156	2.00	0.026
P	157	16.00	0.213
P	158	31.00	0.413
P	159	15.00	0.2
P	160	16.00	0.213
P	161	6.00	0.08
P	162	22.00	0.293
P	163	14.00	0.186
P	164	0.00	0
P	165	6.00	0.08
P	166	17.00	0.226
P	167	20.00	0.266
P	168	0.00	0
P	169	12.00	0.16
P	170	23.00	0.306
P	171	11.00	0.146
P	172	11.00	0.146
P	173	38.00	0.506
P	174	31.00	0.413
P	175	13.00	0.173
P	176	39.00	0.52
P	177	20.00	0.266
P	178	27.00	0.36
P	179	15.00	0.2
P	180	34.00	0.453
P	181	36.00	0.48
P	182	14.00	0.186
P	183	24.00	0.32
P	184	44.00	0.586
P	185	22.00	0.293
P	186	17.00	0.226
P	187	26.00	0.346
P	188	22.00	0.293
P	189	6.00	0.08
P	190	1.00	0.013
P	191	2.00	0.026
P	192	18.00	0.24
P	193	12.00	0.16
P	194	2.00	0.026
P	195	8.00	0.106
P	196	13.00	0.173
P	197	23.00	0.306
P	198	11.00	0.146
P	199	7.00	0.093
P	200	18.00	0.24
P	201	20.00	0.266
P	202	1.00	0.013
P	203	14.00	0.186
P	204	5.00	0.066
P	205	0.00	0
P	206	4.00	0.053
P	207	13.00	0.173
P	208	5.00	0.066
P	209	3.00	0.04
P	210	2.00	0.026
P	211	34.00	0.453
P	212	32.00	0.426
P	213	5.00	0.066
P	214	12.00	0.16
P	215	32.00	0.426
P	216	18.00	0.24
P	217	15.00	0.2
P	218	16.00	0.213
P	219	23.00	0.306
P	220	17.00	0.226
