chain	res	score	prob
H	5	12.00	0.235
H	6	5.00	0.098
H	7	4.00	0.078
H	8	10.00	0.196
H	9	7.00	0.137
H	10	5.00	0.098
H	11	2.00	0.039
H	12	2.00	0.039
H	13	9.00	0.176
H	14	7.00	0.137
H	15	14.00	0.274
H	16	13.00	0.254
H	17	18.00	0.352
H	18	0.00	0
H	19	8.00	0.156
H	20	0.00	0
H	21	3.00	0.058
H	22	4.00	0.078
H	23	12.00	0.235
H	24	13.00	0.254
H	25	17.00	0.333
H	26	37.00	0.725
H	27	50.00	0.980
H	28	30.00	0.588
H	29	0.00	0
H	30	20.00	0.392
H	31	51.00	1
H	31A	48.00	0.941
H	32	43.00	0.843
H	33	0.00	0
H	34	8.00	0.156
H	35	0.00	0
H	36	0.00	0
H	37	0.00	0
H	38	1.00	0.019
H	39	14.00	0.274
H	40	32.00	0.627
H	41	43.00	0.843
H	42	19.00	0.372
H	43	21.00	0.411
H	44	7.00	0.137
H	45	5.00	0.098
H	46	5.00	0.098
H	47	3.00	0.058
H	48	1.00	0.019
H	49	0.00	0
H	50	15.00	0.294
H	51	0.00	0
H	52A	25.00	0.490
H	52	9.00	0.176
H	53	4.00	0.078
H	54	3.00	0.058
H	55	2.00	0.039
H	56	9.00	0.176
H	57	1.00	0.019
H	58	17.00	0.333
H	59	2.00	0.039
H	60	5.00	0.098
H	61	13.00	0.254
H	62	10.00	0.196
H	63	12.00	0.235
H	64	14.00	0.274
H	65	12.00	0.235
H	66	2.00	0.039
H	67	6.00	0.117
H	68	3.00	0.058
H	69	15.00	0.294
H	70	11.00	0.215
H	71	13.00	0.254
H	72	9.00	0.176
H	73	8.00	0.156
H	74	13.00	0.254
H	75	6.00	0.117
H	76	5.00	0.098
H	77	0.00	0
H	78	12.00	0.235
H	79	0.00	0
H	80	8.00	0.156
H	81	2.00	0.039
H	82B	0.00	0
H	82A	13.00	0.254
H	82	8.00	0.156
H	83	6.00	0.117
H	84	6.00	0.117
H	85	10.00	0.196
H	86	5.00	0.098
H	87	7.00	0.137
H	88	3.00	0.058
H	89	5.00	0.098
H	90	0.00	0
H	91	5.00	0.098
H	92	5.00	0.098
H	93	0.00	0
H	94	24.00	0.470
H	95	3.00	0.058
H	96	31.00	0.607
H	97	38.00	0.745
H	98	14.00	0.274
H	99	41.00	0.803
H	100	13.00	0.254
H	101	3.00	0.058
H	102	0.00	0
H	103	1.00	0.019
H	104	3.00	0.058
H	105	2.00	0.039
H	106	2.00	0.039
H	107	7.00	0.137
H	108	6.00	0.117
H	109	6.00	0.117
H	110	11.00	0.215
H	111	4.00	0.078
H	112	8.00	0.156
H	113	5.00	0.098
H	114	3.00	0.058
H	115	5.00	0.098
H	116	3.00	0.058
H	117	7.00	0.137
H	118	3.00	0.058
H	119	0.00	0
H	120	6.00	0.117
H	121	3.00	0.058
H	122	4.00	0.078
H	123	3.00	0.058
H	124	3.00	0.058
H	125	2.00	0.039
H	126	2.00	0.039
H	127	17.00	0.333
H	128	10.00	0.196
H	129	11.00	0.215
H	130	9.00	0.176
H	131	9.00	0.176
H	132	9.00	0.176
H	133	3.00	0.058
H	134	0.00	0
H	135	0.00	0
H	136	0.00	0
H	137	0.00	0
H	138	0.00	0
H	139	5.00	0.098
H	140	12.00	0.235
H	141	0.00	0
H	142	2.00	0.039
H	143	1.00	0.019
H	144	8.00	0.156
H	145	1.00	0.019
H	146	1.00	0.019
H	147	2.00	0.039
H	148	3.00	0.058
H	149	6.00	0.117
H	150	3.00	0.058
H	151	13.00	0.254
H	152	12.00	0.235
H	153	20.00	0.392
H	154	24.00	0.470
H	155	13.00	0.254
H	156	27.00	0.529
H	157	21.00	0.411
H	158	4.00	0.078
H	159	8.00	0.156
H	160	3.00	0.058
H	161	8.00	0.156
H	162	2.00	0.039
H	163	24.00	0.470
H	164	24.00	0.470
H	165	20.00	0.392
H	166	26.00	0.509
H	167	11.00	0.215
H	168	10.00	0.196
H	169	12.00	0.235
H	170	12.00	0.235
H	171	12.00	0.235
H	172	7.00	0.137
H	173	4.00	0.078
H	174	2.00	0.039
H	175	1.00	0.019
H	176	0.00	0
H	177	0.00	0
H	178	4.00	0.078
H	179	20.00	0.392
H	180	23.00	0.450
H	181	17.00	0.333
H	182	22.00	0.431
H	183	18.00	0.352
H	184	14.00	0.274
H	185	10.00	0.196
H	186	27.00	0.529
H	187	34.00	0.666
H	188	18.00	0.352
H	189	3.00	0.058
H	190	4.00	0.078
H	191	0.00	0
H	192	1.00	0.019
H	193	1.00	0.019
H	194	2.00	0.039
H	195	1.00	0.019
H	196	1.00	0.019
H	197	5.00	0.098
H	198	5.00	0.098
H	199	8.00	0.156
H	200	3.00	0.058
H	201	7.00	0.137
H	202	2.00	0.039
H	203	14.00	0.274
H	204	4.00	0.078
H	205	5.00	0.098
H	206	2.00	0.039
H	207	8.00	0.156
H	208	11.00	0.215
H	209	18.00	0.352
L	1	12.00	0.235
L	2	10.00	0.196
L	3	11.00	0.215
L	4	6.00	0.117
L	5	4.00	0.078
L	6	3.00	0.058
L	7	7.00	0.137
L	8	10.00	0.196
L	9	16.00	0.313
L	10	22.00	0.431
L	11	7.00	0.137
L	12	3.00	0.058
L	13	2.00	0.039
L	14	3.00	0.058
L	15	5.00	0.098
L	16	14.00	0.274
L	17	7.00	0.137
L	18	5.00	0.098
L	19	2.00	0.039
L	20	5.00	0.098
L	21	0.00	0
L	22	6.00	0.117
L	23	0.00	0
L	24	7.00	0.137
L	25	2.00	0.039
L	26	7.00	0.137
L	27	5.00	0.098
L	29	10.00	0.196
L	30	5.00	0.098
L	31	9.00	0.176
L	32	3.00	0.058
L	33	0.00	0
L	34	0.00	0
L	35	1.00	0.019
L	36	1.00	0.019
L	37	0.00	0
L	38	9.00	0.176
L	39	4.00	0.078
L	40	9.00	0.176
L	41	12.00	0.235
L	42	3.00	0.058
L	43	5.00	0.098
L	44	6.00	0.117
L	45	4.00	0.078
L	46	2.00	0.039
L	47	0.00	0
L	48	0.00	0
L	49	8.00	0.156
L	50	7.00	0.137
L	51	15.00	0.294
L	52	26.00	0.509
L	53	22.00	0.431
L	54	10.00	0.196
L	55	0.00	0
L	56	0.00	0
L	57	1.00	0.019
L	58	5.00	0.098
L	59	4.00	0.078
L	60	46.00	0.901
L	61	28.00	0.549
L	62	2.00	0.039
L	63	2.00	0.039
L	64	12.00	0.235
L	65	9.00	0.176
L	66	9.00	0.176
L	67	9.00	0.176
L	68	5.00	0.098
L	69	9.00	0.176
L	70	9.00	0.176
L	71	6.00	0.117
L	72	4.00	0.078
L	73	0.00	0
L	74	5.00	0.098
L	75	0.00	0
L	76	16.00	0.313
L	77	30.00	0.588
L	78	4.00	0.078
L	79	13.00	0.254
L	80	11.00	0.215
L	81	12.00	0.235
L	82	3.00	0.058
L	83	4.00	0.078
L	84	1.00	0.019
L	85	5.00	0.098
L	86	0.00	0
L	87	3.00	0.058
L	88	0.00	0
L	89	0.00	0
L	90	2.00	0.039
L	91	0.00	0
L	92	8.00	0.156
L	93	8.00	0.156
L	94	2.00	0.039
L	95	6.00	0.117
L	96	0.00	0
L	97	2.00	0.039
L	98	0.00	0
L	99	0.00	0
L	100	9.00	0.176
L	101	7.00	0.137
L	102	1.00	0.019
L	103	6.00	0.117
L	104	0.00	0
L	105	2.00	0.039
L	106	1.00	0.019
L	107	7.00	0.137
L	108	7.00	0.137
L	109	11.00	0.215
L	110	7.00	0.137
L	111	7.00	0.137
L	112	6.00	0.117
L	113	7.00	0.137
L	114	4.00	0.078
L	115	3.00	0.058
L	116	0.00	0
L	117	4.00	0.078
L	118	0.00	0
L	119	15.00	0.294
L	120	11.00	0.215
L	121	4.00	0.078
L	122	6.00	0.117
L	123	7.00	0.137
L	124	3.00	0.058
L	125	3.00	0.058
L	126	4.00	0.078
L	127	6.00	0.117
L	128	4.00	0.078
L	129	1.00	0.019
L	130	2.00	0.039
L	131	0.00	0
L	132	0.00	0
L	133	0.00	0
L	134	0.00	0
L	135	0.00	0
L	136	0.00	0
L	137	6.00	0.117
L	138	7.00	0.137
L	139	0.00	0
L	140	3.00	0.058
L	141	1.00	0.019
L	142	15.00	0.294
L	143	10.00	0.196
L	144	12.00	0.235
L	145	12.00	0.235
L	146	5.00	0.098
L	147	4.00	0.078
L	148	0.00	0
L	149	3.00	0.058
L	150	2.00	0.039
L	151	6.00	0.117
L	152	3.00	0.058
L	153	4.00	0.078
L	154	8.00	0.156
L	155	4.00	0.078
L	156	20.00	0.392
L	157	10.00	0.196
L	158	8.00	0.156
L	159	12.00	0.235
L	160	19.00	0.372
L	161	34.00	0.666
L	162	26.00	0.509
L	163	29.00	0.568
L	164	18.00	0.352
L	165	11.00	0.215
L	166	2.00	0.039
L	167	3.00	0.058
L	168	12.00	0.235
L	169	21.00	0.411
L	170	8.00	0.156
L	171	1.00	0.019
L	172	0.00	0
L	173	2.00	0.039
L	174	1.00	0.019
L	175	8.00	0.156
L	176	2.00	0.039
L	177	0.00	0
L	178	4.00	0.078
L	179	0.00	0
L	180	10.00	0.196
L	181	2.00	0.039
L	182	4.00	0.078
L	183	1.00	0.019
L	184	8.00	0.156
L	185	6.00	0.117
L	186	4.00	0.078
L	187	5.00	0.098
L	188	10.00	0.196
L	189	8.00	0.156
L	190	9.00	0.176
L	191	7.00	0.137
L	192	0.00	0
L	193	0.00	0
L	194	0.00	0
L	195	3.00	0.058
L	196	0.00	0
L	197	3.00	0.058
L	198	4.00	0.078
L	199	3.00	0.058
L	200	5.00	0.098
L	201	8.00	0.156
L	202	10.00	0.196
L	203	8.00	0.156
L	204	7.00	0.137
L	205	6.00	0.117
L	206	3.00	0.058
L	207	11.00	0.215
L	208	9.00	0.176
L	209	18.00	0.352
L	210	17.00	0.333
L	211	17.00	0.333
T	1	0.00	0
T	2	0.00	0
T	3	0.00	0
T	4	2.00	0.039
T	5	2.00	0.039
T	6	0.00	0
T	7	0.00	0
T	8	0.00	0
T	9	0.00	0
T	10	0.00	0
T	11	1.00	0.019
T	12	1.00	0.019
T	13	13.00	0.254
T	14	2.00	0.039
T	15	0.00	0
T	16	0.00	0
T	17	0.00	0
T	18	0.00	0
T	19	1.00	0.019
T	20	1.00	0.019
T	21	3.00	0.058
T	22	1.00	0.019
T	23	0.00	0
T	24	9.00	0.176
T	25	2.00	0.039
T	26	0.00	0
T	27	5.00	0.098
T	28	7.00	0.137
T	29	2.00	0.039
T	30	4.00	0.078
T	31	8.00	0.156
T	32	9.00	0.176
T	33	5.00	0.098
T	34	5.00	0.098
T	35	6.00	0.117
T	36	10.00	0.196
T	37	10.00	0.196
T	38	5.00	0.098
T	39	9.00	0.176
T	40	3.00	0.058
T	41	0.00	0
T	42	1.00	0.019
T	43	1.00	0.019
T	44	2.00	0.039
T	45	4.00	0.078
T	46	1.00	0.019
T	47	4.00	0.078
T	48	13.00	0.254
T	49	6.00	0.117
T	50	1.00	0.019
T	51	6.00	0.117
T	52	8.00	0.156
T	53	5.00	0.098
T	54	0.00	0
T	55	13.00	0.254
T	56	17.00	0.333
T	57	7.00	0.137
T	58	11.00	0.215
T	59	6.00	0.117
T	60	8.00	0.156
T	61	0.00	0
T	62	2.00	0.039
T	63	0.00	0
T	64	0.00	0
T	65	1.00	0.019
T	66	4.00	0.078
T	67	2.00	0.039
T	68	3.00	0.058
T	69	3.00	0.058
T	70	4.00	0.078
T	71	9.00	0.176
T	72	0.00	0
T	73	17.00	0.333
T	74	6.00	0.117
T	75	4.00	0.078
T	76	0.00	0
T	77	1.00	0.019
T	78	3.00	0.058
T	79	0.00	0
T	80	7.00	0.137
T	81	6.00	0.117
T	82	5.00	0.098
T	83	2.00	0.039
T	84	5.00	0.098
T	85	13.00	0.254
T	86	9.00	0.176
T	87	6.00	0.117
T	88	10.00	0.196
T	89	6.00	0.117
T	90	6.00	0.117
T	91	5.00	0.098
T	92	1.00	0.019
T	93	16.00	0.313
T	94	10.00	0.196
T	95	2.00	0.039
T	96	0.00	0
T	97	5.00	0.098
T	98	2.00	0.039
T	99	1.00	0.019
T	100	5.00	0.098
T	101	5.00	0.098
T	102	1.00	0.019
T	103	0.00	0
T	104	2.00	0.039
T	105	4.00	0.078
T	106	9.00	0.176
T	107	2.00	0.039
T	108	3.00	0.058
T	109	2.00	0.039
T	110	5.00	0.098
T	111	5.00	0.098
T	112	3.00	0.058
T	113	5.00	0.098
T	114	10.00	0.196
T	115	12.00	0.235
T	116	15.00	0.294
T	117	2.00	0.039
T	118	2.00	0.039
T	119	2.00	0.039
T	120	0.00	0
T	121	1.00	0.019
T	122	0.00	0
T	123	0.00	0
T	124	2.00	0.039
T	125	0.00	0
T	126	0.00	0
T	127	3.00	0.058
T	128	2.00	0.039
T	129	1.00	0.019
T	130	5.00	0.098
T	131	6.00	0.117
T	132	8.00	0.156
T	133	4.00	0.078
T	134	8.00	0.156
T	135	5.00	0.098
T	136	1.00	0.019
T	137	5.00	0.098
T	138	0.00	0
T	139	0.00	0
T	140	1.00	0.019
T	141	2.00	0.039
T	142	2.00	0.039
T	143	3.00	0.058
T	144	1.00	0.019
T	145	2.00	0.039
T	146	1.00	0.019
T	147	5.00	0.098
T	148	1.00	0.019
T	149	1.00	0.019
T	150	4.00	0.078
T	151	4.00	0.078
T	152	6.00	0.117
T	153	1.00	0.019
T	154	10.00	0.196
T	155	0.00	0
T	156	1.00	0.019
T	157	2.00	0.039
T	158	0.00	0
T	159	2.00	0.039
T	160	6.00	0.117
T	161	20.00	0.392
T	162	18.00	0.352
T	163	6.00	0.117
T	164	15.00	0.294
T	165	11.00	0.215
T	166	13.00	0.254
T	167	23.00	0.450
T	168	2.00	0.039
T	169	30.00	0.588
T	170	14.00	0.274
T	171	2.00	0.039
T	172	5.00	0.098
T	173	11.00	0.215
T	174	5.00	0.098
T	175	20.00	0.392
T	176	7.00	0.137
T	177	11.00	0.215
T	178	2.00	0.039
T	179	1.00	0.019
T	180	7.00	0.137
T	181	7.00	0.137
T	182	2.00	0.039
T	183	2.00	0.039
T	184	8.00	0.156
T	185	2.00	0.039
T	186	4.00	0.078
T	187	2.00	0.039
T	188	1.00	0.019
T	189	2.00	0.039
T	190	9.00	0.176
T	191	3.00	0.058
T	192	9.00	0.176
T	193	3.00	0.058
T	194	4.00	0.078
T	195	3.00	0.058
T	196	3.00	0.058
T	197	3.00	0.058
T	198	1.00	0.019
T	199	5.00	0.098
T	200	2.00	0.039
T	201	1.00	0.019
T	202	8.00	0.156
T	203	1.00	0.019
T	204	3.00	0.058
T	205	5.00	0.098
T	206	4.00	0.078
T	207	1.00	0.019
T	208	2.00	0.039
T	209	3.00	0.058
T	210	14.00	0.274
T	211	4.00	0.078
T	212	8.00	0.156
T	213	13.00	0.254
T	214	14.00	0.274
T	215	6.00	0.117
T	216	17.00	0.333
T	217	14.00	0.274
T	218	13.00	0.254
T	219	15.00	0.294
T	220	26.00	0.509
T	221	24.00	0.470
T	222	26.00	0.509
T	223	39.00	0.764
T	224	18.00	0.352
T	225	26.00	0.509
T	226	7.00	0.137
T	227	2.00	0.039
T	228	8.00	0.156
T	229	17.00	0.333
T	230	7.00	0.137
T	231	7.00	0.137
T	232	12.00	0.235
T	233	16.00	0.313
T	234	14.00	0.274
T	235	9.00	0.176
T	236	14.00	0.274
T	237	18.00	0.352
T	238	8.00	0.156
T	239	8.00	0.156
T	240	27.00	0.529
T	241	13.00	0.254
T	242	3.00	0.058
T	243	20.00	0.392
T	244	5.00	0.098
T	245	5.00	0.098
T	246	7.00	0.137
T	247	6.00	0.117
T	248	1.00	0.019
T	249	9.00	0.176
T	250	2.00	0.039
T	251	7.00	0.137
T	252	5.00	0.098
T	253	11.00	0.215
T	254	5.00	0.098
T	255	7.00	0.137
T	256	4.00	0.078
T	257	12.00	0.235
T	258	4.00	0.078
T	259	4.00	0.078
T	260	14.00	0.274
T	261	8.00	0.156
T	262	4.00	0.078
T	263	11.00	0.215
T	264	9.00	0.176
T	265	11.00	0.215
T	266	25.00	0.490
T	267	12.00	0.235
T	268	12.00	0.235
T	269	14.00	0.274
T	270	16.00	0.313
T	271	13.00	0.254
T	272	12.00	0.235
T	273	3.00	0.058
T	274	7.00	0.137
T	275	12.00	0.235
T	276	2.00	0.039
T	277	2.00	0.039
T	278	6.00	0.117
T	279	9.00	0.176
T	280	6.00	0.117
T	281	5.00	0.098
T	282	13.00	0.254
T	283	26.00	0.509
T	284	19.00	0.372
T	285	32.00	0.627
T	286	33.00	0.647
T	287	38.00	0.745
T	288	36.00	0.705
T	289	28.00	0.549
T	290	10.00	0.196
T	291	12.00	0.235
T	292	4.00	0.078
T	293	11.00	0.215
T	294	13.00	0.254
T	295	9.00	0.176
T	296	5.00	0.098
T	297	3.00	0.058
T	298	7.00	0.137
T	299	10.00	0.196
T	300	12.00	0.235
T	301	9.00	0.176
T	302	7.00	0.137
T	303	4.00	0.078
T	304	1.00	0.019
T	305	1.00	0.019
T	306	2.00	0.039
T	307	0.00	0
T	308	1.00	0.019
T	309	4.00	0.078
T	310	2.00	0.039
T	311	4.00	0.078
T	312	5.00	0.098
T	313	5.00	0.098
T	314	6.00	0.117
T	315	3.00	0.058
T	316	1.00	0.019
T	317	1.00	0.019
T	318	10.00	0.196
T	319	4.00	0.078
T	320	5.00	0.098
T	321	3.00	0.058
T	322	10.00	0.196
T	323	2.00	0.039
T	324	1.00	0.019
T	325	1.00	0.019
T	326	0.00	0
T	327	0.00	0
T	328	7.00	0.137
T	329	7.00	0.137
T	330	7.00	0.137
T	331	7.00	0.137
T	332	1.00	0.019
T	333	5.00	0.098
T	334	7.00	0.137
T	335	10.00	0.196
T	336	7.00	0.137
T	337	6.00	0.117
T	338	2.00	0.039
T	339	3.00	0.058
T	340	2.00	0.039
T	341	3.00	0.058
T	342	0.00	0
T	343	8.00	0.156
T	344	3.00	0.058
T	345	2.00	0.039
T	346	3.00	0.058
T	347	3.00	0.058
T	348	0.00	0
T	349	5.00	0.098
T	350	0.00	0
T	351	0.00	0
T	352	4.00	0.078
T	353	0.00	0
T	354	1.00	0.019
T	355	2.00	0.039
T	356	1.00	0.019
T	357	0.00	0
T	358	0.00	0
T	359	0.00	0
T	360	0.00	0
T	361	5.00	0.098
T	362	5.00	0.098
T	363	5.00	0.098
T	364	5.00	0.098
T	365	6.00	0.117
T	366	5.00	0.098
T	367	1.00	0.019
T	368	6.00	0.117
T	369	1.00	0.019
T	370	1.00	0.019
T	371	3.00	0.058
T	372	1.00	0.019
T	373	0.00	0
T	374	0.00	0
T	375	1.00	0.019
T	376	0.00	0
T	377	0.00	0
T	378	0.00	0
T	379	0.00	0
T	380	5.00	0.098
T	381	5.00	0.098
T	382	0.00	0
T	383	11.00	0.215
T	384	7.00	0.137
T	385	0.00	0
T	386	0.00	0
T	387	0.00	0
T	388	1.00	0.019
T	389	5.00	0.098
T	390	0.00	0
T	391	0.00	0
T	392	10.00	0.196
T	393	22.00	0.431
T	394	28.00	0.549
T	395	7.00	0.137
T	396	5.00	0.098
T	397	8.00	0.156
T	398	5.00	0.098
T	399	7.00	0.137
T	400	13.00	0.254
T	401	2.00	0.039
T	402	0.00	0
T	403	0.00	0
T	404	7.00	0.137
T	405	1.00	0.019
T	406	0.00	0
T	407	0.00	0
T	408	0.00	0
T	409	0.00	0
T	410	7.00	0.137
T	411	3.00	0.058
T	412	0.00	0
T	413	12.00	0.235
T	414	9.00	0.176
T	415	12.00	0.235
T	416	1.00	0.019
T	417	8.00	0.156
T	418	11.00	0.215
T	419	14.00	0.274
T	420	0.00	0
T	421	7.00	0.137
T	422	3.00	0.058
T	423	5.00	0.098
T	424	9.00	0.176
T	425	2.00	0.039
T	426	0.00	0
T	427	7.00	0.137
T	428	11.00	0.215
T	429	0.00	0
T	430	0.00	0
T	431	7.00	0.137
T	432	11.00	0.215
T	433	1.00	0.019
T	434	0.00	0
T	435	3.00	0.058
T	436	3.00	0.058
T	437	0.00	0
T	438	1.00	0.019
T	439	4.00	0.078
T	440	0.00	0
T	441	0.00	0
T	442	1.00	0.019
T	443	10.00	0.196
T	444	0.00	0
T	445	0.00	0
T	446	4.00	0.078
T	447	4.00	0.078
T	448	0.00	0
T	449	0.00	0
T	450	2.00	0.039
T	451	1.00	0.019
T	452	5.00	0.098
T	453	8.00	0.156
T	454	11.00	0.215
T	455	10.00	0.196
T	456	8.00	0.156
T	457	23.00	0.450
T	458	16.00	0.313
T	459	8.00	0.156
T	460	27.00	0.529
T	461	29.00	0.568
T	462	13.00	0.254
T	463	9.00	0.176
T	464	20.00	0.392
T	465	10.00	0.196
T	466	6.00	0.117
T	467	13.00	0.254
T	468	11.00	0.215
T	469	8.00	0.156
T	470	2.00	0.039
T	471	25.00	0.490
T	472	31.00	0.607
T	473	11.00	0.215
T	474	32.00	0.627
T	475	31.00	0.607
T	476	29.00	0.568
T	477	25.00	0.490
T	478	28.00	0.549
T	479	27.00	0.529
T	480	40.00	0.784
T	481	46.00	0.901
T	482	22.00	0.431
T	483	1.00	0.019
T	484	9.00	0.176
T	485	16.00	0.313
T	486	4.00	0.078
T	487	11.00	0.215
T	488	17.00	0.333
T	489	7.00	0.137
T	490	11.00	0.215
T	491	40.00	0.784
T	492	43.00	0.843
T	493	15.00	0.294
T	494	28.00	0.549
T	495	50.00	0.980
T	496	42.00	0.823
T	497	30.00	0.588
T	498	49.00	0.960
T	499	39.00	0.764
T	500	42.00	0.823
T	501	36.00	0.705
T	502	37.00	0.725
T	503	31.00	0.607
T	504	37.00	0.725
T	505	36.00	0.705
T	506	37.00	0.725
T	507	27.00	0.529
T	508	26.00	0.509
T	509	21.00	0.411
T	510	9.00	0.176
T	511	7.00	0.137
T	512	22.00	0.431
T	513	18.00	0.352
T	514	18.00	0.352
T	515	8.00	0.156
T	516	31.00	0.607
T	517	30.00	0.588
T	518	25.00	0.490
T	519	17.00	0.333
T	520	21.00	0.411
T	521	16.00	0.313
T	522	17.00	0.333
T	523	9.00	0.176
T	524	8.00	0.156
T	525	18.00	0.352
T	526	28.00	0.549
T	527	9.00	0.176
T	528	14.00	0.274
T	529	9.00	0.176
T	530	1.00	0.019
T	531	7.00	0.137
T	532	9.00	0.176
T	533	2.00	0.039
T	534	9.00	0.176
T	535	0.00	0
T	536	12.00	0.235
T	537	24.00	0.470
T	538	9.00	0.176
T	539	0.00	0
T	540	15.00	0.294
T	541	18.00	0.352
T	542	5.00	0.098
T	543	0.00	0
T	544	0.00	0
T	545	0.00	0
T	546	18.00	0.352
T	547	4.00	0.078
T	548	9.00	0.176
T	549	9.00	0.176
T	550	11.00	0.215
T	551	15.00	0.294
T	552	4.00	0.078
T	553	10.00	0.196
T	554	7.00	0.137
T	555	6.00	0.117
T	556	10.00	0.196
T	557	1.00	0.019
T	558	2.00	0.039
T	559	5.00	0.098
T	560	0.00	0
T	561	1.00	0.019
T	562	0.00	0
T	563	18.00	0.352
T	564	0.00	0
T	565	14.00	0.274
T	566	2.00	0.039
T	567	0.00	0
T	568	8.00	0.156
T	569	6.00	0.117
T	570	1.00	0.019
T	571	8.00	0.156
T	572	0.00	0
T	573	13.00	0.254
T	574	0.00	0
T	575	10.00	0.196
T	576	9.00	0.176
T	577	27.00	0.529
T	578	6.00	0.117
T	579	4.00	0.078
T	580	6.00	0.117
T	581	3.00	0.058
T	582	16.00	0.313
T	583	50.00	0.980
T	584	28.00	0.549
T	585	21.00	0.411
T	586	19.00	0.372
T	587	21.00	0.411
T	588	16.00	0.313
T	589	19.00	0.372
T	590	9.00	0.176
T	591	10.00	0.196
T	592	6.00	0.117
T	593	9.00	0.176
T	594	7.00	0.137
T	595	7.00	0.137
T	596	16.00	0.313
T	597	1.00	0.019
T	598	0.00	0
T	599	3.00	0.058
T	600	0.00	0
T	601	7.00	0.137
T	602	10.00	0.196
T	603	8.00	0.156
T	604	7.00	0.137
T	605	8.00	0.156
T	606	0.00	0
T	607	0.00	0
T	608	0.00	0
T	609	0.00	0
T	610	2.00	0.039
T	611	1.00	0.019
T	612	8.00	0.156
T	613	5.00	0.098
T	614	0.00	0
T	615	9.00	0.176
T	616	2.00	0.039
T	617	0.00	0
T	618	0.00	0
T	619	0.00	0
T	620	0.00	0
T	621	8.00	0.156
T	622	2.00	0.039
T	623	3.00	0.058
T	624	5.00	0.098
T	625	0.00	0
T	626	7.00	0.137
T	627	8.00	0.156
T	628	0.00	0
T	629	6.00	0.117
T	630	6.00	0.117
T	631	2.00	0.039
T	632	3.00	0.058
T	633	4.00	0.078
T	634	3.00	0.058
T	635	2.00	0.039
T	636	4.00	0.078
T	637	5.00	0.098
T	638	0.00	0
T	639	8.00	0.156
T	640	0.00	0
T	641	0.00	0
T	642	0.00	0
T	643	0.00	0
T	644	3.00	0.058
T	645	8.00	0.156
T	646	4.00	0.078
T	647	17.00	0.333
T	648	14.00	0.274
T	649	9.00	0.176
T	650	12.00	0.235
T	651	5.00	0.098
T	652	8.00	0.156
T	653	12.00	0.235
T	654	13.00	0.254
T	655	15.00	0.294
T	656	12.00	0.235
T	657	16.00	0.313
T	658	14.00	0.274
T	659	4.00	0.078
T	660	10.00	0.196
T	661	1.00	0.019
T	662	1.00	0.019
T	663	12.00	0.235
T	664	6.00	0.117
T	665	3.00	0.058
T	666	3.00	0.058
T	667	19.00	0.372
T	668	2.00	0.039
T	669	0.00	0
T	670	4.00	0.078
T	671	30.00	0.588
T	672	7.00	0.137
T	673	11.00	0.215
T	674	9.00	0.176
T	675	0.00	0
T	676	20.00	0.392
T	677	36.00	0.705
T	678	0.00	0
T	679	7.00	0.137
T	680	15.00	0.294
T	681	10.00	0.196
T	682	5.00	0.098
T	683	9.00	0.176
T	684	7.00	0.137
T	685	7.00	0.137
T	686	11.00	0.215
T	687	5.00	0.098
T	688	9.00	0.176
T	689	0.00	0
T	690	2.00	0.039
T	691	3.00	0.058
T	692	6.00	0.117
T	693	6.00	0.117
T	694	5.00	0.098
T	695	13.00	0.254
T	696	0.00	0
T	697	3.00	0.058
T	698	11.00	0.215
T	699	5.00	0.098
T	700	0.00	0
T	701	5.00	0.098
T	702	3.00	0.058
T	703	0.00	0
T	704	8.00	0.156
T	705	3.00	0.058
T	706	2.00	0.039
T	707	4.00	0.078
T	708	2.00	0.039
T	709	4.00	0.078
T	710	2.00	0.039
T	711	1.00	0.019
T	712	1.00	0.019
T	713	3.00	0.058
T	714	0.00	0
T	715	3.00	0.058
T	716	1.00	0.019
T	717	2.00	0.039
T	718	3.00	0.058
T	719	1.00	0.019
T	720	0.00	0
T	721	2.00	0.039
T	722	2.00	0.039
T	723	5.00	0.098
T	724	6.00	0.117
T	725	0.00	0
T	726	0.00	0
T	727	1.00	0.019
T	728	2.00	0.039
T	729	11.00	0.215
T	730	6.00	0.117
T	731	13.00	0.254
T	732	3.00	0.058
T	733	1.00	0.019
T	734	8.00	0.156
T	735	7.00	0.137
T	736	30.00	0.588
T	737	20.00	0.392
T	738	6.00	0.117
T	739	11.00	0.215
T	740	11.00	0.215
T	741	4.00	0.078
T	742	8.00	0.156
T	743	17.00	0.333
T	744	3.00	0.058
T	745	6.00	0.117
T	746	18.00	0.352
T	747	19.00	0.372
T	748	0.00	0
T	749	2.00	0.039
T	750	25.00	0.490
T	751	0.00	0
T	752	0.00	0
T	753	0.00	0
T	754	28.00	0.549
T	755	0.00	0
T	756	1.00	0.019
T	757	0.00	0
T	758	0.00	0
T	759	0.00	0
T	760	0.00	0
T	761	0.00	0
T	762	0.00	0
T	763	1.00	0.019
T	764	0.00	0
T	765	0.00	0
T	766	1.00	0.019
T	767	6.00	0.117
T	768	0.00	0
T	769	7.00	0.137
T	770	5.00	0.098
T	771	5.00	0.098
T	772	1.00	0.019
T	773	5.00	0.098
T	774	9.00	0.176
T	775	7.00	0.137
T	776	6.00	0.117
T	777	4.00	0.078
T	778	5.00	0.098
T	779	3.00	0.058
T	780	0.00	0
T	781	0.00	0
T	782	2.00	0.039
T	783	3.00	0.058
T	784	20.00	0.392
T	785	5.00	0.098
T	786	8.00	0.156
T	787	0.00	0
T	788	0.00	0
T	789	0.00	0
T	790	0.00	0
T	791	12.00	0.235
T	796	8.00	0.156
T	797	10.00	0.196
T	798	6.00	0.117
T	799	3.00	0.058
T	800	1.00	0.019
T	801	6.00	0.117
T	802	6.00	0.117
T	803	1.00	0.019
T	804	4.00	0.078
T	805	2.00	0.039
T	806	1.00	0.019
T	807	0.00	0
T	808	2.00	0.039
T	809	4.00	0.078
T	810	4.00	0.078
T	811	15.00	0.294
T	812	10.00	0.196
T	813	6.00	0.117
T	814	3.00	0.058
T	815	2.00	0.039
T	816	4.00	0.078
T	817	1.00	0.019
T	818	2.00	0.039
T	819	0.00	0
T	820	4.00	0.078
T	821	3.00	0.058
T	822	3.00	0.058
T	823	5.00	0.098
T	824	3.00	0.058
T	825	4.00	0.078
T	826	9.00	0.176
T	827	0.00	0
T	828	5.00	0.098
T	829	2.00	0.039
T	830	1.00	0.019
T	831	4.00	0.078
T	832	2.00	0.039
