chain	res	score	prob
A	1	20.00	0.4
A	2	16.00	0.32
A	3	8.00	0.16
A	4	4.00	0.08
A	5	1.00	0.02
A	6	0.00	0
A	7	9.00	0.18
A	8	0.00	0
A	9	4.00	0.08
A	10	1.00	0.02
A	11	1.00	0.02
A	12	3.00	0.06
A	13	20.00	0.4
A	14	14.00	0.28
A	15	18.00	0.36
A	16	11.00	0.22
A	17	5.00	0.1
A	18	3.00	0.06
A	19	10.00	0.2
A	20	3.00	0.06
A	21	5.00	0.1
A	22	0.00	0
A	23	5.00	0.1
A	24	0.00	0
A	25	3.00	0.06
A	26	5.00	0.1
A	27	12.00	0.24
A	28	7.00	0.14
A	29	0.00	0
A	30	6.00	0.12
A	31	12.00	0.24
A	32	0.00	0
A	33	2.00	0.04
A	34	11.00	0.22
A	35	0.00	0
A	36	0.00	0
A	37	7.00	0.14
A	38	0.00	0
A	39	0.00	0
A	40	1.00	0.02
A	41	5.00	0.1
A	42	4.00	0.08
A	43	16.00	0.32
A	44	19.00	0.38
A	45	15.00	0.3
A	46	14.00	0.28
A	47	9.00	0.18
A	48	0.00	0
A	49	16.00	0.32
A	50	17.00	0.34
A	51	7.00	0.14
A	52	3.00	0.06
A	53	0.00	0
A	54	27.00	0.54
A	55	29.00	0.58
A	56	0.00	0
A	57	2.00	0.04
A	58	10.00	0.2
A	59	18.00	0.36
A	60	9.00	0.18
A	61	0.00	0
A	62	0.00	0
A	63	0.00	0
A	64	0.00	0
A	65	0.00	0
A	66	3.00	0.06
A	67	5.00	0.1
A	68	26.00	0.52
A	69	37.00	0.74
A	70	30.00	0.6
A	71	49.00	0.98
A	72	0.00	0
A	73	31.00	0.62
A	74	6.00	0.12
A	75	1.00	0.02
A	76	10.00	0.2
A	77	0.00	0
A	78	10.00	0.2
A	79	7.00	0.14
A	80	14.00	0.28
A	81	14.00	0.28
A	82	8.00	0.16
A	83	0.00	0
A	84	6.00	0.12
A	85	7.00	0.14
A	86	8.00	0.16
A	87	6.00	0.12
A	88	16.00	0.32
A	89	14.00	0.28
A	90	6.00	0.12
A	91	16.00	0.32
A	92	1.00	0.02
A	93	5.00	0.1
A	94	4.00	0.08
A	95	3.00	0.06
A	96	5.00	0.1
A	97	2.00	0.04
A	98	0.00	0
A	99	0.00	0
A	100	0.00	0
A	101	1.00	0.02
A	102	11.00	0.22
A	103	21.00	0.42
A	104	11.00	0.22
A	105	24.00	0.48
A	106	8.00	0.16
A	107	11.00	0.22
A	108	0.00	0
A	109	3.00	0.06
A	110	0.00	0
A	111	0.00	0
A	112	0.00	0
A	113	0.00	0
A	114	0.00	0
A	115	0.00	0
A	116	4.00	0.08
A	117	6.00	0.12
A	118	4.00	0.08
A	119	4.00	0.08
A	120	12.00	0.24
A	121	33.00	0.66
A	122	6.00	0.12
A	123	11.00	0.22
A	124	13.00	0.26
A	125	23.00	0.46
A	126	3.00	0.06
A	127	0.00	0
A	128	2.00	0.04
A	129	0.00	0
A	130	0.00	0
A	131	6.00	0.12
A	132	6.00	0.12
A	133	6.00	0.12
A	134	7.00	0.14
A	135	6.00	0.12
A	136	6.00	0.12
A	137	11.00	0.22
A	138	9.00	0.18
A	139	0.00	0
A	140	8.00	0.16
A	141	6.00	0.12
A	142	0.00	0
A	143	10.00	0.2
A	144	27.00	0.54
A	145	8.00	0.16
A	146	7.00	0.14
A	147	13.00	0.26
A	148	28.00	0.56
A	149	44.00	0.88
A	150	5.00	0.1
A	151	25.00	0.5
A	152	5.00	0.1
A	153	18.00	0.36
A	154	5.00	0.1
A	155	26.00	0.52
A	156	1.00	0.02
A	157	4.00	0.08
A	158	0.00	0
A	159	6.00	0.12
A	160	5.00	0.1
A	161	4.00	0.08
A	162	5.00	0.1
A	163	6.00	0.12
A	164	16.00	0.32
A	165	25.00	0.5
B	3	7.00	0.14
B	4	6.00	0.12
B	5	0.00	0
B	6	0.00	0
B	7	11.00	0.22
B	8	0.00	0
B	9	5.00	0.1
B	10	1.00	0.02
B	11	2.00	0.04
B	12	8.00	0.16
B	13	17.00	0.34
B	14	7.00	0.14
B	15	15.00	0.3
B	16	18.00	0.36
B	17	5.00	0.1
B	18	4.00	0.08
B	19	14.00	0.28
B	20	0.00	0
B	21	8.00	0.16
B	22	0.00	0
B	23	9.00	0.18
B	24	0.00	0
B	25	3.00	0.06
B	26	6.00	0.12
B	27	4.00	0.08
B	28	7.00	0.14
B	29	0.00	0
B	30	4.00	0.08
B	31	9.00	0.18
B	32	0.00	0
B	33	2.00	0.04
B	34	6.00	0.12
B	35	0.00	0
B	36	0.00	0
B	37	9.00	0.18
B	38	0.00	0
B	39	0.00	0
B	40	1.00	0.02
B	41	3.00	0.06
B	42	3.00	0.06
B	43	14.00	0.28
B	44	17.00	0.34
B	45	22.00	0.44
B	46	13.00	0.26
B	47	9.00	0.18
B	48	0.00	0
B	49	23.00	0.46
B	50	15.00	0.3
B	51	4.00	0.08
B	52	4.00	0.08
B	53	0.00	0
B	54	28.00	0.56
B	55	30.00	0.6
B	56	0.00	0
B	57	19.00	0.38
B	58	26.00	0.52
B	59	13.00	0.26
B	60	10.00	0.2
B	61	0.00	0
B	62	0.00	0
B	63	0.00	0
B	64	0.00	0
B	65	0.00	0
B	66	2.00	0.04
B	67	4.00	0.08
B	68	18.00	0.36
B	69	44.00	0.88
B	70	33.00	0.66
B	71	47.00	0.94
B	72	0.00	0
B	73	22.00	0.44
B	74	7.00	0.14
B	75	2.00	0.04
B	76	25.00	0.5
B	77	2.00	0.04
B	78	8.00	0.16
B	79	9.00	0.18
B	80	8.00	0.16
B	81	15.00	0.3
B	82	12.00	0.24
B	83	2.00	0.04
B	84	7.00	0.14
B	85	11.00	0.22
B	86	7.00	0.14
B	87	3.00	0.06
B	88	13.00	0.26
B	89	13.00	0.26
B	90	3.00	0.06
B	91	16.00	0.32
B	92	2.00	0.04
B	93	6.00	0.12
B	94	5.00	0.1
B	95	5.00	0.1
B	96	0.00	0
B	97	6.00	0.12
B	98	0.00	0
B	99	0.00	0
B	100	0.00	0
B	101	0.00	0
B	102	13.00	0.26
B	103	17.00	0.34
B	104	14.00	0.28
B	105	18.00	0.36
B	106	6.00	0.12
B	107	14.00	0.28
B	108	0.00	0
B	109	0.00	0
B	110	0.00	0
B	111	12.00	0.24
B	112	0.00	0
B	113	0.00	0
B	114	0.00	0
B	115	0.00	0
B	116	5.00	0.1
B	117	7.00	0.14
B	118	10.00	0.2
B	119	4.00	0.08
B	120	19.00	0.38
B	121	31.00	0.62
B	122	9.00	0.18
B	123	9.00	0.18
B	124	15.00	0.3
B	125	33.00	0.66
B	126	6.00	0.12
B	127	0.00	0
B	128	0.00	0
B	129	0.00	0
B	130	0.00	0
B	131	6.00	0.12
B	132	4.00	0.08
B	133	5.00	0.1
B	134	11.00	0.22
B	135	12.00	0.24
B	136	3.00	0.06
B	137	16.00	0.32
B	138	9.00	0.18
B	139	0.00	0
B	140	12.00	0.24
B	141	10.00	0.2
B	142	0.00	0
B	143	8.00	0.16
B	144	28.00	0.56
B	145	10.00	0.2
B	146	7.00	0.14
B	147	12.00	0.24
B	148	44.00	0.88
B	149	40.00	0.8
B	150	9.00	0.18
B	151	28.00	0.56
B	152	15.00	0.3
B	153	17.00	0.34
B	154	9.00	0.18
B	155	26.00	0.52
B	156	0.00	0
B	157	7.00	0.14
B	158	0.00	0
B	159	5.00	0.1
B	160	8.00	0.16
B	161	4.00	0.08
B	162	4.00	0.08
B	163	6.00	0.12
B	164	5.00	0.1
B	165	4.00	0.08
C	401	5.00	0.1
C	402	13.00	0.26
C	403	21.00	0.42
C	404	29.00	0.58
C	405	29.00	0.58
C	406	42.00	0.84
C	407	41.00	0.82
C	408	36.00	0.72
C	409	40.00	0.8
C	410	35.00	0.7
C	411	25.00	0.5
C	412	28.00	0.56
C	413	28.00	0.56
C	414	24.00	0.48
C	415	22.00	0.44
C	416	25.00	0.5
C	417	41.00	0.82
C	418	39.00	0.78
C	419	24.00	0.48
C	420	26.00	0.52
C	421	32.00	0.64
C	422	20.00	0.4
C	423	0.00	0
C	424	7.00	0.14
C	425	17.00	0.34
C	426	5.00	0.1
C	427	2.00	0.04
C	428	12.00	0.24
C	429	11.00	0.22
C	430	13.00	0.26
C	431	6.00	0.12
C	432	0.00	0
C	433	13.00	0.26
C	434	17.00	0.34
C	435	16.00	0.32
C	436	0.00	0
C	437	14.00	0.28
C	438	15.00	0.3
C	439	11.00	0.22
C	440	0.00	0
C	441	7.00	0.14
C	442	9.00	0.18
C	443	10.00	0.2
C	444	0.00	0
C	445	18.00	0.36
C	446	13.00	0.26
C	447	1.00	0.02
C	448	0.00	0
C	449	0.00	0
C	450	27.00	0.54
C	451	2.00	0.04
C	452	0.00	0
C	453	11.00	0.22
C	454	27.00	0.54
C	455	0.00	0
C	456	7.00	0.14
C	457	28.00	0.56
C	458	24.00	0.48
C	459	5.00	0.1
C	460	11.00	0.22
C	461	18.00	0.36
C	462	22.00	0.44
C	463	33.00	0.66
C	464	23.00	0.46
C	465	0.00	0
C	466	7.00	0.14
C	467	21.00	0.42
C	468	13.00	0.26
C	469	1.00	0.02
C	470	20.00	0.4
C	471	10.00	0.2
C	472	7.00	0.14
C	473	3.00	0.06
C	474	10.00	0.2
C	475	21.00	0.42
C	476	19.00	0.38
C	477	14.00	0.28
C	478	13.00	0.26
C	479	15.00	0.3
C	480	14.00	0.28
C	481	14.00	0.28
C	482	26.00	0.52
C	483	36.00	0.72
C	484	27.00	0.54
C	485	24.00	0.48
C	486	15.00	0.3
C	487	22.00	0.44
C	488	9.00	0.18
C	489	11.00	0.22
C	490	0.00	0
C	491	25.00	0.5
C	492	15.00	0.3
C	493	33.00	0.66
C	494	46.00	0.92
C	495	28.00	0.56
C	496	33.00	0.66
C	497	29.00	0.58
C	498	28.00	0.56
C	499	5.00	0.1
C	500	21.00	0.42
C	501	0.00	0
C	502	9.00	0.18
C	503	0.00	0
C	504	0.00	0
C	505	3.00	0.06
C	506	6.00	0.12
C	507	7.00	0.14
C	508	9.00	0.18
C	509	14.00	0.28
C	510	21.00	0.42
C	511	23.00	0.46
C	512	32.00	0.64
C	513	20.00	0.4
C	514	4.00	0.08
C	515	11.00	0.22
C	516	9.00	0.18
C	517	2.00	0.04
C	518	8.00	0.16
C	519	31.00	0.62
C	520	46.00	0.92
C	521	42.00	0.84
C	522	36.00	0.72
C	523	40.00	0.8
C	524	25.00	0.5
C	525	12.00	0.24
C	526	0.00	0
C	527	4.00	0.08
C	528	27.00	0.54
C	529	7.00	0.14
C	530	4.00	0.08
C	531	17.00	0.34
C	532	24.00	0.48
C	533	10.00	0.2
C	534	0.00	0
C	535	15.00	0.3
C	536	20.00	0.4
C	537	1.00	0.02
C	538	0.00	0
C	539	22.00	0.44
C	540	24.00	0.48
C	541	0.00	0
C	542	16.00	0.32
C	543	43.00	0.86
C	544	40.00	0.8
C	545	36.00	0.72
D	401	21.00	0.42
D	402	34.00	0.68
D	403	35.00	0.7
D	404	44.00	0.88
D	405	38.00	0.76
D	406	41.00	0.82
D	407	29.00	0.58
D	408	36.00	0.72
D	409	47.00	0.94
D	410	50.00	1
D	411	34.00	0.68
D	412	40.00	0.8
D	413	40.00	0.8
D	414	31.00	0.62
D	415	26.00	0.52
D	416	27.00	0.54
D	417	44.00	0.88
D	418	35.00	0.7
D	419	26.00	0.52
D	420	31.00	0.62
D	421	28.00	0.56
D	422	28.00	0.56
D	423	0.00	0
D	424	11.00	0.22
D	425	17.00	0.34
D	426	18.00	0.36
D	427	1.00	0.02
D	428	27.00	0.54
D	429	25.00	0.5
D	430	21.00	0.42
D	431	12.00	0.24
D	432	8.00	0.16
D	433	13.00	0.26
D	434	25.00	0.5
D	435	28.00	0.56
D	436	0.00	0
D	437	16.00	0.32
D	438	13.00	0.26
D	439	23.00	0.46
D	440	0.00	0
D	441	18.00	0.36
D	442	14.00	0.28
D	443	22.00	0.44
D	444	1.00	0.02
D	445	19.00	0.38
D	446	22.00	0.44
D	447	3.00	0.06
D	448	0.00	0
D	449	0.00	0
D	450	24.00	0.48
D	451	6.00	0.12
D	452	0.00	0
D	453	12.00	0.24
D	454	30.00	0.6
D	455	1.00	0.02
D	456	5.00	0.1
D	457	26.00	0.52
D	458	24.00	0.48
D	459	7.00	0.14
D	460	24.00	0.48
D	461	35.00	0.7
D	462	40.00	0.8
D	463	37.00	0.74
D	464	26.00	0.52
D	465	17.00	0.34
D	466	17.00	0.34
D	467	25.00	0.5
D	468	27.00	0.54
D	469	3.00	0.06
D	470	16.00	0.32
D	471	11.00	0.22
D	472	10.00	0.2
D	473	1.00	0.02
D	474	11.00	0.22
D	475	13.00	0.26
D	476	24.00	0.48
D	477	10.00	0.2
D	478	11.00	0.22
D	479	12.00	0.24
D	480	27.00	0.54
D	481	13.00	0.26
D	482	26.00	0.52
D	483	37.00	0.74
D	484	36.00	0.72
D	485	40.00	0.8
D	486	18.00	0.36
D	487	41.00	0.82
D	488	14.00	0.28
D	489	13.00	0.26
D	490	0.00	0
D	491	28.00	0.56
D	492	18.00	0.36
D	493	25.00	0.5
D	494	28.00	0.56
D	495	23.00	0.46
D	496	32.00	0.64
D	497	29.00	0.58
D	498	34.00	0.68
D	499	10.00	0.2
D	500	17.00	0.34
D	501	0.00	0
D	502	6.00	0.12
D	503	0.00	0
D	504	0.00	0
D	505	5.00	0.1
D	506	17.00	0.34
D	507	18.00	0.36
D	508	13.00	0.26
D	509	16.00	0.32
D	510	21.00	0.42
D	511	34.00	0.68
D	512	36.00	0.72
D	513	27.00	0.54
D	514	0.00	0
D	515	32.00	0.64
D	516	17.00	0.34
D	517	5.00	0.1
D	518	27.00	0.54
D	519	38.00	0.76
D	520	43.00	0.86
D	521	40.00	0.8
D	522	34.00	0.68
D	523	42.00	0.84
D	524	27.00	0.54
D	525	16.00	0.32
D	526	0.00	0
D	527	3.00	0.06
D	528	33.00	0.66
D	529	9.00	0.18
D	530	2.00	0.04
D	531	11.00	0.22
D	532	31.00	0.62
D	533	12.00	0.24
D	534	0.00	0
D	535	25.00	0.5
D	536	31.00	0.62
D	537	0.00	0
D	538	0.00	0
D	539	21.00	0.42
D	540	23.00	0.46
D	541	0.00	0
D	542	23.00	0.46
D	543	45.00	0.9
D	544	50.00	1
D	545	41.00	0.82
