chain	res	score	prob
E	16	4.00	0.074
E	17	4.00	0.074
E	18	5.00	0.092
E	19	3.00	0.055
E	20	10.00	0.185
E	21	3.00	0.055
E	22	3.00	0.055
E	23	10.00	0.185
E	24	7.00	0.129
E	25	9.00	0.166
E	26	8.00	0.148
E	27	4.00	0.074
E	28	7.00	0.129
E	29	1.00	0.018
E	30	2.00	0.037
E	31	0.00	0
E	32	0.00	0
E	33	0.00	0
E	34	3.00	0.055
E	35	26.00	0.481
E	36A	19.00	0.351
E	36C	20.00	0.370
E	36B	20.00	0.370
E	36	30.00	0.555
E	37	14.00	0.259
E	38	22.00	0.407
E	39	16.00	0.296
E	40	14.00	0.259
E	41	17.00	0.314
E	42	0.00	0
E	43	1.00	0.018
E	44	0.00	0
E	45	0.00	0
E	46	1.00	0.018
E	47	7.00	0.129
E	48	10.00	0.185
E	49	5.00	0.092
E	50	8.00	0.148
E	51	2.00	0.037
E	52	0.00	0
E	53	0.00	0
E	54	0.00	0
E	55	0.00	0
E	56	0.00	0
E	57	4.00	0.074
E	58	0.00	0
E	59	3.00	0.055
E	60	13.00	0.240
E	61	19.00	0.351
E	62	26.00	0.481
E	63	28.00	0.518
E	64	32.00	0.592
E	65	6.00	0.111
E	65A	5.00	0.092
E	66	0.00	0
E	67	0.00	0
E	68	0.00	0
E	69	2.00	0.037
E	70	2.00	0.037
E	71	1.00	0.018
E	72	2.00	0.037
E	73	11.00	0.203
E	74	9.00	0.166
E	75	8.00	0.148
E	76	11.00	0.203
E	77	10.00	0.185
E	78	4.00	0.074
E	79	5.00	0.092
E	80	4.00	0.074
E	81	6.00	0.111
E	82	11.00	0.203
E	83	3.00	0.055
E	84	13.00	0.240
E	85	12.00	0.222
E	86	13.00	0.240
E	87	11.00	0.203
E	88	9.00	0.166
E	89	8.00	0.148
E	90	7.00	0.129
E	91	9.00	0.166
E	92	14.00	0.259
E	93	31.00	0.574
E	94	17.00	0.314
E	95	29.00	0.537
E	96	30.00	0.555
E	97	23.00	0.425
E	98	34.00	0.629
E	99A	19.00	0.351
E	99	1.00	0.018
E	99B	8.00	0.148
E	100	4.00	0.074
E	101	19.00	0.351
E	102	1.00	0.018
E	103	0.00	0
E	104	0.00	0
E	105	0.00	0
E	106	0.00	0
E	107	8.00	0.148
E	108	2.00	0.037
E	109	9.00	0.166
E	110	6.00	0.111
E	111	7.00	0.129
E	112	1.00	0.018
E	113	3.00	0.055
E	114	6.00	0.111
E	115	4.00	0.074
E	116	8.00	0.148
E	117	9.00	0.166
E	118	0.00	0
E	119	7.00	0.129
E	120	5.00	0.092
E	121	7.00	0.129
E	122	7.00	0.129
E	123	6.00	0.111
E	124	2.00	0.037
E	125	16.00	0.296
E	126	7.00	0.129
E	127	6.00	0.111
E	128	7.00	0.129
E	129	8.00	0.148
E	130	5.00	0.092
E	131	9.00	0.166
E	132	6.00	0.111
E	133	7.00	0.129
E	134	6.00	0.111
E	135	6.00	0.111
E	136	0.00	0
E	137	9.00	0.166
E	138	0.00	0
E	139	0.00	0
E	140	2.00	0.037
E	141	0.00	0
E	142	0.00	0
E	143	14.00	0.259
E	144	9.00	0.166
E	145	18.00	0.333
E	147	19.00	0.351
E	148	28.00	0.518
E	149	20.00	0.370
E	150	25.00	0.462
E	151	32.00	0.592
E	152	14.00	0.259
E	153	8.00	0.148
E	154	4.00	0.074
E	155	3.00	0.055
E	156	2.00	0.037
E	157	7.00	0.129
E	158	3.00	0.055
E	159	19.00	0.351
E	160	0.00	0
E	161	4.00	0.074
E	162	1.00	0.018
E	163	4.00	0.074
E	164	5.00	0.092
E	165	13.00	0.240
E	166	7.00	0.129
E	167	7.00	0.129
E	168	1.00	0.018
E	169	7.00	0.129
E	170B	11.00	0.203
E	170A	26.00	0.481
E	170	7.00	0.129
E	171	5.00	0.092
E	172	19.00	0.351
E	173	9.00	0.166
E	174	37.00	0.685
E	175	35.00	0.648
E	176	4.00	0.074
E	177	11.00	0.203
E	178	8.00	0.148
E	179	3.00	0.055
E	180	3.00	0.055
E	181	3.00	0.055
E	182	0.00	0
E	183	0.00	0
E	184	4.00	0.074
E	185	4.00	0.074
E	186	10.00	0.185
E	187	4.00	0.074
E	188A	12.00	0.222
E	188	8.00	0.148
E	189	2.00	0.037
E	190	0.00	0
E	191	0.00	0
E	192	25.00	0.462
E	193	7.00	0.129
E	194	5.00	0.092
E	195	0.00	0
E	196	0.00	0
E	197	1.00	0.018
E	198	0.00	0
E	199	0.00	0
E	200	3.00	0.055
E	201	0.00	0
E	202	12.00	0.222
E	203	11.00	0.203
E	204	13.00	0.240
E	205	11.00	0.203
E	206	18.00	0.333
E	207	9.00	0.166
E	208	2.00	0.037
E	209	1.00	0.018
E	210	0.00	0
E	211	0.00	0
E	212	0.00	0
E	213	0.00	0
E	214	0.00	0
E	215	0.00	0
E	216	0.00	0
E	217A	54.00	1
E	217	7.00	0.129
E	218	44.00	0.814
E	219	9.00	0.166
E	220	2.00	0.037
E	221A	14.00	0.259
E	221	10.00	0.185
E	222	13.00	0.240
E	223	12.00	0.222
E	224	20.00	0.370
E	225	0.00	0
E	226	0.00	0
E	227	0.00	0
E	228	0.00	0
E	229	1.00	0.018
E	230	5.00	0.092
E	231	0.00	0
E	232	1.00	0.018
E	233	6.00	0.111
E	234	2.00	0.037
E	235	4.00	0.074
E	236	5.00	0.092
E	237	5.00	0.092
E	238	1.00	0.018
E	239	7.00	0.129
E	240	10.00	0.185
E	241	2.00	0.037
E	242	3.00	0.055
E	243	15.00	0.277
E	244	13.00	0.240
E	245	10.00	0.185
I	11	11.00	0.203
I	12	8.00	0.148
I	13	12.00	0.222
I	14	10.00	0.185
I	15	20.00	0.370
I	16	18.00	0.333
I	17	34.00	0.629
I	18	50.00	0.925
I	19	45.00	0.833
I	20	47.00	0.870
I	21	13.00	0.240
I	22	17.00	0.314
I	23	0.00	0
I	24	0.00	0
I	25	2.00	0.037
I	26	33.00	0.611
I	27	37.00	0.685
I	28	18.00	0.333
I	29	16.00	0.296
I	30	25.00	0.462
I	31	32.00	0.592
I	32	15.00	0.277
I	33	15.00	0.277
I	34	19.00	0.351
I	35	1.00	0.018
I	36	4.00	0.074
I	37	10.00	0.185
I	38	3.00	0.055
I	39	21.00	0.388
I	40	19.00	0.351
I	41	25.00	0.462
I	42	8.00	0.148
I	43	4.00	0.074
I	44	3.00	0.055
I	45	0.00	0
I	46	34.00	0.629
I	47	13.00	0.240
I	48	7.00	0.129
I	49	12.00	0.222
I	50	10.00	0.185
I	51	22.00	0.407
I	52	13.00	0.240
I	53	36.00	0.666
I	54	41.00	0.759
I	55	26.00	0.481
I	56	17.00	0.314
I	57	29.00	0.537
