chain	res	score	prob
H	1	18.00	0.236
H	2	19.00	0.25
H	3	13.00	0.171
H	4	10.00	0.131
H	5	9.00	0.118
H	6	8.00	0.105
H	7	5.00	0.065
H	8	14.00	0.184
H	9	13.00	0.171
H	10	4.00	0.052
H	11	10.00	0.131
H	12	10.00	0.131
H	13	9.00	0.118
H	14	10.00	0.131
H	15	11.00	0.144
H	16	15.00	0.197
H	17	13.00	0.171
H	18	3.00	0.039
H	19	21.00	0.276
H	20	9.00	0.118
H	21	10.00	0.131
H	22	1.00	0.013
H	23	7.00	0.092
H	24	6.00	0.078
H	25	11.00	0.144
H	26	16.00	0.210
H	27	15.00	0.197
H	28	10.00	0.131
H	29	1.00	0.013
H	30	6.00	0.078
H	31	6.00	0.078
H	32	3.00	0.039
H	33	2.00	0.026
H	34	0.00	0
H	35	0.00	0
H	36	0.00	0
H	37	0.00	0
H	38	2.00	0.026
H	39	3.00	0.039
H	40	4.00	0.052
H	41	8.00	0.105
H	42	10.00	0.131
H	43	19.00	0.25
H	44	8.00	0.105
H	45	7.00	0.092
H	46	8.00	0.105
H	47	5.00	0.065
H	48	0.00	0
H	49	0.00	0
H	50	1.00	0.013
H	51	0.00	0
H	52	0.00	0
H	53	2.00	0.026
H	54	4.00	0.052
H	55	8.00	0.105
H	56	5.00	0.065
H	57	6.00	0.078
H	58	8.00	0.105
H	59	1.00	0.013
H	60	7.00	0.092
H	61	9.00	0.118
H	62	11.00	0.144
H	63	8.00	0.105
H	64	3.00	0.039
H	65	8.00	0.105
H	66	8.00	0.105
H	67	6.00	0.078
H	68	6.00	0.078
H	69	13.00	0.171
H	70	3.00	0.039
H	71	15.00	0.197
H	72	7.00	0.092
H	73	11.00	0.144
H	74	6.00	0.078
H	75	16.00	0.210
H	76	11.00	0.144
H	77	4.00	0.052
H	78	7.00	0.092
H	79	1.00	0.013
H	80	11.00	0.144
H	81	4.00	0.052
H	82	19.00	0.25
H	83	0.00	0
H	84	9.00	0.118
H	85	14.00	0.184
H	86	1.00	0.013
H	87	13.00	0.171
H	88	8.00	0.105
H	89	4.00	0.052
H	90	6.00	0.078
H	91	4.00	0.052
H	92	0.00	0
H	93	14.00	0.184
H	94	3.00	0.039
H	95	4.00	0.052
H	96	0.00	0
H	97	0.00	0
H	98	11.00	0.144
H	99	2.00	0.026
H	100	9.00	0.118
H	101	1.00	0.013
H	102	12.00	0.157
H	103	16.00	0.210
H	104	3.00	0.039
H	105	20.00	0.263
H	106	23.00	0.302
H	107	12.00	0.157
H	108	5.00	0.065
H	109	9.00	0.118
H	110	14.00	0.184
H	111	3.00	0.039
H	112	7.00	0.092
H	113	5.00	0.065
H	114	5.00	0.065
H	115	10.00	0.131
H	116	7.00	0.092
H	117	14.00	0.184
H	118	16.00	0.210
H	119	13.00	0.171
H	120	8.00	0.105
H	121	3.00	0.039
H	122	4.00	0.052
H	123	9.00	0.118
H	124	2.00	0.026
H	125	2.00	0.026
H	126	2.00	0.026
H	127	2.00	0.026
H	128	0.00	0
H	129	6.00	0.078
H	130	5.00	0.065
H	131	18.00	0.236
H	132	18.00	0.236
H	137	15.00	0.197
H	138	12.00	0.157
H	139	11.00	0.144
H	140	4.00	0.052
H	141	1.00	0.013
H	142	0.00	0
H	143	0.00	0
H	144	0.00	0
H	145	0.00	0
H	146	0.00	0
H	147	7.00	0.092
H	148	6.00	0.078
H	149	1.00	0.013
H	150	5.00	0.065
H	151	4.00	0.052
H	152	7.00	0.092
H	153	7.00	0.092
H	154	3.00	0.039
H	155	8.00	0.105
H	156	4.00	0.052
H	157	5.00	0.065
H	158	3.00	0.039
H	159	8.00	0.105
H	160	13.00	0.171
H	161	11.00	0.144
H	162	18.00	0.236
H	163	8.00	0.105
H	164	10.00	0.131
H	165	12.00	0.157
H	166	8.00	0.105
H	167	6.00	0.078
H	168	5.00	0.065
H	169	5.00	0.065
H	170	4.00	0.052
H	171	9.00	0.118
H	172	12.00	0.157
H	173	11.00	0.144
H	174	20.00	0.263
H	175	12.00	0.157
H	176	19.00	0.25
H	177	9.00	0.118
H	178	12.00	0.157
H	179	4.00	0.052
H	180	15.00	0.197
H	181	8.00	0.105
H	182	9.00	0.118
H	183	2.00	0.026
H	184	0.00	0
H	185	2.00	0.026
H	186	0.00	0
H	187	8.00	0.105
H	188	5.00	0.065
H	189	12.00	0.157
H	190	15.00	0.197
H	191	16.00	0.210
H	192	10.00	0.131
H	193	11.00	0.144
H	194	21.00	0.276
H	195	21.00	0.276
H	196	13.00	0.171
H	197	19.00	0.25
H	198	2.00	0.026
H	199	8.00	0.105
H	200	0.00	0
H	201	2.00	0.026
H	202	0.00	0
H	203	3.00	0.039
H	204	0.00	0
H	205	13.00	0.171
H	206	6.00	0.078
H	207	4.00	0.052
H	208	10.00	0.131
H	209	4.00	0.052
H	210	11.00	0.144
H	211	4.00	0.052
H	212	16.00	0.210
H	213	4.00	0.052
H	214	8.00	0.105
H	215	4.00	0.052
H	216	12.00	0.157
H	217	11.00	0.144
L	1	14.00	0.184
L	2	1.00	0.013
L	3	11.00	0.144
L	4	5.00	0.065
L	5	9.00	0.118
L	6	4.00	0.052
L	7	9.00	0.118
L	8	10.00	0.131
L	9	8.00	0.105
L	10	5.00	0.065
L	11	4.00	0.052
L	12	5.00	0.065
L	13	3.00	0.039
L	14	7.00	0.092
L	15	7.00	0.092
L	16	10.00	0.131
L	17	8.00	0.105
L	18	11.00	0.144
L	19	2.00	0.026
L	20	4.00	0.052
L	21	0.00	0
L	22	6.00	0.078
L	23	0.00	0
L	24	9.00	0.118
L	25	7.00	0.092
L	26	10.00	0.131
L	27	7.00	0.092
L	28	7.00	0.092
L	29	3.00	0.039
L	30	12.00	0.157
L	31	17.00	0.223
L	32	12.00	0.157
L	33	0.00	0
L	34	0.00	0
L	35	2.00	0.026
L	36	0.00	0
L	37	3.00	0.039
L	38	2.00	0.026
L	39	6.00	0.078
L	40	6.00	0.078
L	41	12.00	0.157
L	42	13.00	0.171
L	43	11.00	0.144
L	44	9.00	0.118
L	45	7.00	0.092
L	46	7.00	0.092
L	47	0.00	0
L	48	1.00	0.013
L	49	24.00	0.315
L	50	28.00	0.368
L	51	5.00	0.065
L	52	18.00	0.236
L	53	20.00	0.263
L	54	11.00	0.144
L	55	11.00	0.144
L	56	21.00	0.276
L	57	10.00	0.131
L	58	3.00	0.039
L	59	2.00	0.026
L	60	5.00	0.065
L	61	3.00	0.039
L	62	2.00	0.026
L	63	3.00	0.039
L	64	7.00	0.092
L	65	10.00	0.131
L	66	7.00	0.092
L	67	10.00	0.131
L	68	6.00	0.078
L	69	8.00	0.105
L	70	7.00	0.092
L	71	2.00	0.026
L	72	6.00	0.078
L	73	0.00	0
L	74	6.00	0.078
L	75	0.00	0
L	76	11.00	0.144
L	77	7.00	0.092
L	78	0.00	0
L	79	2.00	0.026
L	80	4.00	0.052
L	81	5.00	0.065
L	82	1.00	0.013
L	83	1.00	0.013
L	84	2.00	0.026
L	85	6.00	0.078
L	86	0.00	0
L	87	9.00	0.118
L	88	0.00	0
L	89	0.00	0
L	90	0.00	0
L	91	5.00	0.065
L	92	3.00	0.039
L	93	8.00	0.105
L	94	3.00	0.039
L	95	4.00	0.052
L	96	4.00	0.052
L	97	14.00	0.184
L	98	17.00	0.223
L	99	11.00	0.144
L	100	10.00	0.131
L	101	6.00	0.078
L	102	0.00	0
L	103	8.00	0.105
L	104	0.00	0
L	105	4.00	0.052
L	106	1.00	0.013
L	107	8.00	0.105
L	108	6.00	0.078
L	109	13.00	0.171
L	110	10.00	0.131
L	111	5.00	0.065
L	112	7.00	0.092
L	113	2.00	0.026
L	114	7.00	0.092
L	115	9.00	0.118
L	116	7.00	0.092
L	117	8.00	0.105
L	118	3.00	0.039
L	119	11.00	0.144
L	120	8.00	0.105
L	121	4.00	0.052
L	122	6.00	0.078
L	123	9.00	0.118
L	124	2.00	0.026
L	125	3.00	0.039
L	126	10.00	0.131
L	127	5.00	0.065
L	128	7.00	0.092
L	129	8.00	0.105
L	130	0.00	0
L	131	2.00	0.026
L	132	0.00	0
L	133	0.00	0
L	134	0.00	0
L	135	1.00	0.013
L	136	0.00	0
L	137	7.00	0.092
L	138	10.00	0.131
L	139	0.00	0
L	140	2.00	0.026
L	141	5.00	0.065
L	142	5.00	0.065
L	143	4.00	0.052
L	144	5.00	0.065
L	145	4.00	0.052
L	146	8.00	0.105
L	147	3.00	0.039
L	148	4.00	0.052
L	149	7.00	0.092
L	150	5.00	0.065
L	151	7.00	0.092
L	152	5.00	0.065
L	153	8.00	0.105
L	154	15.00	0.197
L	155	6.00	0.078
L	156	11.00	0.144
L	157	12.00	0.157
L	158	8.00	0.105
L	159	11.00	0.144
L	160	8.00	0.105
L	161	8.00	0.105
L	162	8.00	0.105
L	163	5.00	0.065
L	164	4.00	0.052
L	165	11.00	0.144
L	166	3.00	0.039
L	167	7.00	0.092
L	168	2.00	0.026
L	169	7.00	0.092
L	170	4.00	0.052
L	171	2.00	0.026
L	172	2.00	0.026
L	173	6.00	0.078
L	174	0.00	0
L	175	4.00	0.052
L	176	6.00	0.078
L	177	2.00	0.026
L	178	6.00	0.078
L	179	0.00	0
L	180	8.00	0.105
L	181	4.00	0.052
L	182	4.00	0.052
L	183	6.00	0.078
L	184	3.00	0.039
L	185	9.00	0.118
L	186	3.00	0.039
L	187	7.00	0.092
L	188	5.00	0.065
L	189	9.00	0.118
L	190	6.00	0.078
L	191	17.00	0.223
L	192	0.00	0
L	193	6.00	0.078
L	194	0.00	0
L	195	4.00	0.052
L	196	0.00	0
L	197	2.00	0.026
L	198	4.00	0.052
L	199	6.00	0.078
L	200	9.00	0.118
L	201	9.00	0.118
L	202	13.00	0.171
L	203	8.00	0.105
L	204	6.00	0.078
L	205	5.00	0.065
L	206	12.00	0.157
L	207	12.00	0.157
L	208	8.00	0.105
L	209	14.00	0.184
L	210	8.00	0.105
L	211	9.00	0.118
L	212	11.00	0.144
L	213	13.00	0.171
T	5	33.00	0.434
T	6	28.00	0.368
T	7	20.00	0.263
T	8	18.00	0.236
T	9	4.00	0.052
T	10	12.00	0.157
T	11	12.00	0.157
T	12	6.00	0.078
T	13	7.00	0.092
T	14	5.00	0.065
T	15	10.00	0.131
T	16	4.00	0.052
T	17	11.00	0.144
T	18	8.00	0.105
T	19	0.00	0
T	20	30.00	0.394
T	21	0.00	0
T	22	19.00	0.25
T	23	0.00	0
T	24	30.00	0.394
T	25	7.00	0.092
T	26	13.00	0.171
T	27	9.00	0.118
T	28	12.00	0.157
T	29	7.00	0.092
T	30	14.00	0.184
T	31	35.00	0.460
T	32	11.00	0.144
T	33	24.00	0.315
T	34	0.00	0
T	35	19.00	0.25
T	36	0.00	0
T	37	56.00	0.736
T	38	1.00	0.013
T	39	3.00	0.039
T	40	2.00	0.026
T	41	10.00	0.131
T	42	16.00	0.210
T	43	28.00	0.368
T	44	13.00	0.171
T	45	49.00	0.644
T	46	23.00	0.302
T	47	31.00	0.407
T	48	20.00	0.263
T	49	27.00	0.355
T	50	76.00	1
T	51	66.00	0.868
T	52	24.00	0.315
T	53	15.00	0.197
T	54	24.00	0.315
T	55	14.00	0.184
T	56	37.00	0.486
T	57	5.00	0.065
T	58	31.00	0.407
T	59	3.00	0.039
T	60	14.00	0.184
T	61	28.00	0.368
T	62	3.00	0.039
T	63	0.00	0
T	64	12.00	0.157
T	65	11.00	0.144
T	66	8.00	0.105
T	67	2.00	0.026
T	68	12.00	0.157
T	69	6.00	0.078
T	70	3.00	0.039
T	71	2.00	0.026
T	72	5.00	0.065
T	73	1.00	0.013
T	74	47.00	0.618
T	75	0.00	0
T	76	46.00	0.605
T	77	5.00	0.065
T	78	62.00	0.815
T	79	56.00	0.736
T	80	43.00	0.565
T	81	67.00	0.881
T	82	52.00	0.684
T	83	50.00	0.657
T	91	61.00	0.802
T	92	68.00	0.894
T	93	32.00	0.421
T	94	41.00	0.539
T	95	22.00	0.289
T	96	13.00	0.171
T	97	2.00	0.026
T	98	7.00	0.092
T	99	5.00	0.065
T	100	4.00	0.052
T	101	7.00	0.092
T	102	0.00	0
T	103	8.00	0.105
T	104	14.00	0.184
T	105	13.00	0.171
T	106	0.00	0
T	107	8.00	0.105
T	108	2.00	0.026
T	109	5.00	0.065
T	110	6.00	0.078
T	111	1.00	0.013
T	112	12.00	0.157
T	113	5.00	0.065
T	114	17.00	0.223
T	115	7.00	0.092
T	116	24.00	0.315
T	117	22.00	0.289
T	118	10.00	0.131
T	119	15.00	0.197
T	120	9.00	0.118
T	121	7.00	0.092
T	122	14.00	0.184
T	123	0.00	0
T	124	7.00	0.092
T	125	0.00	0
T	126	1.00	0.013
T	127	1.00	0.013
T	128	5.00	0.065
T	129	14.00	0.184
T	130	10.00	0.131
T	131	46.00	0.605
T	132	23.00	0.302
T	133	41.00	0.539
T	134	18.00	0.236
T	135	59.00	0.776
T	136	22.00	0.289
T	137	26.00	0.342
T	138	50.00	0.657
T	139	45.00	0.592
T	140	59.00	0.776
T	141	22.00	0.289
T	142	8.00	0.105
T	143	0.00	0
T	144	8.00	0.105
T	145	12.00	0.157
T	146	3.00	0.039
T	147	2.00	0.026
T	148	2.00	0.026
T	149	16.00	0.210
T	150	5.00	0.065
T	151	0.00	0
T	152	2.00	0.026
T	153	4.00	0.052
T	154	2.00	0.026
T	155	0.00	0
T	156	0.00	0
T	157	10.00	0.131
T	158	13.00	0.171
T	159	3.00	0.039
T	160	11.00	0.144
T	161	1.00	0.013
T	162	3.00	0.039
T	163	6.00	0.078
T	164	5.00	0.065
T	165	15.00	0.197
T	166	12.00	0.157
T	167	1.00	0.013
T	168	0.00	0
T	169	1.00	0.013
T	170	3.00	0.039
T	171	6.00	0.078
T	172	3.00	0.039
T	173	3.00	0.039
T	174	10.00	0.131
T	175	0.00	0
T	176	15.00	0.197
T	177	3.00	0.039
T	178	4.00	0.052
T	179	2.00	0.026
T	180	5.00	0.065
T	181	9.00	0.118
T	182	5.00	0.065
T	183	6.00	0.078
T	184	12.00	0.157
T	185	2.00	0.026
T	186	17.00	0.223
T	187	0.00	0
T	188	2.00	0.026
T	189	0.00	0
T	190	0.00	0
T	191	0.00	0
T	192	0.00	0
T	193	1.00	0.013
T	194	10.00	0.131
T	195	19.00	0.25
T	196	13.00	0.171
T	197	15.00	0.197
T	198	12.00	0.157
T	199	18.00	0.236
T	200	1.00	0.013
T	201	2.00	0.026
T	202	0.00	0
T	203	5.00	0.065
T	204	4.00	0.052
T	205	3.00	0.039
T	206	5.00	0.065
T	207	10.00	0.131
T	208	26.00	0.342
T	209	27.00	0.355
T	210	16.00	0.210
T	211	23.00	0.302
