A	403	18.00	0.818
A	404	22.00	1
A	405	14.00	0.636
A	406	12.00	0.545
A	407	9.00	0.409
A	408	8.00	0.363
A	409	4.00	0.181
A	410	0.00	0
A	411	4.00	0.181
A	412	0.00	0
A	413	5.00	0.227
A	414	19.00	0.863
A	415	12.00	0.545
A	416	4.00	0.181
A	417	8.00	0.363
A	418	1.00	0.045
A	419	1.00	0.045
A	420	0.00	0
A	421	8.00	0.363
A	422	11.00	0.5
A	423	13.00	0.590
A	424	16.00	0.727
A	425	7.00	0.318
A	426	1.00	0.045
A	427	0.00	0
A	428	0.00	0
A	429	4.00	0.181
A	430	0.00	0
A	431	7.00	0.318
A	432	1.00	0.045
A	433	17.00	0.772
A	434	0.00	0
A	435	11.00	0.5
A	436	8.00	0.363
A	437	13.00	0.590
A	438	11.00	0.5
A	439	17.00	0.772
A	440	18.00	0.818
A	441	0.00	0
A	442	17.00	0.772
A	443	4.00	0.181
A	444	12.00	0.545
A	445	3.00	0.136
A	446	4.00	0.181
A	447	0.00	0
A	448	7.00	0.318
A	449	5.00	0.227
A	450	5.00	0.227
A	451	10.00	0.454
A	452	11.00	0.5
A	453	12.00	0.545
A	454	2.00	0.090
A	455	6.00	0.272
A	456	13.00	0.590
A	457	1.00	0.045
A	458	14.00	0.636
A	459	20.00	0.909
A	460	14.00	0.636
A	461	5.00	0.227
A	462	10.00	0.454
A	463	5.00	0.227
A	464	7.00	0.318
A	465	7.00	0.318
A	466	1.00	0.045
A	467	8.00	0.363
A	468	0.00	0
A	469	8.00	0.363
A	470	0.00	0
A	471	14.00	0.636
A	472	13.00	0.590
A	473	9.00	0.409
A	474	3.00	0.136
A	475	6.00	0.272
A	476	5.00	0.227
A	477	10.00	0.454
A	478	9.00	0.409
A	479	7.00	0.318
A	480	12.00	0.545
A	481	11.00	0.5
A	482	6.00	0.272
A	483	5.00	0.227
A	484	0.00	0
A	485	3.00	0.136
A	486	10.00	0.454
A	487	8.00	0.363
A	488	8.00	0.363
A	489	5.00	0.227
A	490	8.00	0.363
A	491	1.00	0.045
A	492	2.00	0.090
A	493	7.00	0.318
A	494	12.00	0.545
A	495	11.00	0.5
A	496	4.00	0.181
A	497	5.00	0.227
A	498	9.00	0.409
A	499	6.00	0.272
A	500	16.00	0.727
A	501	16.00	0.727
A	502	17.00	0.772
A	503	6.00	0.272
A	504	18.00	0.818
A	505	5.00	0.227
A	506	3.00	0.136
A	507	7.00	0.318
A	508	3.00	0.136
A	509	1.00	0.045
A	510	0.00	0
A	511	0.00	0
A	512	5.00	0.227
A	513	6.00	0.272
A	514	8.00	0.363
A	515	7.00	0.318
A	516	2.00	0.090
A	517	13.00	0.590
A	518	11.00	0.5
A	519	17.00	0.772
A	520	12.00	0.545
A	521	5.00	0.227
A	522	14.00	0.636
A	523	21.00	0.954
A	524	13.00	0.590
A	525	6.00	0.272
A	526	2.00	0.090
A	527	16.00	0.727
A	528	16.00	0.727
A	529	22.00	1
A	530	14.00	0.636
A	531	8.00	0.363
A	532	12.00	0.545
A	533	15.00	0.681
A	534	0.00	0
A	535	9.00	0.409
A	536	9.00	0.409
A	537	13.00	0.590
A	538	18.00	0.818
A	539	17.00	0.772
A	540	7.00	0.318
A	541	7.00	0.318
A	542	4.00	0.181
A	543	9.00	0.409
A	544	2.00	0.090
A	545	12.00	0.545
A	546	2.00	0.090
A	547	5.00	0.227
A	548	0.00	0
A	549	0.00	0
A	550	7.00	0.318
A	551	11.00	0.5
A	552	13.00	0.590
A	553	11.00	0.5
A	554	16.00	0.727
A	555	17.00	0.772
A	556	5.00	0.227
A	557	10.00	0.454
A	558	0.00	0
A	559	0.00	0
A	560	5.00	0.227
A	561	0.00	0
A	562	8.00	0.363
A	563	0.00	0
A	564	6.00	0.272
A	565	5.00	0.227
A	566	3.00	0.136
A	567	12.00	0.545
A	568	12.00	0.545
A	569	3.00	0.136
A	570	16.00	0.727
A	571	13.00	0.590
A	572	5.00	0.227
A	573	12.00	0.545
A	574	0.00	0
A	575	7.00	0.318
A	576	2.00	0.090
A	577	11.00	0.5
A	578	14.00	0.636
A	579	8.00	0.363
A	580	13.00	0.590
A	581	11.00	0.5
A	582	13.00	0.590
A	583	8.00	0.363
A	584	13.00	0.590
A	585	7.00	0.318
A	586	7.00	0.318
A	587	9.00	0.409
