chain	res	score	prob
A	4	28.00	0.903
A	5	27.00	0.870
A	6	26.00	0.838
A	7	18.00	0.580
A	8	0.00	0
A	9	19.00	0.612
A	10	1.00	0.032
A	11	3.00	0.096
A	12	0.00	0
A	13	7.00	0.225
A	14	2.00	0.064
A	15	14.00	0.451
A	16	15.00	0.483
A	17	24.00	0.774
A	18	24.00	0.774
A	19	26.00	0.838
A	20	27.00	0.870
A	21	21.00	0.677
A	22	20.00	0.645
A	23	7.00	0.225
A	24	10.00	0.322
A	25	0.00	0
A	26	24.00	0.774
A	27	0.00	0
A	28	1.00	0.032
A	29	0.00	0
A	30	16.00	0.516
A	31	0.00	0
A	32	21.00	0.677
A	33	26.00	0.838
A	34	19.00	0.612
A	35	24.00	0.774
A	36	0.00	0
A	37	0.00	0
A	38	10.00	0.322
A	39	2.00	0.064
A	40	21.00	0.677
A	41	24.00	0.774
A	42	23.00	0.741
A	43	22.00	0.709
A	44	28.00	0.903
A	45	25.00	0.806
A	46	14.00	0.451
A	47	24.00	0.774
A	48	23.00	0.741
A	49	28.00	0.903
A	50	19.00	0.612
A	51	21.00	0.677
A	52	2.00	0.064
A	53	0.00	0
A	54	25.00	0.806
A	55	21.00	0.677
A	56	27.00	0.870
A	57	17.00	0.548
A	58	23.00	0.741
A	59	24.00	0.774
A	60	27.00	0.870
A	61	29.00	0.935
A	62	25.00	0.806
A	63	25.00	0.806
A	64	24.00	0.774
A	65	3.00	0.096
A	66	16.00	0.516
A	67	19.00	0.612
A	68	22.00	0.709
A	69	0.00	0
A	70	25.00	0.806
A	71	8.00	0.258
A	72	16.00	0.516
A	73	1.00	0.032
A	74	16.00	0.516
A	75	23.00	0.741
A	76	0.00	0
A	77	0.00	0
A	78	1.00	0.032
A	79	4.00	0.129
A	80	0.00	0
A	81	22.00	0.709
A	82	1.00	0.032
A	83	0.00	0
A	84	11.00	0.354
A	85	22.00	0.709
A	86	19.00	0.612
A	87	8.00	0.258
A	88	24.00	0.774
A	89	20.00	0.645
A	90	22.00	0.709
A	91	26.00	0.838
A	92	23.00	0.741
A	93	24.00	0.774
A	94	15.00	0.483
A	95	13.00	0.419
A	96	0.00	0
A	97	0.00	0
A	98	0.00	0
A	99	20.00	0.645
A	100	0.00	0
A	101	0.00	0
A	102	0.00	0
A	103	24.00	0.774
A	104	10.00	0.322
A	105	26.00	0.838
A	106	20.00	0.645
A	107	24.00	0.774
A	108	22.00	0.709
A	109	23.00	0.741
A	110	23.00	0.741
A	111	23.00	0.741
A	112	19.00	0.612
A	113	25.00	0.806
A	114	0.00	0
A	115	26.00	0.838
A	116	1.00	0.032
A	117	0.00	0
A	118	7.00	0.225
A	119	22.00	0.709
A	120	0.00	0
A	121	26.00	0.838
A	122	24.00	0.774
A	123	0.00	0
A	124	0.00	0
A	125	27.00	0.870
A	126	5.00	0.161
A	127	23.00	0.741
A	128	17.00	0.548
A	129	25.00	0.806
A	130	22.00	0.709
A	131	28.00	0.903
A	132	23.00	0.741
A	133	1.00	0.032
A	134	29.00	0.935
A	135	18.00	0.580
A	136	24.00	0.774
A	137	24.00	0.774
A	138	22.00	0.709
A	139	26.00	0.838
A	140	0.00	0
A	141	11.00	0.354
A	142	20.00	0.645
A	143	0.00	0
A	144	22.00	0.709
A	145	20.00	0.645
A	146	19.00	0.612
A	147	1.00	0.032
A	148	14.00	0.451
A	149	26.00	0.838
A	150	2.00	0.064
A	151	24.00	0.774
A	152	28.00	0.903
A	153	15.00	0.483
A	154	1.00	0.032
A	155	26.00	0.838
A	156	22.00	0.709
A	157	3.00	0.096
A	158	27.00	0.870
A	159	20.00	0.645
A	160	22.00	0.709
A	161	0.00	0
A	162	23.00	0.741
A	163	27.00	0.870
A	164	25.00	0.806
A	165	0.00	0
A	166	11.00	0.354
A	167	23.00	0.741
A	168	22.00	0.709
A	169	0.00	0
A	170	24.00	0.774
A	171	25.00	0.806
A	172	1.00	0.032
A	173	18.00	0.580
A	174	24.00	0.774
A	175	20.00	0.645
A	176	0.00	0
A	177	28.00	0.903
A	178	19.00	0.612
A	179	24.00	0.774
A	180	11.00	0.354
A	181	24.00	0.774
A	182	23.00	0.741
A	183	24.00	0.774
A	184	24.00	0.774
A	185	25.00	0.806
A	186	13.00	0.419
A	187	24.00	0.774
A	188	15.00	0.483
A	189	25.00	0.806
A	190	17.00	0.548
A	191	24.00	0.774
A	192	27.00	0.870
A	193	24.00	0.774
A	194	27.00	0.870
A	195	21.00	0.677
A	196	24.00	0.774
A	197	24.00	0.774
A	198	3.00	0.096
A	199	1.00	0.032
A	200	23.00	0.741
A	201	0.00	0
A	202	13.00	0.419
A	203	0.00	0
A	204	6.00	0.193
A	205	0.00	0
A	206	0.00	0
A	207	24.00	0.774
A	208	0.00	0
A	209	22.00	0.709
A	210	19.00	0.612
A	211	25.00	0.806
A	212	23.00	0.741
A	213	14.00	0.451
A	214	24.00	0.774
A	215	10.00	0.322
A	216	26.00	0.838
A	217	1.00	0.032
A	218	7.00	0.225
A	219	26.00	0.838
A	220	25.00	0.806
A	221	24.00	0.774
A	222	23.00	0.741
A	223	21.00	0.677
A	224	23.00	0.741
A	225	25.00	0.806
A	226	25.00	0.806
A	227	25.00	0.806
A	228	27.00	0.870
A	229	16.00	0.516
A	230	25.00	0.806
A	231	23.00	0.741
A	232	25.00	0.806
A	233	22.00	0.709
A	234	22.00	0.709
A	235	1.00	0.032
A	236	16.00	0.516
A	237	3.00	0.096
A	238	16.00	0.516
A	239	25.00	0.806
A	240	20.00	0.645
A	241	17.00	0.548
A	242	22.00	0.709
A	243	0.00	0
A	244	0.00	0
A	245	16.00	0.516
A	246	0.00	0
A	247	19.00	0.612
A	248	1.00	0.032
A	249	20.00	0.645
A	250	0.00	0
A	251	16.00	0.516
A	252	25.00	0.806
A	253	20.00	0.645
A	254	24.00	0.774
A	255	19.00	0.612
A	256	24.00	0.774
A	257	26.00	0.838
A	258	12.00	0.387
A	259	5.00	0.161
A	260	0.00	0
A	261	27.00	0.870
A	262	0.00	0
A	263	24.00	0.774
A	264	15.00	0.483
A	265	24.00	0.774
A	266	18.00	0.580
A	267	26.00	0.838
A	268	26.00	0.838
A	269	25.00	0.806
A	270	23.00	0.741
A	271	26.00	0.838
A	272	27.00	0.870
A	273	15.00	0.483
A	274	28.00	0.903
A	275	26.00	0.838
B	1	27.00	0.870
B	2	25.00	0.806
B	3	28.00	0.903
B	4	20.00	0.645
B	5	9.00	0.290
B	6	24.00	0.774
B	7	17.00	0.548
B	8	21.00	0.677
B	9	13.00	0.419
B	10	2.00	0.064
B	11	0.00	0
B	12	20.00	0.645
B	13	25.00	0.806
B	14	24.00	0.774
B	15	21.00	0.677
B	16	24.00	0.774
B	17	23.00	0.741
B	18	20.00	0.645
B	19	25.00	0.806
B	20	25.00	0.806
B	21	7.00	0.225
B	22	22.00	0.709
B	23	0.00	0
B	24	0.00	0
B	25	0.00	0
B	26	22.00	0.709
B	27	0.00	0
B	28	19.00	0.612
B	29	18.00	0.580
B	30	0.00	0
B	31	2.00	0.064
B	32	18.00	0.580
B	33	21.00	0.677
B	34	23.00	0.741
B	35	15.00	0.483
B	36	23.00	0.741
B	37	10.00	0.322
B	38	16.00	0.516
B	39	0.00	0
B	40	9.00	0.290
B	41	27.00	0.870
B	42	22.00	0.709
B	43	20.00	0.645
B	44	24.00	0.774
B	45	26.00	0.838
B	46	26.00	0.838
B	47	24.00	0.774
B	48	25.00	0.806
B	49	23.00	0.741
B	50	23.00	0.741
B	51	26.00	0.838
B	52	24.00	0.774
B	53	18.00	0.580
B	54	24.00	0.774
B	55	2.00	0.064
B	56	9.00	0.290
B	57	23.00	0.741
B	58	27.00	0.870
B	59	25.00	0.806
B	60	3.00	0.096
B	61	3.00	0.096
B	62	1.00	0.032
B	63	25.00	0.806
B	64	7.00	0.225
B	65	1.00	0.032
B	66	22.00	0.709
B	67	23.00	0.741
B	68	6.00	0.193
B	69	24.00	0.774
B	70	6.00	0.193
B	71	23.00	0.741
B	72	1.00	0.032
B	73	21.00	0.677
B	74	22.00	0.709
B	75	25.00	0.806
B	76	22.00	0.709
B	77	24.00	0.774
B	78	7.00	0.225
B	79	7.00	0.225
B	80	0.00	0
B	81	28.00	0.903
B	82	0.00	0
B	83	25.00	0.806
B	84	10.00	0.322
B	85	26.00	0.838
B	86	21.00	0.677
B	87	21.00	0.677
B	88	25.00	0.806
B	89	23.00	0.741
B	90	25.00	0.806
B	91	24.00	0.774
B	92	27.00	0.870
B	93	24.00	0.774
B	94	25.00	0.806
B	95	13.00	0.419
B	96	25.00	0.806
B	97	26.00	0.838
B	98	24.00	0.774
B	99	26.00	0.838
C	122	27.00	0.870
C	123	28.00	0.903
C	124	25.00	0.806
C	125	26.00	0.838
C	126	24.00	0.774
C	127	0.00	0
C	128	25.00	0.806
C	129	23.00	0.741
C	130	25.00	0.806
C	131	0.00	0
C	132	21.00	0.677
C	133	23.00	0.741
C	134	26.00	0.838
C	135	0.00	0
C	136	25.00	0.806
C	137	23.00	0.741
C	138	16.00	0.516
C	139	24.00	0.774
C	140	0.00	0
C	141	20.00	0.645
C	142	22.00	0.709
C	143	11.00	0.354
C	144	0.00	0
C	145	25.00	0.806
C	146	26.00	0.838
C	147	0.00	0
C	148	14.00	0.451
C	149	21.00	0.677
C	150	24.00	0.774
C	151	21.00	0.677
C	152	16.00	0.516
C	153	24.00	0.774
C	154	21.00	0.677
C	155	0.00	0
C	156	21.00	0.677
C	157	0.00	0
C	158	16.00	0.516
C	159	18.00	0.580
C	160	25.00	0.806
C	161	26.00	0.838
C	162	4.00	0.129
C	163	24.00	0.774
C	164	22.00	0.709
C	165	0.00	0
C	166	0.00	0
C	167	25.00	0.806
C	168	28.00	0.903
C	169	0.00	0
C	170	17.00	0.548
C	171	22.00	0.709
C	172	28.00	0.903
C	173	0.00	0
C	174	24.00	0.774
C	175	24.00	0.774
C	176	10.00	0.322
C	177	24.00	0.774
C	178	13.00	0.419
C	179	23.00	0.741
C	180	24.00	0.774
C	181	15.00	0.483
C	182	23.00	0.741
C	183	28.00	0.903
C	184	14.00	0.451
C	185	23.00	0.741
C	186	0.00	0
C	187	27.00	0.870
C	188	0.00	0
C	189	25.00	0.806
C	190	0.00	0
C	191	6.00	0.193
C	192	19.00	0.612
C	193	23.00	0.741
C	194	26.00	0.838
C	195	24.00	0.774
C	196	22.00	0.709
C	197	26.00	0.838
C	198	3.00	0.096
C	199	15.00	0.483
C	200	0.00	0
C	201	22.00	0.709
C	202	0.00	0
C	203	12.00	0.387
C	204	24.00	0.774
C	205	25.00	0.806
C	206	24.00	0.774
C	207	19.00	0.612
C	208	26.00	0.838
C	209	24.00	0.774
C	210	26.00	0.838
C	211	26.00	0.838
C	212	26.00	0.838
C	213	10.00	0.322
C	214	19.00	0.612
C	215	23.00	0.741
C	216	12.00	0.387
C	217	18.00	0.580
C	218	0.00	0
C	219	1.00	0.032
C	220	0.00	0
C	221	0.00	0
C	222	3.00	0.096
C	223	2.00	0.064
C	224	25.00	0.806
C	225	23.00	0.741
C	226	19.00	0.612
C	227	21.00	0.677
C	228	15.00	0.483
C	229	24.00	0.774
C	230	10.00	0.322
C	231	24.00	0.774
C	232	0.00	0
C	233	0.00	0
C	234	0.00	0
C	235	0.00	0
C	236	3.00	0.096
C	237	10.00	0.322
C	238	0.00	0
C	239	21.00	0.677
C	240	24.00	0.774
C	241	25.00	0.806
C	242	22.00	0.709
C	243	10.00	0.322
C	244	24.00	0.774
C	245	24.00	0.774
C	246	16.00	0.516
C	247	27.00	0.870
C	248	20.00	0.645
C	249	20.00	0.645
C	250	5.00	0.161
C	251	24.00	0.774
C	252	18.00	0.580
C	253	0.00	0
C	254	0.00	0
C	255	0.00	0
C	256	0.00	0
C	257	0.00	0
C	258	0.00	0
C	259	4.00	0.129
C	260	13.00	0.419
C	261	25.00	0.806
C	262	27.00	0.870
C	263	14.00	0.451
C	264	15.00	0.483
C	265	0.00	0
C	266	25.00	0.806
C	267	0.00	0
C	268	0.00	0
C	269	20.00	0.645
C	270	18.00	0.580
C	271	0.00	0
C	272	21.00	0.677
C	273	21.00	0.677
C	274	26.00	0.838
C	275	26.00	0.838
C	276	4.00	0.129
C	277	24.00	0.774
C	278	0.00	0
C	279	0.00	0
C	280	0.00	0
C	281	0.00	0
C	282	0.00	0
C	283	2.00	0.064
C	284	4.00	0.129
C	285	27.00	0.870
C	286	23.00	0.741
C	287	26.00	0.838
C	288	9.00	0.290
C	289	21.00	0.677
C	290	6.00	0.193
C	291	27.00	0.870
C	292	21.00	0.677
C	293	17.00	0.548
C	294	24.00	0.774
C	295	6.00	0.193
C	296	20.00	0.645
C	297	2.00	0.064
C	298	9.00	0.290
C	299	6.00	0.193
C	300	16.00	0.516
C	301	0.00	0
C	302	1.00	0.032
C	303	23.00	0.741
C	304	3.00	0.096
C	305	11.00	0.354
C	306	0.00	0
C	307	3.00	0.096
C	308	0.00	0
C	309	23.00	0.741
C	310	0.00	0
C	311	12.00	0.387
C	312	8.00	0.258
C	313	0.00	0
C	314	0.00	0
C	315	0.00	0
C	316	11.00	0.354
C	317	23.00	0.741
C	318	17.00	0.548
C	319	0.00	0
C	320	18.00	0.580
C	321	26.00	0.838
C	322	2.00	0.064
C	323	23.00	0.741
C	324	14.00	0.451
C	325	25.00	0.806
C	326	14.00	0.451
C	327	23.00	0.741
C	328	13.00	0.419
C	329	6.00	0.193
C	330	7.00	0.225
C	331	23.00	0.741
C	332	9.00	0.290
C	333	1.00	0.032
C	334	0.00	0
C	335	0.00	0
C	336	0.00	0
C	337	0.00	0
C	338	0.00	0
C	339	16.00	0.516
C	340	14.00	0.451
C	341	0.00	0
C	342	0.00	0
C	343	24.00	0.774
C	344	24.00	0.774
C	345	0.00	0
C	346	0.00	0
C	347	20.00	0.645
C	348	14.00	0.451
C	349	7.00	0.225
C	350	25.00	0.806
C	351	18.00	0.580
C	352	25.00	0.806
C	353	17.00	0.548
C	354	12.00	0.387
C	355	24.00	0.774
C	356	25.00	0.806
C	357	25.00	0.806
C	358	25.00	0.806
C	359	12.00	0.387
C	360	18.00	0.580
C	361	24.00	0.774
C	362	22.00	0.709
C	363	1.00	0.032
C	364	30.00	0.967
C	365	10.00	0.322
C	366	20.00	0.645
C	367	5.00	0.161
C	368	19.00	0.612
C	369	25.00	0.806
C	370	23.00	0.741
C	371	25.00	0.806
C	372	19.00	0.612
C	373	0.00	0
C	374	27.00	0.870
C	375	0.00	0
C	376	21.00	0.677
C	377	1.00	0.032
C	378	21.00	0.677
C	379	2.00	0.064
C	380	23.00	0.741
C	381	25.00	0.806
C	382	23.00	0.741
C	383	22.00	0.709
C	384	8.00	0.258
C	385	26.00	0.838
C	386	0.00	0
C	387	1.00	0.032
C	388	0.00	0
C	389	0.00	0
C	390	0.00	0
C	391	0.00	0
C	392	0.00	0
C	393	3.00	0.096
C	394	25.00	0.806
C	395	11.00	0.354
C	396	28.00	0.903
C	397	27.00	0.870
C	398	14.00	0.451
C	399	19.00	0.612
C	400	12.00	0.387
C	401	1.00	0.032
C	402	0.00	0
C	403	0.00	0
C	404	0.00	0
C	405	0.00	0
C	406	0.00	0
C	407	0.00	0
C	408	17.00	0.548
C	409	0.00	0
C	410	1.00	0.032
C	411	0.00	0
C	412	23.00	0.741
C	413	8.00	0.258
C	414	15.00	0.483
C	415	2.00	0.064
C	416	0.00	0
C	417	0.00	0
C	418	25.00	0.806
C	419	0.00	0
C	420	0.00	0
C	421	0.00	0
C	422	0.00	0
C	423	0.00	0
C	424	0.00	0
C	425	0.00	0
C	426	0.00	0
C	427	0.00	0
C	428	18.00	0.580
C	429	0.00	0
C	430	0.00	0
C	431	25.00	0.806
C	432	1.00	0.032
C	433	0.00	0
C	434	4.00	0.129
C	435	28.00	0.903
C	436	0.00	0
C	437	18.00	0.580
C	438	26.00	0.838
C	439	24.00	0.774
C	440	20.00	0.645
C	441	15.00	0.483
C	442	1.00	0.032
C	443	27.00	0.870
C	444	0.00	0
C	445	19.00	0.612
C	446	0.00	0
C	447	0.00	0
C	448	0.00	0
C	449	0.00	0
C	450	0.00	0
C	451	0.00	0
C	452	0.00	0
C	453	3.00	0.096
C	454	0.00	0
C	455	0.00	0
C	456	11.00	0.354
C	457	11.00	0.354
C	458	1.00	0.032
C	459	2.00	0.064
C	460	4.00	0.129
C	461	0.00	0
C	462	0.00	0
C	463	0.00	0
C	464	2.00	0.064
C	465	0.00	0
C	466	0.00	0
C	467	0.00	0
C	468	5.00	0.161
C	469	1.00	0.032
C	470	15.00	0.483
C	471	22.00	0.709
C	472	11.00	0.354
C	473	8.00	0.258
C	474	1.00	0.032
C	475	17.00	0.548
C	476	17.00	0.548
C	477	24.00	0.774
C	478	3.00	0.096
C	479	0.00	0
C	480	0.00	0
C	481	0.00	0
C	482	0.00	0
C	483	0.00	0
C	484	0.00	0
C	485	13.00	0.419
C	486	25.00	0.806
C	487	0.00	0
C	488	0.00	0
C	489	15.00	0.483
C	490	3.00	0.096
C	491	16.00	0.516
C	492	23.00	0.741
C	493	21.00	0.677
C	494	14.00	0.451
C	495	23.00	0.741
C	496	7.00	0.225
C	497	18.00	0.580
C	498	6.00	0.193
C	499	0.00	0
C	500	0.00	0
C	501	0.00	0
C	502	0.00	0
C	503	11.00	0.354
C	504	16.00	0.516
C	505	0.00	0
C	506	0.00	0
C	507	24.00	0.774
C	508	24.00	0.774
C	509	1.00	0.032
C	510	8.00	0.258
C	511	25.00	0.806
C	512	21.00	0.677
C	513	0.00	0
C	514	25.00	0.806
C	515	20.00	0.645
C	516	8.00	0.258
C	517	26.00	0.838
C	518	22.00	0.709
C	519	18.00	0.580
C	520	25.00	0.806
C	521	28.00	0.903
C	522	11.00	0.354
C	523	25.00	0.806
C	524	26.00	0.838
C	525	24.00	0.774
C	526	22.00	0.709
C	527	24.00	0.774
C	528	15.00	0.483
C	529	19.00	0.612
C	530	23.00	0.741
C	531	23.00	0.741
C	532	25.00	0.806
C	533	25.00	0.806
C	534	22.00	0.709
C	535	6.00	0.193
C	536	20.00	0.645
C	537	15.00	0.483
C	538	24.00	0.774
C	539	22.00	0.709
C	540	9.00	0.290
C	541	0.00	0
C	542	4.00	0.129
C	543	0.00	0
C	544	0.00	0
C	545	1.00	0.032
C	546	0.00	0
C	547	13.00	0.419
C	548	13.00	0.419
C	549	6.00	0.193
C	550	2.00	0.064
C	551	4.00	0.129
C	552	0.00	0
C	553	0.00	0
C	554	16.00	0.516
C	555	0.00	0
C	556	15.00	0.483
C	557	0.00	0
C	558	7.00	0.225
C	559	24.00	0.774
C	560	25.00	0.806
C	561	23.00	0.741
C	562	24.00	0.774
C	563	2.00	0.064
C	564	2.00	0.064
C	565	20.00	0.645
C	566	24.00	0.774
C	567	4.00	0.129
C	568	0.00	0
C	569	20.00	0.645
C	570	27.00	0.870
C	571	3.00	0.096
C	572	18.00	0.580
C	573	13.00	0.419
C	574	26.00	0.838
C	575	23.00	0.741
C	576	0.00	0
C	577	24.00	0.774
C	578	23.00	0.741
C	579	28.00	0.903
C	580	4.00	0.129
C	581	23.00	0.741
C	582	23.00	0.741
C	583	0.00	0
C	584	23.00	0.741
C	585	25.00	0.806
C	586	0.00	0
C	587	0.00	0
C	588	25.00	0.806
C	589	0.00	0
C	590	0.00	0
C	591	0.00	0
C	592	14.00	0.451
C	593	0.00	0
C	594	0.00	0
C	595	0.00	0
C	596	0.00	0
C	597	0.00	0
C	598	0.00	0
C	599	0.00	0
C	600	20.00	0.645
C	601	0.00	0
C	602	0.00	0
C	603	24.00	0.774
C	604	25.00	0.806
C	605	22.00	0.709
C	606	23.00	0.741
C	607	11.00	0.354
C	608	20.00	0.645
C	609	3.00	0.096
C	610	23.00	0.741
C	611	10.00	0.322
C	612	21.00	0.677
C	613	26.00	0.838
C	614	0.00	0
C	615	1.00	0.032
C	616	24.00	0.774
C	617	26.00	0.838
C	618	0.00	0
C	619	0.00	0
C	620	18.00	0.580
C	621	5.00	0.161
C	622	0.00	0
C	623	27.00	0.870
C	624	24.00	0.774
C	625	0.00	0
C	626	18.00	0.580
C	627	24.00	0.774
C	628	5.00	0.161
C	629	10.00	0.322
C	630	21.00	0.677
C	631	8.00	0.258
C	632	0.00	0
C	633	25.00	0.806
C	634	25.00	0.806
C	635	9.00	0.290
C	636	19.00	0.612
C	637	15.00	0.483
C	638	20.00	0.645
C	639	3.00	0.096
C	640	0.00	0
C	641	23.00	0.741
C	642	1.00	0.032
C	643	4.00	0.129
C	644	8.00	0.258
C	645	0.00	0
C	646	13.00	0.419
C	647	8.00	0.258
C	648	23.00	0.741
C	649	0.00	0
C	650	6.00	0.193
C	651	28.00	0.903
C	652	0.00	0
C	653	0.00	0
C	654	16.00	0.516
C	655	26.00	0.838
C	656	0.00	0
C	657	21.00	0.677
C	658	19.00	0.612
C	659	24.00	0.774
C	660	13.00	0.419
C	661	19.00	0.612
C	662	21.00	0.677
C	663	16.00	0.516
C	664	22.00	0.709
C	665	22.00	0.709
C	666	24.00	0.774
C	667	22.00	0.709
C	668	24.00	0.774
C	669	16.00	0.516
C	670	25.00	0.806
C	671	1.00	0.032
C	672	17.00	0.548
C	673	26.00	0.838
C	674	5.00	0.161
C	675	1.00	0.032
C	676	21.00	0.677
C	677	22.00	0.709
C	678	0.00	0
C	679	10.00	0.322
C	680	17.00	0.548
C	681	1.00	0.032
C	682	0.00	0
C	683	22.00	0.709
C	684	13.00	0.419
C	685	0.00	0
C	686	1.00	0.032
C	687	2.00	0.064
C	688	16.00	0.516
C	689	11.00	0.354
C	690	15.00	0.483
C	691	10.00	0.322
C	692	15.00	0.483
C	693	25.00	0.806
C	694	24.00	0.774
C	695	20.00	0.645
C	696	19.00	0.612
C	697	11.00	0.354
C	698	22.00	0.709
C	699	0.00	0
C	700	0.00	0
C	701	8.00	0.258
C	702	23.00	0.741
C	703	11.00	0.354
C	704	23.00	0.741
C	705	18.00	0.580
C	706	22.00	0.709
C	707	14.00	0.451
C	708	5.00	0.161
C	709	1.00	0.032
C	710	22.00	0.709
C	711	14.00	0.451
C	712	0.00	0
C	713	18.00	0.580
C	714	25.00	0.806
C	715	9.00	0.290
C	716	0.00	0
C	717	27.00	0.870
C	718	24.00	0.774
C	719	25.00	0.806
C	720	25.00	0.806
C	721	25.00	0.806
C	722	25.00	0.806
C	723	25.00	0.806
C	724	19.00	0.612
C	725	24.00	0.774
C	726	18.00	0.580
C	727	19.00	0.612
C	728	24.00	0.774
C	729	22.00	0.709
C	730	25.00	0.806
C	731	0.00	0
C	732	28.00	0.903
C	733	21.00	0.677
C	734	8.00	0.258
C	735	1.00	0.032
C	736	1.00	0.032
C	737	21.00	0.677
C	738	3.00	0.096
C	739	0.00	0
C	740	9.00	0.290
C	741	3.00	0.096
C	742	0.00	0
C	743	5.00	0.161
C	744	4.00	0.129
C	745	2.00	0.064
C	746	0.00	0
C	747	17.00	0.548
C	748	11.00	0.354
C	749	1.00	0.032
C	750	9.00	0.290
C	751	7.00	0.225
C	752	19.00	0.612
C	753	2.00	0.064
C	754	4.00	0.129
C	755	23.00	0.741
C	756	30.00	0.967
D	4	28.00	0.903
D	5	27.00	0.870
D	6	24.00	0.774
D	7	19.00	0.612
D	8	0.00	0
D	9	19.00	0.612
D	10	1.00	0.032
D	11	5.00	0.161
D	12	0.00	0
D	13	4.00	0.129
D	14	2.00	0.064
D	15	14.00	0.451
D	16	13.00	0.419
D	17	24.00	0.774
D	18	23.00	0.741
D	19	25.00	0.806
D	20	26.00	0.838
D	21	19.00	0.612
D	22	27.00	0.870
D	23	8.00	0.258
D	24	8.00	0.258
D	25	0.00	0
D	26	21.00	0.677
D	27	0.00	0
D	28	1.00	0.032
D	29	0.00	0
D	30	19.00	0.612
D	31	0.00	0
D	32	21.00	0.677
D	33	25.00	0.806
D	34	19.00	0.612
D	35	24.00	0.774
D	36	0.00	0
D	37	0.00	0
D	38	11.00	0.354
D	39	2.00	0.064
D	40	18.00	0.580
D	41	23.00	0.741
D	42	23.00	0.741
D	43	21.00	0.677
D	44	27.00	0.870
D	45	26.00	0.838
D	46	13.00	0.419
D	47	23.00	0.741
D	48	24.00	0.774
D	49	28.00	0.903
D	50	19.00	0.612
D	51	22.00	0.709
D	52	2.00	0.064
D	53	0.00	0
D	54	24.00	0.774
D	55	21.00	0.677
D	56	26.00	0.838
D	57	17.00	0.548
D	58	23.00	0.741
D	59	24.00	0.774
D	60	24.00	0.774
D	61	27.00	0.870
D	62	25.00	0.806
D	63	25.00	0.806
D	64	24.00	0.774
D	65	2.00	0.064
D	66	18.00	0.580
D	67	21.00	0.677
D	68	24.00	0.774
D	69	0.00	0
D	70	25.00	0.806
D	71	8.00	0.258
D	72	15.00	0.483
D	73	1.00	0.032
D	74	16.00	0.516
D	75	22.00	0.709
D	76	0.00	0
D	77	0.00	0
D	78	1.00	0.032
D	79	4.00	0.129
D	80	0.00	0
D	81	21.00	0.677
D	82	1.00	0.032
D	83	0.00	0
D	84	12.00	0.387
D	85	23.00	0.741
D	86	20.00	0.645
D	87	10.00	0.322
D	88	24.00	0.774
D	89	19.00	0.612
D	90	22.00	0.709
D	91	26.00	0.838
D	92	27.00	0.870
D	93	26.00	0.838
D	94	14.00	0.451
D	95	12.00	0.387
D	96	0.00	0
D	97	0.00	0
D	98	0.00	0
D	99	21.00	0.677
D	100	0.00	0
D	101	0.00	0
D	102	0.00	0
D	103	24.00	0.774
D	104	11.00	0.354
D	105	26.00	0.838
D	106	19.00	0.612
D	107	24.00	0.774
D	108	23.00	0.741
D	109	23.00	0.741
D	110	24.00	0.774
D	111	24.00	0.774
D	112	18.00	0.580
D	113	27.00	0.870
D	114	0.00	0
D	115	24.00	0.774
D	116	1.00	0.032
D	117	0.00	0
D	118	7.00	0.225
D	119	24.00	0.774
D	120	0.00	0
D	121	26.00	0.838
D	122	24.00	0.774
D	123	0.00	0
D	124	0.00	0
D	125	25.00	0.806
D	126	6.00	0.193
D	127	23.00	0.741
D	128	17.00	0.548
D	129	25.00	0.806
D	130	21.00	0.677
D	131	28.00	0.903
D	132	25.00	0.806
D	133	1.00	0.032
D	134	27.00	0.870
D	135	24.00	0.774
D	136	24.00	0.774
D	137	24.00	0.774
D	138	24.00	0.774
D	139	26.00	0.838
D	140	0.00	0
D	141	28.00	0.903
D	142	22.00	0.709
D	143	1.00	0.032
D	144	26.00	0.838
D	145	22.00	0.709
D	146	22.00	0.709
D	147	0.00	0
D	148	15.00	0.483
D	149	25.00	0.806
D	150	0.00	0
D	151	25.00	0.806
D	152	22.00	0.709
D	153	16.00	0.516
D	154	1.00	0.032
D	155	25.00	0.806
D	156	21.00	0.677
D	157	2.00	0.064
D	158	27.00	0.870
D	159	21.00	0.677
D	160	20.00	0.645
D	161	0.00	0
D	162	23.00	0.741
D	163	28.00	0.903
D	164	25.00	0.806
D	165	0.00	0
D	166	11.00	0.354
D	167	22.00	0.709
D	168	22.00	0.709
D	169	0.00	0
D	170	24.00	0.774
D	171	25.00	0.806
D	172	1.00	0.032
D	173	18.00	0.580
D	174	24.00	0.774
D	175	20.00	0.645
D	176	0.00	0
D	177	28.00	0.903
D	178	19.00	0.612
D	179	25.00	0.806
D	180	11.00	0.354
D	181	24.00	0.774
D	182	24.00	0.774
D	183	25.00	0.806
D	184	24.00	0.774
D	185	25.00	0.806
D	186	13.00	0.419
D	187	24.00	0.774
D	188	15.00	0.483
D	189	26.00	0.838
D	190	16.00	0.516
D	191	25.00	0.806
D	192	28.00	0.903
D	193	24.00	0.774
D	194	28.00	0.903
D	195	21.00	0.677
D	196	22.00	0.709
D	197	24.00	0.774
D	198	26.00	0.838
D	199	0.00	0
D	200	21.00	0.677
D	201	0.00	0
D	202	12.00	0.387
D	203	0.00	0
D	204	3.00	0.096
D	205	0.00	0
D	206	0.00	0
D	207	23.00	0.741
D	208	0.00	0
D	209	22.00	0.709
D	210	19.00	0.612
D	211	25.00	0.806
D	212	23.00	0.741
D	213	14.00	0.451
D	214	26.00	0.838
D	215	10.00	0.322
D	216	25.00	0.806
D	217	0.00	0
D	218	7.00	0.225
D	219	27.00	0.870
D	220	26.00	0.838
D	221	24.00	0.774
D	222	22.00	0.709
D	223	21.00	0.677
D	224	23.00	0.741
D	225	25.00	0.806
D	226	24.00	0.774
D	227	27.00	0.870
D	228	25.00	0.806
D	229	16.00	0.516
D	230	24.00	0.774
D	231	23.00	0.741
D	232	24.00	0.774
D	233	23.00	0.741
D	234	23.00	0.741
D	235	1.00	0.032
D	236	16.00	0.516
D	237	1.00	0.032
D	238	17.00	0.548
D	239	26.00	0.838
D	240	19.00	0.612
D	241	16.00	0.516
D	242	20.00	0.645
D	243	0.00	0
D	244	1.00	0.032
D	245	14.00	0.451
D	246	0.00	0
D	247	17.00	0.548
D	248	1.00	0.032
D	249	26.00	0.838
D	250	0.00	0
D	251	21.00	0.677
D	252	25.00	0.806
D	253	19.00	0.612
D	254	24.00	0.774
D	255	19.00	0.612
D	256	24.00	0.774
D	257	26.00	0.838
D	258	12.00	0.387
D	259	4.00	0.129
D	260	0.00	0
D	261	27.00	0.870
D	262	0.00	0
D	263	25.00	0.806
D	264	15.00	0.483
D	265	21.00	0.677
D	266	18.00	0.580
D	267	25.00	0.806
D	268	27.00	0.870
D	269	25.00	0.806
D	270	23.00	0.741
D	271	26.00	0.838
D	272	27.00	0.870
D	273	14.00	0.451
D	274	28.00	0.903
D	275	25.00	0.806
E	1	27.00	0.870
E	2	27.00	0.870
E	3	28.00	0.903
E	4	21.00	0.677
E	5	11.00	0.354
E	6	25.00	0.806
E	7	17.00	0.548
E	8	21.00	0.677
E	9	13.00	0.419
E	10	1.00	0.032
E	11	0.00	0
E	12	20.00	0.645
E	13	26.00	0.838
E	14	22.00	0.709
E	15	21.00	0.677
E	16	24.00	0.774
E	17	22.00	0.709
E	18	20.00	0.645
E	19	25.00	0.806
E	20	24.00	0.774
E	21	4.00	0.129
E	22	22.00	0.709
E	23	0.00	0
E	24	0.00	0
E	25	0.00	0
E	26	22.00	0.709
E	27	0.00	0
E	28	20.00	0.645
E	29	17.00	0.548
E	30	0.00	0
E	31	2.00	0.064
E	32	17.00	0.548
E	33	22.00	0.709
E	34	24.00	0.774
E	35	16.00	0.516
E	36	24.00	0.774
E	37	11.00	0.354
E	38	18.00	0.580
E	39	0.00	0
E	40	9.00	0.290
E	41	26.00	0.838
E	42	22.00	0.709
E	43	19.00	0.612
E	44	25.00	0.806
E	45	28.00	0.903
E	46	26.00	0.838
E	47	26.00	0.838
E	48	25.00	0.806
E	49	23.00	0.741
E	50	23.00	0.741
E	51	26.00	0.838
E	52	24.00	0.774
E	53	20.00	0.645
E	54	24.00	0.774
E	55	2.00	0.064
E	56	8.00	0.258
E	57	23.00	0.741
E	58	27.00	0.870
E	59	24.00	0.774
E	60	2.00	0.064
E	61	4.00	0.129
E	62	1.00	0.032
E	63	26.00	0.838
E	64	9.00	0.290
E	65	1.00	0.032
E	66	23.00	0.741
E	67	21.00	0.677
E	68	7.00	0.225
E	69	25.00	0.806
E	70	6.00	0.193
E	71	22.00	0.709
E	72	1.00	0.032
E	73	21.00	0.677
E	74	22.00	0.709
E	75	25.00	0.806
E	76	23.00	0.741
E	77	25.00	0.806
E	78	3.00	0.096
E	79	7.00	0.225
E	80	0.00	0
E	81	27.00	0.870
E	82	0.00	0
E	83	26.00	0.838
E	84	10.00	0.322
E	85	28.00	0.903
E	86	22.00	0.709
E	87	21.00	0.677
E	88	25.00	0.806
E	89	24.00	0.774
E	90	25.00	0.806
E	91	24.00	0.774
E	92	27.00	0.870
E	93	24.00	0.774
E	94	25.00	0.806
E	95	11.00	0.354
E	96	25.00	0.806
E	97	26.00	0.838
E	98	24.00	0.774
E	99	25.00	0.806
F	122	27.00	0.870
F	123	28.00	0.903
F	124	25.00	0.806
F	125	24.00	0.774
F	126	23.00	0.741
F	127	0.00	0
F	128	25.00	0.806
F	129	24.00	0.774
F	130	24.00	0.774
F	131	0.00	0
F	132	21.00	0.677
F	133	23.00	0.741
F	134	26.00	0.838
F	135	0.00	0
F	136	25.00	0.806
F	137	23.00	0.741
F	138	15.00	0.483
F	139	24.00	0.774
F	140	0.00	0
F	141	20.00	0.645
F	142	22.00	0.709
F	143	10.00	0.322
F	144	0.00	0
F	145	25.00	0.806
F	146	27.00	0.870
F	147	0.00	0
F	148	14.00	0.451
F	149	23.00	0.741
F	150	24.00	0.774
F	151	22.00	0.709
F	152	16.00	0.516
F	153	23.00	0.741
F	154	22.00	0.709
F	155	0.00	0
F	156	21.00	0.677
F	157	0.00	0
F	158	17.00	0.548
F	159	17.00	0.548
F	160	25.00	0.806
F	161	26.00	0.838
F	162	4.00	0.129
F	163	24.00	0.774
F	164	22.00	0.709
F	165	0.00	0
F	166	0.00	0
F	167	26.00	0.838
F	168	27.00	0.870
F	169	0.00	0
F	170	18.00	0.580
F	171	24.00	0.774
F	172	28.00	0.903
F	173	0.00	0
F	174	24.00	0.774
F	175	24.00	0.774
F	176	11.00	0.354
F	177	26.00	0.838
F	178	14.00	0.451
F	179	23.00	0.741
F	180	24.00	0.774
F	181	15.00	0.483
F	182	23.00	0.741
F	183	29.00	0.935
F	184	13.00	0.419
F	185	24.00	0.774
F	186	0.00	0
F	187	26.00	0.838
F	188	0.00	0
F	189	25.00	0.806
F	190	0.00	0
F	191	5.00	0.161
F	192	19.00	0.612
F	193	22.00	0.709
F	194	24.00	0.774
F	195	23.00	0.741
F	196	22.00	0.709
F	197	26.00	0.838
F	198	3.00	0.096
F	199	12.00	0.387
F	200	0.00	0
F	201	16.00	0.516
F	202	0.00	0
F	203	2.00	0.064
F	204	24.00	0.774
F	205	25.00	0.806
F	206	26.00	0.838
F	207	19.00	0.612
F	208	28.00	0.903
F	209	26.00	0.838
F	210	27.00	0.870
F	211	27.00	0.870
F	212	27.00	0.870
F	213	8.00	0.258
F	214	17.00	0.548
F	215	22.00	0.709
F	216	12.00	0.387
F	217	17.00	0.548
F	218	0.00	0
F	219	1.00	0.032
F	220	0.00	0
F	221	0.00	0
F	222	2.00	0.064
F	223	2.00	0.064
F	224	23.00	0.741
F	225	23.00	0.741
F	226	18.00	0.580
F	227	21.00	0.677
F	228	15.00	0.483
F	229	24.00	0.774
F	230	10.00	0.322
F	231	24.00	0.774
F	232	0.00	0
F	233	0.00	0
F	234	0.00	0
F	235	0.00	0
F	236	3.00	0.096
F	237	10.00	0.322
F	238	0.00	0
F	239	23.00	0.741
F	240	25.00	0.806
F	241	24.00	0.774
F	242	17.00	0.548
F	243	10.00	0.322
F	244	25.00	0.806
F	245	24.00	0.774
F	246	17.00	0.548
F	247	27.00	0.870
F	248	20.00	0.645
F	249	21.00	0.677
F	250	5.00	0.161
F	251	24.00	0.774
F	252	17.00	0.548
F	253	0.00	0
F	254	0.00	0
F	255	0.00	0
F	256	0.00	0
F	257	0.00	0
F	258	0.00	0
F	259	4.00	0.129
F	260	10.00	0.322
F	261	25.00	0.806
F	262	27.00	0.870
F	263	13.00	0.419
F	264	13.00	0.419
F	265	0.00	0
F	266	25.00	0.806
F	267	0.00	0
F	268	0.00	0
F	269	20.00	0.645
F	270	18.00	0.580
F	271	0.00	0
F	272	22.00	0.709
F	273	20.00	0.645
F	274	26.00	0.838
F	275	25.00	0.806
F	276	4.00	0.129
F	277	24.00	0.774
F	278	0.00	0
F	279	0.00	0
F	280	0.00	0
F	281	0.00	0
F	282	0.00	0
F	283	2.00	0.064
F	284	4.00	0.129
F	285	26.00	0.838
F	286	23.00	0.741
F	287	26.00	0.838
F	288	12.00	0.387
F	289	21.00	0.677
F	290	5.00	0.161
F	291	26.00	0.838
F	292	22.00	0.709
F	293	19.00	0.612
F	294	25.00	0.806
F	295	7.00	0.225
F	296	20.00	0.645
F	297	2.00	0.064
F	298	9.00	0.290
F	299	6.00	0.193
F	300	16.00	0.516
F	301	0.00	0
F	302	1.00	0.032
F	303	24.00	0.774
F	304	4.00	0.129
F	305	11.00	0.354
F	306	0.00	0
F	307	2.00	0.064
F	308	0.00	0
F	309	24.00	0.774
F	310	0.00	0
F	311	11.00	0.354
F	312	7.00	0.225
F	313	0.00	0
F	314	0.00	0
F	315	0.00	0
F	316	12.00	0.387
F	317	24.00	0.774
F	318	20.00	0.645
F	319	0.00	0
F	320	19.00	0.612
F	321	25.00	0.806
F	322	2.00	0.064
F	323	23.00	0.741
F	324	15.00	0.483
F	325	26.00	0.838
F	326	14.00	0.451
F	327	24.00	0.774
F	328	12.00	0.387
F	329	7.00	0.225
F	330	6.00	0.193
F	331	21.00	0.677
F	332	11.00	0.354
F	333	0.00	0
F	334	0.00	0
F	335	0.00	0
F	336	0.00	0
F	337	0.00	0
F	338	0.00	0
F	339	16.00	0.516
F	340	14.00	0.451
F	341	0.00	0
F	342	0.00	0
F	343	23.00	0.741
F	344	24.00	0.774
F	345	0.00	0
F	346	0.00	0
F	347	20.00	0.645
F	348	15.00	0.483
F	349	6.00	0.193
F	350	25.00	0.806
F	351	18.00	0.580
F	352	25.00	0.806
F	353	16.00	0.516
F	354	12.00	0.387
F	355	24.00	0.774
F	356	25.00	0.806
F	357	25.00	0.806
F	358	25.00	0.806
F	359	14.00	0.451
F	360	16.00	0.516
F	361	23.00	0.741
F	362	22.00	0.709
F	363	0.00	0
F	364	30.00	0.967
F	365	13.00	0.419
F	366	22.00	0.709
F	367	3.00	0.096
F	368	16.00	0.516
F	369	26.00	0.838
F	370	24.00	0.774
F	371	25.00	0.806
F	372	22.00	0.709
F	373	0.00	0
F	374	27.00	0.870
F	375	0.00	0
F	376	21.00	0.677
F	377	2.00	0.064
F	378	21.00	0.677
F	379	1.00	0.032
F	380	24.00	0.774
F	381	25.00	0.806
F	382	24.00	0.774
F	383	24.00	0.774
F	384	8.00	0.258
F	385	24.00	0.774
F	386	0.00	0
F	387	1.00	0.032
F	388	0.00	0
F	389	0.00	0
F	390	0.00	0
F	391	0.00	0
F	392	0.00	0
F	393	2.00	0.064
F	394	26.00	0.838
F	395	11.00	0.354
F	396	27.00	0.870
F	397	27.00	0.870
F	398	17.00	0.548
F	399	17.00	0.548
F	400	9.00	0.290
F	401	2.00	0.064
F	402	0.00	0
F	403	0.00	0
F	404	0.00	0
F	405	0.00	0
F	406	0.00	0
F	407	0.00	0
F	408	17.00	0.548
F	409	0.00	0
F	410	1.00	0.032
F	411	0.00	0
F	412	23.00	0.741
F	413	7.00	0.225
F	414	15.00	0.483
F	415	2.00	0.064
F	416	0.00	0
F	417	0.00	0
F	418	23.00	0.741
F	419	0.00	0
F	420	0.00	0
F	421	0.00	0
F	422	0.00	0
F	423	0.00	0
F	424	0.00	0
F	425	0.00	0
F	426	0.00	0
F	427	0.00	0
F	428	17.00	0.548
F	429	0.00	0
F	430	0.00	0
F	431	25.00	0.806
F	432	1.00	0.032
F	433	0.00	0
F	434	4.00	0.129
F	435	23.00	0.741
F	436	0.00	0
F	437	17.00	0.548
F	438	27.00	0.870
F	439	24.00	0.774
F	440	18.00	0.580
F	441	13.00	0.419
F	442	0.00	0
F	443	28.00	0.903
F	444	0.00	0
F	445	20.00	0.645
F	446	0.00	0
F	447	0.00	0
F	448	0.00	0
F	449	0.00	0
F	450	0.00	0
F	451	0.00	0
F	452	0.00	0
F	453	3.00	0.096
F	454	0.00	0
F	455	0.00	0
F	456	12.00	0.387
F	457	10.00	0.322
F	458	2.00	0.064
F	459	2.00	0.064
F	460	4.00	0.129
F	461	0.00	0
F	462	0.00	0
F	463	0.00	0
F	464	2.00	0.064
F	465	0.00	0
F	466	0.00	0
F	467	0.00	0
F	468	7.00	0.225
F	469	2.00	0.064
F	470	16.00	0.516
F	471	24.00	0.774
F	472	11.00	0.354
F	473	10.00	0.322
F	474	2.00	0.064
F	475	17.00	0.548
F	476	17.00	0.548
F	477	25.00	0.806
F	478	4.00	0.129
F	479	0.00	0
F	480	0.00	0
F	481	0.00	0
F	482	0.00	0
F	483	0.00	0
F	484	0.00	0
F	485	14.00	0.451
F	486	26.00	0.838
F	487	0.00	0
F	488	0.00	0
F	489	15.00	0.483
F	490	3.00	0.096
F	491	18.00	0.580
F	492	23.00	0.741
F	493	20.00	0.645
F	494	13.00	0.419
F	495	24.00	0.774
F	496	6.00	0.193
F	497	18.00	0.580
F	498	7.00	0.225
F	499	0.00	0
F	500	0.00	0
F	501	0.00	0
F	502	0.00	0
F	503	11.00	0.354
F	504	15.00	0.483
F	505	1.00	0.032
F	506	0.00	0
F	507	25.00	0.806
F	508	23.00	0.741
F	509	2.00	0.064
F	510	8.00	0.258
F	511	25.00	0.806
F	512	21.00	0.677
F	513	0.00	0
F	514	24.00	0.774
F	515	18.00	0.580
F	516	8.00	0.258
F	517	26.00	0.838
F	518	24.00	0.774
F	519	18.00	0.580
F	520	24.00	0.774
F	521	27.00	0.870
F	522	12.00	0.387
F	523	25.00	0.806
F	524	26.00	0.838
F	525	24.00	0.774
F	526	23.00	0.741
F	527	24.00	0.774
F	528	16.00	0.516
F	529	18.00	0.580
F	530	24.00	0.774
F	531	23.00	0.741
F	532	24.00	0.774
F	533	25.00	0.806
F	534	23.00	0.741
F	535	6.00	0.193
F	536	20.00	0.645
F	537	15.00	0.483
F	538	24.00	0.774
F	539	21.00	0.677
F	540	9.00	0.290
F	541	0.00	0
F	542	4.00	0.129
F	543	0.00	0
F	544	0.00	0
F	545	0.00	0
F	546	0.00	0
F	547	13.00	0.419
F	548	14.00	0.451
F	549	6.00	0.193
F	550	2.00	0.064
F	551	1.00	0.032
F	552	0.00	0
F	553	0.00	0
F	554	18.00	0.580
F	555	0.00	0
F	556	15.00	0.483
F	557	0.00	0
F	558	9.00	0.290
F	559	23.00	0.741
F	560	25.00	0.806
F	561	23.00	0.741
F	562	24.00	0.774
F	563	1.00	0.032
F	564	2.00	0.064
F	565	19.00	0.612
F	566	24.00	0.774
F	567	4.00	0.129
F	568	0.00	0
F	569	20.00	0.645
F	570	26.00	0.838
F	571	3.00	0.096
F	572	18.00	0.580
F	573	13.00	0.419
F	574	25.00	0.806
F	575	23.00	0.741
F	576	0.00	0
F	577	25.00	0.806
F	578	24.00	0.774
F	579	27.00	0.870
F	580	3.00	0.096
F	581	22.00	0.709
F	582	23.00	0.741
F	583	0.00	0
F	584	22.00	0.709
F	585	26.00	0.838
F	586	0.00	0
F	587	0.00	0
F	588	24.00	0.774
F	589	0.00	0
F	590	0.00	0
F	591	0.00	0
F	592	14.00	0.451
F	593	0.00	0
F	594	0.00	0
F	595	0.00	0
F	596	0.00	0
F	597	1.00	0.032
F	598	0.00	0
F	599	0.00	0
F	600	20.00	0.645
F	601	0.00	0
F	602	0.00	0
F	603	21.00	0.677
F	604	24.00	0.774
F	605	22.00	0.709
F	606	23.00	0.741
F	607	9.00	0.290
F	608	20.00	0.645
F	609	3.00	0.096
F	610	24.00	0.774
F	611	10.00	0.322
F	612	22.00	0.709
F	613	25.00	0.806
F	614	0.00	0
F	615	1.00	0.032
F	616	25.00	0.806
F	617	25.00	0.806
F	618	0.00	0
F	619	0.00	0
F	620	20.00	0.645
F	621	5.00	0.161
F	622	0.00	0
F	623	28.00	0.903
F	624	24.00	0.774
F	625	0.00	0
F	626	23.00	0.741
F	627	24.00	0.774
F	628	6.00	0.193
F	629	10.00	0.322
F	630	22.00	0.709
F	631	16.00	0.516
F	632	1.00	0.032
F	633	24.00	0.774
F	634	25.00	0.806
F	635	10.00	0.322
F	636	19.00	0.612
F	637	14.00	0.451
F	638	14.00	0.451
F	639	1.00	0.032
F	640	0.00	0
F	641	19.00	0.612
F	642	0.00	0
F	643	5.00	0.161
F	644	8.00	0.258
F	645	0.00	0
F	646	13.00	0.419
F	647	8.00	0.258
F	648	20.00	0.645
F	649	0.00	0
F	650	5.00	0.161
F	651	28.00	0.903
F	652	0.00	0
F	653	1.00	0.032
F	654	17.00	0.548
F	655	26.00	0.838
F	656	0.00	0
F	657	20.00	0.645
F	658	15.00	0.483
F	659	24.00	0.774
F	660	12.00	0.387
F	661	19.00	0.612
F	662	20.00	0.645
F	663	13.00	0.419
F	664	23.00	0.741
F	665	21.00	0.677
F	666	23.00	0.741
F	667	23.00	0.741
F	668	24.00	0.774
F	669	16.00	0.516
F	670	25.00	0.806
F	671	1.00	0.032
F	672	19.00	0.612
F	673	25.00	0.806
F	674	5.00	0.161
F	675	0.00	0
F	676	20.00	0.645
F	677	22.00	0.709
F	678	0.00	0
F	679	10.00	0.322
F	680	17.00	0.548
F	681	2.00	0.064
F	682	0.00	0
F	683	22.00	0.709
F	684	13.00	0.419
F	685	0.00	0
F	686	2.00	0.064
F	687	1.00	0.032
F	688	16.00	0.516
F	689	12.00	0.387
F	690	15.00	0.483
F	691	9.00	0.290
F	692	15.00	0.483
F	693	24.00	0.774
F	694	23.00	0.741
F	695	20.00	0.645
F	696	17.00	0.548
F	697	8.00	0.258
F	698	22.00	0.709
F	699	0.00	0
F	700	0.00	0
F	701	8.00	0.258
F	702	22.00	0.709
F	703	10.00	0.322
F	704	23.00	0.741
F	705	19.00	0.612
F	706	22.00	0.709
F	707	14.00	0.451
F	708	6.00	0.193
F	709	1.00	0.032
F	710	22.00	0.709
F	711	15.00	0.483
F	712	0.00	0
F	713	18.00	0.580
F	714	24.00	0.774
F	715	9.00	0.290
F	716	0.00	0
F	717	28.00	0.903
F	718	25.00	0.806
F	719	25.00	0.806
F	720	23.00	0.741
F	721	25.00	0.806
F	722	25.00	0.806
F	723	25.00	0.806
F	724	19.00	0.612
F	725	24.00	0.774
F	726	20.00	0.645
F	727	22.00	0.709
F	728	23.00	0.741
F	729	20.00	0.645
F	730	25.00	0.806
F	731	0.00	0
F	732	27.00	0.870
F	733	18.00	0.580
F	734	8.00	0.258
F	735	1.00	0.032
F	736	1.00	0.032
F	737	17.00	0.548
F	738	3.00	0.096
F	739	0.00	0
F	740	7.00	0.225
F	741	3.00	0.096
F	742	0.00	0
F	743	5.00	0.161
F	744	2.00	0.064
F	745	2.00	0.064
F	746	0.00	0
F	747	13.00	0.419
F	748	11.00	0.354
F	749	1.00	0.032
F	750	9.00	0.290
F	751	7.00	0.225
F	752	18.00	0.580
F	753	2.00	0.064
F	754	1.00	0.032
F	755	23.00	0.741
F	756	30.00	0.967
G	4	28.00	0.903
G	5	27.00	0.870
G	6	24.00	0.774
G	7	17.00	0.548
G	8	0.00	0
G	9	19.00	0.612
G	10	1.00	0.032
G	11	3.00	0.096
G	12	0.00	0
G	13	6.00	0.193
G	14	4.00	0.129
G	15	14.00	0.451
G	16	15.00	0.483
G	17	25.00	0.806
G	18	24.00	0.774
G	19	26.00	0.838
G	20	27.00	0.870
G	21	21.00	0.677
G	22	18.00	0.580
G	23	7.00	0.225
G	24	9.00	0.290
G	25	0.00	0
G	26	21.00	0.677
G	27	0.00	0
G	28	1.00	0.032
G	29	0.00	0
G	30	18.00	0.580
G	31	0.00	0
G	32	21.00	0.677
G	33	25.00	0.806
G	34	19.00	0.612
G	35	24.00	0.774
G	36	0.00	0
G	37	0.00	0
G	38	10.00	0.322
G	39	2.00	0.064
G	40	18.00	0.580
G	41	23.00	0.741
G	42	23.00	0.741
G	43	22.00	0.709
G	44	28.00	0.903
G	45	26.00	0.838
G	46	12.00	0.387
G	47	23.00	0.741
G	48	23.00	0.741
G	49	29.00	0.935
G	50	20.00	0.645
G	51	21.00	0.677
G	52	2.00	0.064
G	53	0.00	0
G	54	25.00	0.806
G	55	21.00	0.677
G	56	26.00	0.838
G	57	18.00	0.580
G	58	23.00	0.741
G	59	24.00	0.774
G	60	26.00	0.838
G	61	28.00	0.903
G	62	25.00	0.806
G	63	24.00	0.774
G	64	24.00	0.774
G	65	2.00	0.064
G	66	16.00	0.516
G	67	22.00	0.709
G	68	22.00	0.709
G	69	0.00	0
G	70	25.00	0.806
G	71	9.00	0.290
G	72	13.00	0.419
G	73	1.00	0.032
G	74	15.00	0.483
G	75	21.00	0.677
G	76	0.00	0
G	77	0.00	0
G	78	1.00	0.032
G	79	4.00	0.129
G	80	0.00	0
G	81	19.00	0.612
G	82	1.00	0.032
G	83	0.00	0
G	84	11.00	0.354
G	85	20.00	0.645
G	86	20.00	0.645
G	87	9.00	0.290
G	88	24.00	0.774
G	89	19.00	0.612
G	90	22.00	0.709
G	91	28.00	0.903
G	92	28.00	0.903
G	93	25.00	0.806
G	94	16.00	0.516
G	95	14.00	0.451
G	96	0.00	0
G	97	0.00	0
G	98	0.00	0
G	99	21.00	0.677
G	100	0.00	0
G	101	0.00	0
G	102	0.00	0
G	103	23.00	0.741
G	104	10.00	0.322
G	105	25.00	0.806
G	106	19.00	0.612
G	107	25.00	0.806
G	108	23.00	0.741
G	109	24.00	0.774
G	110	23.00	0.741
G	111	24.00	0.774
G	112	18.00	0.580
G	113	27.00	0.870
G	114	0.00	0
G	115	24.00	0.774
G	116	1.00	0.032
G	117	0.00	0
G	118	6.00	0.193
G	119	21.00	0.677
G	120	0.00	0
G	121	27.00	0.870
G	122	25.00	0.806
G	123	0.00	0
G	124	0.00	0
G	125	26.00	0.838
G	126	5.00	0.161
G	127	23.00	0.741
G	128	17.00	0.548
G	129	26.00	0.838
G	130	22.00	0.709
G	131	28.00	0.903
G	132	23.00	0.741
G	133	1.00	0.032
G	134	28.00	0.903
G	135	16.00	0.516
G	136	24.00	0.774
G	137	24.00	0.774
G	138	21.00	0.677
G	139	28.00	0.903
G	140	0.00	0
G	141	6.00	0.193
G	142	21.00	0.677
G	143	0.00	0
G	144	19.00	0.612
G	145	14.00	0.451
G	146	18.00	0.580
G	147	1.00	0.032
G	148	14.00	0.451
G	149	26.00	0.838
G	150	1.00	0.032
G	151	25.00	0.806
G	152	26.00	0.838
G	153	17.00	0.548
G	154	1.00	0.032
G	155	25.00	0.806
G	156	24.00	0.774
G	157	3.00	0.096
G	158	27.00	0.870
G	159	21.00	0.677
G	160	22.00	0.709
G	161	0.00	0
G	162	24.00	0.774
G	163	28.00	0.903
G	164	26.00	0.838
G	165	0.00	0
G	166	11.00	0.354
G	167	22.00	0.709
G	168	22.00	0.709
G	169	0.00	0
G	170	24.00	0.774
G	171	26.00	0.838
G	172	1.00	0.032
G	173	17.00	0.548
G	174	25.00	0.806
G	175	20.00	0.645
G	176	0.00	0
G	177	28.00	0.903
G	178	18.00	0.580
G	179	24.00	0.774
G	180	11.00	0.354
G	181	24.00	0.774
G	182	25.00	0.806
G	183	24.00	0.774
G	184	24.00	0.774
G	185	25.00	0.806
G	186	13.00	0.419
G	187	25.00	0.806
G	188	15.00	0.483
G	189	25.00	0.806
G	190	16.00	0.516
G	191	24.00	0.774
G	192	27.00	0.870
G	193	25.00	0.806
G	194	27.00	0.870
G	195	21.00	0.677
G	196	24.00	0.774
G	197	23.00	0.741
G	198	7.00	0.225
G	199	0.00	0
G	200	23.00	0.741
G	201	0.00	0
G	202	11.00	0.354
G	203	0.00	0
G	204	4.00	0.129
G	205	0.00	0
G	206	0.00	0
G	207	24.00	0.774
G	208	0.00	0
G	209	22.00	0.709
G	210	18.00	0.580
G	211	26.00	0.838
G	212	23.00	0.741
G	213	13.00	0.419
G	214	26.00	0.838
G	215	9.00	0.290
G	216	24.00	0.774
G	217	1.00	0.032
G	218	7.00	0.225
G	219	26.00	0.838
G	220	25.00	0.806
G	221	25.00	0.806
G	222	23.00	0.741
G	223	21.00	0.677
G	224	24.00	0.774
G	225	25.00	0.806
G	226	24.00	0.774
G	227	25.00	0.806
G	228	26.00	0.838
G	229	18.00	0.580
G	230	25.00	0.806
G	231	23.00	0.741
G	232	25.00	0.806
G	233	23.00	0.741
G	234	23.00	0.741
G	235	1.00	0.032
G	236	16.00	0.516
G	237	3.00	0.096
G	238	17.00	0.548
G	239	26.00	0.838
G	240	20.00	0.645
G	241	17.00	0.548
G	242	22.00	0.709
G	243	0.00	0
G	244	0.00	0
G	245	17.00	0.548
G	246	0.00	0
G	247	19.00	0.612
G	248	1.00	0.032
G	249	20.00	0.645
G	250	0.00	0
G	251	18.00	0.580
G	252	26.00	0.838
G	253	20.00	0.645
G	254	23.00	0.741
G	255	20.00	0.645
G	256	25.00	0.806
G	257	27.00	0.870
G	258	12.00	0.387
G	259	5.00	0.161
G	260	0.00	0
G	261	26.00	0.838
G	262	0.00	0
G	263	24.00	0.774
G	264	15.00	0.483
G	265	23.00	0.741
G	266	18.00	0.580
G	267	26.00	0.838
G	268	27.00	0.870
G	269	25.00	0.806
G	270	23.00	0.741
G	271	27.00	0.870
G	272	28.00	0.903
G	273	16.00	0.516
G	274	29.00	0.935
G	275	25.00	0.806
H	1	28.00	0.903
H	2	26.00	0.838
H	3	29.00	0.935
H	4	20.00	0.645
H	5	7.00	0.225
H	6	24.00	0.774
H	7	17.00	0.548
H	8	22.00	0.709
H	9	12.00	0.387
H	10	0.00	0
H	11	0.00	0
H	12	20.00	0.645
H	13	25.00	0.806
H	14	24.00	0.774
H	15	22.00	0.709
H	16	24.00	0.774
H	17	22.00	0.709
H	18	19.00	0.612
H	19	25.00	0.806
H	20	25.00	0.806
H	21	5.00	0.161
H	22	22.00	0.709
H	23	0.00	0
H	24	1.00	0.032
H	25	0.00	0
H	26	19.00	0.612
H	27	0.00	0
H	28	20.00	0.645
H	29	17.00	0.548
H	30	0.00	0
H	31	1.00	0.032
H	32	17.00	0.548
H	33	22.00	0.709
H	34	23.00	0.741
H	35	15.00	0.483
H	36	23.00	0.741
H	37	10.00	0.322
H	38	16.00	0.516
H	39	0.00	0
H	40	10.00	0.322
H	41	26.00	0.838
H	42	21.00	0.677
H	43	19.00	0.612
H	44	24.00	0.774
H	45	27.00	0.870
H	46	26.00	0.838
H	47	25.00	0.806
H	48	25.00	0.806
H	49	24.00	0.774
H	50	22.00	0.709
H	51	25.00	0.806
H	52	25.00	0.806
H	53	23.00	0.741
H	54	25.00	0.806
H	55	2.00	0.064
H	56	8.00	0.258
H	57	22.00	0.709
H	58	25.00	0.806
H	59	24.00	0.774
H	60	3.00	0.096
H	61	4.00	0.129
H	62	0.00	0
H	63	25.00	0.806
H	64	9.00	0.290
H	65	1.00	0.032
H	66	23.00	0.741
H	67	18.00	0.580
H	68	6.00	0.193
H	69	24.00	0.774
H	70	7.00	0.225
H	71	23.00	0.741
H	72	1.00	0.032
H	73	22.00	0.709
H	74	22.00	0.709
H	75	24.00	0.774
H	76	26.00	0.838
H	77	24.00	0.774
H	78	10.00	0.322
H	79	6.00	0.193
H	80	0.00	0
H	81	28.00	0.903
H	82	0.00	0
H	83	25.00	0.806
H	84	8.00	0.258
H	85	27.00	0.870
H	86	21.00	0.677
H	87	20.00	0.645
H	88	24.00	0.774
H	89	25.00	0.806
H	90	24.00	0.774
H	91	24.00	0.774
H	92	28.00	0.903
H	93	22.00	0.709
H	94	25.00	0.806
H	95	15.00	0.483
H	96	25.00	0.806
H	97	25.00	0.806
H	98	24.00	0.774
H	99	25.00	0.806
I	122	27.00	0.870
I	123	28.00	0.903
I	124	24.00	0.774
I	125	24.00	0.774
I	126	24.00	0.774
I	127	1.00	0.032
I	128	27.00	0.870
I	129	23.00	0.741
I	130	25.00	0.806
I	131	0.00	0
I	132	20.00	0.645
I	133	23.00	0.741
I	134	26.00	0.838
I	135	0.00	0
I	136	25.00	0.806
I	137	23.00	0.741
I	138	15.00	0.483
I	139	24.00	0.774
I	140	0.00	0
I	141	20.00	0.645
I	142	22.00	0.709
I	143	10.00	0.322
I	144	0.00	0
I	145	25.00	0.806
I	146	27.00	0.870
I	147	0.00	0
I	148	16.00	0.516
I	149	23.00	0.741
I	150	25.00	0.806
I	151	21.00	0.677
I	152	17.00	0.548
I	153	23.00	0.741
I	154	21.00	0.677
I	155	1.00	0.032
I	156	21.00	0.677
I	157	0.00	0
I	158	19.00	0.612
I	159	19.00	0.612
I	160	25.00	0.806
I	161	27.00	0.870
I	162	4.00	0.129
I	163	25.00	0.806
I	164	22.00	0.709
I	165	0.00	0
I	166	0.00	0
I	167	26.00	0.838
I	168	28.00	0.903
I	169	0.00	0
I	170	17.00	0.548
I	171	21.00	0.677
I	172	29.00	0.935
I	173	0.00	0
I	174	24.00	0.774
I	175	25.00	0.806
I	176	10.00	0.322
I	177	25.00	0.806
I	178	13.00	0.419
I	179	23.00	0.741
I	180	26.00	0.838
I	181	17.00	0.548
I	182	23.00	0.741
I	183	30.00	0.967
I	184	14.00	0.451
I	185	24.00	0.774
I	186	0.00	0
I	187	26.00	0.838
I	188	0.00	0
I	189	25.00	0.806
I	190	0.00	0
I	191	6.00	0.193
I	192	19.00	0.612
I	193	24.00	0.774
I	194	25.00	0.806
I	195	23.00	0.741
I	196	23.00	0.741
I	197	26.00	0.838
I	198	3.00	0.096
I	199	13.00	0.419
I	200	0.00	0
I	201	21.00	0.677
I	202	0.00	0
I	203	1.00	0.032
I	204	24.00	0.774
I	205	25.00	0.806
I	206	25.00	0.806
I	207	18.00	0.580
I	208	28.00	0.903
I	209	26.00	0.838
I	210	30.00	0.967
I	211	26.00	0.838
I	212	28.00	0.903
I	213	10.00	0.322
I	214	19.00	0.612
I	215	21.00	0.677
I	216	9.00	0.290
I	217	18.00	0.580
I	218	0.00	0
I	219	2.00	0.064
I	220	0.00	0
I	221	0.00	0
I	222	2.00	0.064
I	223	2.00	0.064
I	224	23.00	0.741
I	225	23.00	0.741
I	226	18.00	0.580
I	227	22.00	0.709
I	228	14.00	0.451
I	229	24.00	0.774
I	230	9.00	0.290
I	231	24.00	0.774
I	232	0.00	0
I	233	0.00	0
I	234	0.00	0
I	235	0.00	0
I	236	3.00	0.096
I	237	11.00	0.354
I	238	0.00	0
I	239	21.00	0.677
I	240	25.00	0.806
I	241	26.00	0.838
I	242	22.00	0.709
I	243	10.00	0.322
I	244	25.00	0.806
I	245	24.00	0.774
I	246	16.00	0.516
I	247	27.00	0.870
I	248	21.00	0.677
I	249	20.00	0.645
I	250	4.00	0.129
I	251	25.00	0.806
I	252	18.00	0.580
I	253	1.00	0.032
I	254	0.00	0
I	255	0.00	0
I	256	0.00	0
I	257	0.00	0
I	258	0.00	0
I	259	3.00	0.096
I	260	10.00	0.322
I	261	25.00	0.806
I	262	26.00	0.838
I	263	12.00	0.387
I	264	15.00	0.483
I	265	0.00	0
I	266	24.00	0.774
I	267	1.00	0.032
I	268	0.00	0
I	269	20.00	0.645
I	270	19.00	0.612
I	271	0.00	0
I	272	21.00	0.677
I	273	21.00	0.677
I	274	25.00	0.806
I	275	25.00	0.806
I	276	4.00	0.129
I	277	24.00	0.774
I	278	0.00	0
I	279	0.00	0
I	280	0.00	0
I	281	0.00	0
I	282	0.00	0
I	283	1.00	0.032
I	284	4.00	0.129
I	285	28.00	0.903
I	286	23.00	0.741
I	287	26.00	0.838
I	288	11.00	0.354
I	289	22.00	0.709
I	290	6.00	0.193
I	291	27.00	0.870
I	292	21.00	0.677
I	293	18.00	0.580
I	294	25.00	0.806
I	295	6.00	0.193
I	296	20.00	0.645
I	297	3.00	0.096
I	298	9.00	0.290
I	299	6.00	0.193
I	300	16.00	0.516
I	301	0.00	0
I	302	1.00	0.032
I	303	24.00	0.774
I	304	3.00	0.096
I	305	11.00	0.354
I	306	0.00	0
I	307	2.00	0.064
I	308	1.00	0.032
I	309	23.00	0.741
I	310	1.00	0.032
I	311	12.00	0.387
I	312	19.00	0.612
I	313	22.00	0.709
I	314	20.00	0.645
I	315	0.00	0
I	316	23.00	0.741
I	317	23.00	0.741
I	318	26.00	0.838
I	319	20.00	0.645
I	320	24.00	0.774
I	321	26.00	0.838
I	322	24.00	0.774
I	323	23.00	0.741
I	324	18.00	0.580
I	325	26.00	0.838
I	326	13.00	0.419
I	327	25.00	0.806
I	328	12.00	0.387
I	329	5.00	0.161
I	330	6.00	0.193
I	331	22.00	0.709
I	332	9.00	0.290
I	333	1.00	0.032
I	334	0.00	0
I	335	0.00	0
I	336	0.00	0
I	337	0.00	0
I	338	0.00	0
I	339	16.00	0.516
I	340	15.00	0.483
I	341	0.00	0
I	342	0.00	0
I	343	23.00	0.741
I	344	23.00	0.741
I	345	0.00	0
I	346	0.00	0
I	347	21.00	0.677
I	348	3.00	0.096
I	349	7.00	0.225
I	350	25.00	0.806
I	351	19.00	0.612
I	352	25.00	0.806
I	353	17.00	0.548
I	354	13.00	0.419
I	355	25.00	0.806
I	356	25.00	0.806
I	357	23.00	0.741
I	358	26.00	0.838
I	359	13.00	0.419
I	360	18.00	0.580
I	361	24.00	0.774
I	362	22.00	0.709
I	363	1.00	0.032
I	364	31.00	1
I	365	14.00	0.451
I	366	22.00	0.709
I	367	5.00	0.161
I	368	17.00	0.548
I	369	25.00	0.806
I	370	23.00	0.741
I	371	25.00	0.806
I	372	22.00	0.709
I	373	0.00	0
I	374	26.00	0.838
I	375	0.00	0
I	376	21.00	0.677
I	377	1.00	0.032
I	378	22.00	0.709
I	379	2.00	0.064
I	380	23.00	0.741
I	381	25.00	0.806
I	382	24.00	0.774
I	383	24.00	0.774
I	384	8.00	0.258
I	385	25.00	0.806
I	386	0.00	0
I	387	1.00	0.032
I	388	0.00	0
I	389	0.00	0
I	390	0.00	0
I	391	0.00	0
I	392	12.00	0.387
I	393	2.00	0.064
I	394	27.00	0.870
I	395	13.00	0.419
I	396	28.00	0.903
I	397	26.00	0.838
I	398	18.00	0.580
I	399	22.00	0.709
I	400	22.00	0.709
I	401	1.00	0.032
I	402	21.00	0.677
I	403	0.00	0
I	404	0.00	0
I	405	0.00	0
I	406	0.00	0
I	407	0.00	0
I	408	17.00	0.548
I	409	0.00	0
I	410	3.00	0.096
I	411	1.00	0.032
I	412	23.00	0.741
I	413	7.00	0.225
I	414	14.00	0.451
I	415	2.00	0.064
I	416	0.00	0
I	417	0.00	0
I	418	23.00	0.741
I	419	0.00	0
I	420	0.00	0
I	421	0.00	0
I	422	0.00	0
I	423	0.00	0
I	424	0.00	0
I	425	0.00	0
I	426	0.00	0
I	427	1.00	0.032
I	428	19.00	0.612
I	429	1.00	0.032
I	430	0.00	0
I	431	25.00	0.806
I	432	2.00	0.064
I	433	0.00	0
I	434	4.00	0.129
I	435	27.00	0.870
I	436	0.00	0
I	437	19.00	0.612
I	438	26.00	0.838
I	439	25.00	0.806
I	440	19.00	0.612
I	441	16.00	0.516
I	442	2.00	0.064
I	443	27.00	0.870
I	444	0.00	0
I	445	19.00	0.612
I	446	0.00	0
I	447	1.00	0.032
I	448	0.00	0
I	449	8.00	0.258
I	450	0.00	0
I	451	0.00	0
I	452	0.00	0
I	453	3.00	0.096
I	454	0.00	0
I	455	0.00	0
I	456	11.00	0.354
I	457	8.00	0.258
I	458	1.00	0.032
I	459	2.00	0.064
I	460	3.00	0.096
I	461	0.00	0
I	462	0.00	0
I	463	0.00	0
I	464	2.00	0.064
I	465	0.00	0
I	466	6.00	0.193
I	467	0.00	0
I	468	11.00	0.354
I	469	23.00	0.741
I	470	24.00	0.774
I	471	25.00	0.806
I	472	24.00	0.774
I	473	23.00	0.741
I	474	5.00	0.161
I	475	26.00	0.838
I	476	27.00	0.870
I	477	26.00	0.838
I	478	4.00	0.129
I	479	0.00	0
I	480	0.00	0
I	481	0.00	0
I	482	0.00	0
I	483	0.00	0
I	484	0.00	0
I	485	15.00	0.483
I	486	26.00	0.838
I	487	0.00	0
I	488	0.00	0
I	489	16.00	0.516
I	490	3.00	0.096
I	491	18.00	0.580
I	492	23.00	0.741
I	493	20.00	0.645
I	494	13.00	0.419
I	495	24.00	0.774
I	496	7.00	0.225
I	497	18.00	0.580
I	498	5.00	0.161
I	499	0.00	0
I	500	0.00	0
I	501	0.00	0
I	502	0.00	0
I	503	12.00	0.387
I	504	15.00	0.483
I	505	1.00	0.032
I	506	0.00	0
I	507	26.00	0.838
I	508	24.00	0.774
I	509	1.00	0.032
I	510	9.00	0.290
I	511	25.00	0.806
I	512	21.00	0.677
I	513	0.00	0
I	514	25.00	0.806
I	515	18.00	0.580
I	516	8.00	0.258
I	517	26.00	0.838
I	518	24.00	0.774
I	519	19.00	0.612
I	520	27.00	0.870
I	521	28.00	0.903
I	522	11.00	0.354
I	523	25.00	0.806
I	524	27.00	0.870
I	525	25.00	0.806
I	526	24.00	0.774
I	527	25.00	0.806
I	528	15.00	0.483
I	529	19.00	0.612
I	530	23.00	0.741
I	531	23.00	0.741
I	532	23.00	0.741
I	533	26.00	0.838
I	534	23.00	0.741
I	535	4.00	0.129
I	536	20.00	0.645
I	537	14.00	0.451
I	538	24.00	0.774
I	539	21.00	0.677
I	540	10.00	0.322
I	541	0.00	0
I	542	5.00	0.161
I	543	0.00	0
I	544	0.00	0
I	545	0.00	0
I	546	0.00	0
I	547	14.00	0.451
I	548	14.00	0.451
I	549	6.00	0.193
I	550	2.00	0.064
I	551	3.00	0.096
I	552	0.00	0
I	553	0.00	0
I	554	17.00	0.548
I	555	0.00	0
I	556	15.00	0.483
I	557	0.00	0
I	558	8.00	0.258
I	559	23.00	0.741
I	560	25.00	0.806
I	561	24.00	0.774
I	562	24.00	0.774
I	563	4.00	0.129
I	564	2.00	0.064
I	565	19.00	0.612
I	566	22.00	0.709
I	567	4.00	0.129
I	568	0.00	0
I	569	20.00	0.645
I	570	26.00	0.838
I	571	3.00	0.096
I	572	18.00	0.580
I	573	12.00	0.387
I	574	26.00	0.838
I	575	22.00	0.709
I	576	0.00	0
I	577	23.00	0.741
I	578	24.00	0.774
I	579	26.00	0.838
I	580	5.00	0.161
I	581	23.00	0.741
I	582	23.00	0.741
I	583	0.00	0
I	584	22.00	0.709
I	585	25.00	0.806
I	586	0.00	0
I	587	0.00	0
I	588	24.00	0.774
I	589	0.00	0
I	590	0.00	0
I	591	0.00	0
I	592	14.00	0.451
I	593	0.00	0
I	594	0.00	0
I	595	0.00	0
I	596	0.00	0
I	597	1.00	0.032
I	598	0.00	0
I	599	0.00	0
I	600	23.00	0.741
I	601	0.00	0
I	602	0.00	0
I	603	24.00	0.774
I	604	23.00	0.741
I	605	23.00	0.741
I	606	23.00	0.741
I	607	10.00	0.322
I	608	20.00	0.645
I	609	3.00	0.096
I	610	23.00	0.741
I	611	11.00	0.354
I	612	22.00	0.709
I	613	25.00	0.806
I	614	0.00	0
I	615	1.00	0.032
I	616	25.00	0.806
I	617	27.00	0.870
I	618	1.00	0.032
I	619	0.00	0
I	620	19.00	0.612
I	621	6.00	0.193
I	622	0.00	0
I	623	28.00	0.903
I	624	24.00	0.774
I	625	0.00	0
I	626	19.00	0.612
I	627	24.00	0.774
I	628	6.00	0.193
I	629	9.00	0.290
I	630	23.00	0.741
I	631	16.00	0.516
I	632	2.00	0.064
I	633	24.00	0.774
I	634	25.00	0.806
I	635	11.00	0.354
I	636	19.00	0.612
I	637	24.00	0.774
I	638	23.00	0.741
I	639	1.00	0.032
I	640	1.00	0.032
I	641	25.00	0.806
I	642	1.00	0.032
I	643	4.00	0.129
I	644	12.00	0.387
I	645	0.00	0
I	646	13.00	0.419
I	647	7.00	0.225
I	648	23.00	0.741
I	649	0.00	0
I	650	6.00	0.193
I	651	28.00	0.903
I	652	1.00	0.032
I	653	1.00	0.032
I	654	16.00	0.516
I	655	26.00	0.838
I	656	0.00	0
I	657	20.00	0.645
I	658	19.00	0.612
I	659	24.00	0.774
I	660	13.00	0.419
I	661	19.00	0.612
I	662	21.00	0.677
I	663	14.00	0.451
I	664	22.00	0.709
I	665	22.00	0.709
I	666	23.00	0.741
I	667	25.00	0.806
I	668	27.00	0.870
I	669	30.00	0.967
I	670	25.00	0.806
I	671	1.00	0.032
I	672	26.00	0.838
I	673	25.00	0.806
I	674	5.00	0.161
I	675	1.00	0.032
I	676	23.00	0.741
I	677	24.00	0.774
I	678	0.00	0
I	679	9.00	0.290
I	680	28.00	0.903
I	681	2.00	0.064
I	682	0.00	0
I	683	27.00	0.870
I	684	25.00	0.806
I	685	0.00	0
I	686	3.00	0.096
I	687	1.00	0.032
I	688	24.00	0.774
I	689	27.00	0.870
I	690	22.00	0.709
I	691	24.00	0.774
I	692	22.00	0.709
I	693	25.00	0.806
I	694	25.00	0.806
I	695	19.00	0.612
I	696	19.00	0.612
I	697	10.00	0.322
I	698	23.00	0.741
I	699	0.00	0
I	700	0.00	0
I	701	7.00	0.225
I	702	19.00	0.612
I	703	10.00	0.322
I	704	22.00	0.709
I	705	19.00	0.612
I	706	22.00	0.709
I	707	15.00	0.483
I	708	7.00	0.225
I	709	2.00	0.064
I	710	22.00	0.709
I	711	14.00	0.451
I	712	1.00	0.032
I	713	18.00	0.580
I	714	25.00	0.806
I	715	5.00	0.161
I	716	0.00	0
I	717	27.00	0.870
I	718	23.00	0.741
I	719	26.00	0.838
I	720	25.00	0.806
I	721	25.00	0.806
I	722	26.00	0.838
I	723	25.00	0.806
I	724	20.00	0.645
I	725	24.00	0.774
I	726	19.00	0.612
I	727	21.00	0.677
I	728	25.00	0.806
I	729	24.00	0.774
I	730	25.00	0.806
I	731	0.00	0
I	732	26.00	0.838
I	733	20.00	0.645
I	734	9.00	0.290
I	735	12.00	0.387
I	736	22.00	0.709
I	737	22.00	0.709
I	738	4.00	0.129
I	739	15.00	0.483
I	740	25.00	0.806
I	741	3.00	0.096
I	742	0.00	0
I	743	19.00	0.612
I	744	16.00	0.516
I	745	2.00	0.064
I	746	0.00	0
I	747	21.00	0.677
I	748	22.00	0.709
I	749	1.00	0.032
I	750	10.00	0.322
I	751	7.00	0.225
I	752	27.00	0.870
I	753	28.00	0.903
I	754	26.00	0.838
I	755	25.00	0.806
I	756	30.00	0.967
