chain	res	score	prob
X	7	22.00	0.55
X	8	23.00	0.575
X	9	21.00	0.525
X	10	5.00	0.125
X	11	3.00	0.075
X	12	2.00	0.05
X	13	0.00	0
X	14	5.00	0.125
X	15	0.00	0
X	16	1.00	0.025
X	17	0.00	0
X	18	8.00	0.2
X	19	5.00	0.125
X	20	2.00	0.05
X	21	3.00	0.075
X	22	4.00	0.1
X	23	0.00	0
X	24	1.00	0.025
X	25	3.00	0.075
X	26	6.00	0.15
X	27	7.00	0.175
X	28	6.00	0.15
X	29	6.00	0.15
X	30	0.00	0
X	31	0.00	0
X	32	0.00	0
X	33	0.00	0
X	34	4.00	0.1
X	35	4.00	0.1
X	36	2.00	0.05
X	37	3.00	0.075
X	38	9.00	0.225
X	39	4.00	0.1
X	40	4.00	0.1
X	41	8.00	0.2
X	42	6.00	0.15
X	43	2.00	0.05
X	44	3.00	0.075
X	45	3.00	0.075
X	46	0.00	0
X	47	2.00	0.05
X	48	0.00	0
X	49	0.00	0
X	50	0.00	0
X	51	5.00	0.125
X	52	14.00	0.35
X	53	16.00	0.4
X	54	16.00	0.4
X	55	9.00	0.225
X	56	0.00	0
X	57	0.00	0
X	58	0.00	0
X	59	0.00	0
X	60	0.00	0
X	61	8.00	0.2
X	62	3.00	0.075
X	63	0.00	0
X	64	11.00	0.275
X	65	9.00	0.225
X	66	0.00	0
X	67	0.00	0
X	68	0.00	0
X	69	4.00	0.1
X	70	7.00	0.175
X	71	6.00	0.15
X	72	9.00	0.225
X	73	8.00	0.2
X	74	13.00	0.325
X	75	7.00	0.175
X	76	4.00	0.1
X	77	4.00	0.1
X	78	6.00	0.15
X	79	3.00	0.075
X	80	4.00	0.1
X	81	3.00	0.075
X	82	6.00	0.15
X	83	1.00	0.025
X	84	5.00	0.125
X	85	0.00	0
X	86	17.00	0.425
X	87	10.00	0.25
X	88	3.00	0.075
X	89	6.00	0.15
X	90	14.00	0.35
X	91	21.00	0.525
X	92	10.00	0.25
X	93	14.00	0.35
X	94	7.00	0.175
X	95	2.00	0.05
X	96	5.00	0.125
X	97	5.00	0.125
X	98	0.00	0
X	99	0.00	0
X	100	0.00	0
X	101	12.00	0.3
X	102	9.00	0.225
X	103	6.00	0.15
X	104	9.00	0.225
X	105	7.00	0.175
X	106	6.00	0.15
X	107	5.00	0.125
X	108	4.00	0.1
X	109	0.00	0
X	110	2.00	0.05
X	111	0.00	0
X	112	16.00	0.4
X	113	1.00	0.025
X	114	2.00	0.05
X	115	2.00	0.05
X	116	1.00	0.025
X	117	5.00	0.125
X	118	4.00	0.1
X	119	7.00	0.175
X	120	7.00	0.175
X	121	0.00	0
X	122	0.00	0
X	123	3.00	0.075
X	124	4.00	0.1
X	125	14.00	0.35
X	126	17.00	0.425
X	127	7.00	0.175
X	128	10.00	0.25
X	129	12.00	0.3
X	130	10.00	0.25
X	131	3.00	0.075
X	132	8.00	0.2
X	133	5.00	0.125
X	134	16.00	0.4
X	135	22.00	0.55
X	136	28.00	0.7
X	137	14.00	0.35
X	138	19.00	0.475
X	139	28.00	0.7
X	140	28.00	0.7
X	141	37.00	0.925
X	142	22.00	0.55
X	143	5.00	0.125
X	144	12.00	0.3
X	145	14.00	0.35
X	146	0.00	0
X	147	4.00	0.1
X	148	2.00	0.05
X	149	8.00	0.2
X	150	5.00	0.125
X	151	2.00	0.05
Y	1	8.00	0.2
Y	2	15.00	0.375
Y	3	5.00	0.125
Y	4	9.00	0.225
Y	5	5.00	0.125
Y	6	2.00	0.05
Y	7	3.00	0.075
Y	8	3.00	0.075
Y	9	15.00	0.375
Y	10	11.00	0.275
Y	11	2.00	0.05
Y	12	5.00	0.125
Y	13	3.00	0.075
Y	14	5.00	0.125
Y	15	4.00	0.1
Y	16	1.00	0.025
Y	17	3.00	0.075
Y	18	7.00	0.175
Y	19	1.00	0.025
Y	20	1.00	0.025
Y	21	0.00	0
Y	22	6.00	0.15
Y	23	7.00	0.175
Y	24	4.00	0.1
Y	25	6.00	0.15
Y	26	1.00	0.025
Y	27	1.00	0.025
Y	28	11.00	0.275
Y	29	7.00	0.175
Y	30	3.00	0.075
Y	31	11.00	0.275
Y	32	13.00	0.325
Y	33	4.00	0.1
Y	34	4.00	0.1
Y	35	4.00	0.1
Y	36	4.00	0.1
Y	37	0.00	0
Y	38	3.00	0.075
Y	39	4.00	0.1
Y	40	2.00	0.05
Y	41	4.00	0.1
Y	42	5.00	0.125
Y	43	7.00	0.175
Y	44	6.00	0.15
Y	45	1.00	0.025
Y	46	1.00	0.025
Y	47	2.00	0.05
Y	48	5.00	0.125
Y	49	5.00	0.125
Y	50	7.00	0.175
Y	51	9.00	0.225
Y	52	3.00	0.075
Y	53	3.00	0.075
Y	54	3.00	0.075
Y	55	0.00	0
Y	56	3.00	0.075
Y	57	4.00	0.1
Y	58	4.00	0.1
Y	59	10.00	0.25
Y	60	5.00	0.125
Y	61	0.00	0
Y	62	6.00	0.15
Y	63	0.00	0
Y	64	3.00	0.075
Y	65	2.00	0.05
Y	66	0.00	0
Y	67	3.00	0.075
Y	68	0.00	0
Y	69	3.00	0.075
Y	70	0.00	0
Y	71	4.00	0.1
Y	72	3.00	0.075
Y	73	5.00	0.125
Y	74	1.00	0.025
Y	75	2.00	0.05
Y	76	0.00	0
Y	77	6.00	0.15
Y	78	0.00	0
Y	79	9.00	0.225
Y	80	9.00	0.225
Y	81	12.00	0.3
Y	82	10.00	0.25
Y	83	7.00	0.175
Y	84	5.00	0.125
Y	85	0.00	0
Y	86	6.00	0.15
Y	87	0.00	0
Y	88	5.00	0.125
Y	89	2.00	0.05
Y	90	6.00	0.15
Y	91	2.00	0.05
Y	92	8.00	0.2
Y	93	1.00	0.025
Y	94	0.00	0
Y	95	3.00	0.075
Y	96	4.00	0.1
Y	97	8.00	0.2
Y	98	11.00	0.275
Y	99	13.00	0.325
Y	100	11.00	0.275
Y	101	10.00	0.25
Y	102	2.00	0.05
Y	103	1.00	0.025
Y	104	5.00	0.125
Y	105	4.00	0.1
Y	106	1.00	0.025
Y	107	2.00	0.05
Y	108	1.00	0.025
Y	109	5.00	0.125
Y	110	0.00	0
Y	111	4.00	0.1
Y	112	0.00	0
Y	113	6.00	0.15
Y	114	2.00	0.05
Y	115	6.00	0.15
Y	116	11.00	0.275
Y	117	17.00	0.425
Y	118	5.00	0.125
Y	119	8.00	0.2
Y	120	1.00	0.025
Y	121	3.00	0.075
Y	122	0.00	0
Y	123	0.00	0
Y	124	3.00	0.075
Y	125	2.00	0.05
Y	126	6.00	0.15
Y	127	5.00	0.125
Y	128	0.00	0
Y	129	10.00	0.25
Y	130	6.00	0.15
Y	131	23.00	0.575
Y	132	13.00	0.325
Y	133	12.00	0.3
Y	134	15.00	0.375
Y	135	2.00	0.05
Y	136	3.00	0.075
Y	137	14.00	0.35
Y	138	2.00	0.05
Y	139	6.00	0.15
Y	140	4.00	0.1
Y	141	12.00	0.3
Y	142	2.00	0.05
Y	143	3.00	0.075
Y	144	8.00	0.2
Y	145	9.00	0.225
Y	146	10.00	0.25
Y	147	6.00	0.15
Y	148	14.00	0.35
Y	149	5.00	0.125
Y	150	16.00	0.4
Y	151	14.00	0.35
Y	152	20.00	0.5
Y	153	19.00	0.475
Y	154	8.00	0.2
Y	155	12.00	0.3
Y	156	4.00	0.1
Y	157	12.00	0.3
Y	158	16.00	0.4
Y	159	10.00	0.25
Y	160	13.00	0.325
Y	161	0.00	0
Y	162	17.00	0.425
Y	163	0.00	0
Y	164	13.00	0.325
Y	165	14.00	0.35
Y	166	2.00	0.05
Y	167	2.00	0.05
Y	168	7.00	0.175
Y	169	5.00	0.125
Y	170	8.00	0.2
Y	171	5.00	0.125
Y	172	3.00	0.075
Y	173	2.00	0.05
Y	174	0.00	0
Y	175	0.00	0
Y	176	1.00	0.025
Y	177	4.00	0.1
Y	178	2.00	0.05
Y	179	3.00	0.075
Y	180	2.00	0.05
Y	181	13.00	0.325
Y	182	3.00	0.075
Y	183	12.00	0.3
Y	184	7.00	0.175
Y	185	8.00	0.2
Y	186	6.00	0.15
Y	187	4.00	0.1
Y	188	6.00	0.15
Y	189	0.00	0
Y	190	4.00	0.1
Y	191	4.00	0.1
Y	192	0.00	0
Y	193	0.00	0
Y	194	8.00	0.2
Y	195	2.00	0.05
Y	196	6.00	0.15
Y	197	5.00	0.125
Y	198	5.00	0.125
Y	199	4.00	0.1
Y	200	6.00	0.15
Y	201	5.00	0.125
Y	202	9.00	0.225
Y	203	8.00	0.2
Y	204	6.00	0.15
Y	205	13.00	0.325
Y	206	0.00	0
Y	207	7.00	0.175
Y	208	7.00	0.175
Y	209	4.00	0.1
Y	210	5.00	0.125
Y	211	1.00	0.025
Y	212	11.00	0.275
Y	213	19.00	0.475
Y	214	7.00	0.175
Y	215	13.00	0.325
Y	216	11.00	0.275
Y	217	17.00	0.425
Y	218	4.00	0.1
Y	219	5.00	0.125
Y	220	11.00	0.275
Y	221	5.00	0.125
Y	222	6.00	0.15
Y	223	6.00	0.15
Y	224	6.00	0.15
Y	225	16.00	0.4
Y	226	0.00	0
Y	227	11.00	0.275
Y	228	0.00	0
Y	229	9.00	0.225
Y	230	0.00	0
Y	231	9.00	0.225
Y	232	0.00	0
Y	233	5.00	0.125
Y	234	13.00	0.325
Y	235	4.00	0.1
Y	236	12.00	0.3
Y	237	16.00	0.4
Y	238	17.00	0.425
Y	239	21.00	0.525
Y	240	10.00	0.25
Y	241	13.00	0.325
Y	242	15.00	0.375
Y	243	14.00	0.35
Y	244	13.00	0.325
Y	245	17.00	0.425
Y	246	27.00	0.675
Y	247	19.00	0.475
Y	248	29.00	0.725
Y	249	26.00	0.65
Y	250	11.00	0.275
Y	251	17.00	0.425
Y	252	8.00	0.2
Y	253	3.00	0.075
Y	254	6.00	0.15
Y	255	10.00	0.25
Y	256	32.00	0.8
Y	257	29.00	0.725
Y	258	40.00	1
Y	259	38.00	0.95
Y	260	38.00	0.95
Y	261	17.00	0.425
Y	262	13.00	0.325
Y	263	6.00	0.15
Y	264	12.00	0.3
Y	265	9.00	0.225
Y	266	8.00	0.2
Y	267	5.00	0.125
Y	268	7.00	0.175
Y	269	4.00	0.1
Y	270	0.00	0
Y	271	8.00	0.2
Y	272	5.00	0.125
Y	273	17.00	0.425
Y	274	5.00	0.125
Y	275	5.00	0.125
Y	276	0.00	0
Y	277	4.00	0.1
Y	278	1.00	0.025
Y	279	7.00	0.175
Y	280	3.00	0.075
Y	281	1.00	0.025
Y	282	7.00	0.175
Y	283	10.00	0.25
Y	284	9.00	0.225
Y	285	2.00	0.05
Y	286	12.00	0.3
Y	287	25.00	0.625
Y	288	18.00	0.45
Y	289	17.00	0.425
Y	290	0.00	0
Y	291	4.00	0.1
Y	292	0.00	0
Y	293	15.00	0.375
Y	294	0.00	0
Y	295	13.00	0.325
Y	296	4.00	0.1
Y	297	4.00	0.1
Y	298	12.00	0.3
Y	299	13.00	0.325
Y	300	22.00	0.55
Y	301	11.00	0.275
Y	302	8.00	0.2
Y	303	4.00	0.1
Y	304	17.00	0.425
Y	305	1.00	0.025
Y	306	6.00	0.15
Y	307	2.00	0.05
Y	308	11.00	0.275
Y	309	16.00	0.4
Y	310	18.00	0.45
Y	311	22.00	0.55
