I	1	39.00	0.696
I	2	22.00	0.392
I	3	8.00	0.142
I	4	8.00	0.142
I	5	1.00	0.017
I	6	11.00	0.196
I	7	9.00	0.160
I	8	10.00	0.178
I	9	17.00	0.303
I	10	7.00	0.125
I	11	9.00	0.160
I	12	10.00	0.178
I	13	9.00	0.160
I	14	37.00	0.660
I	15	10.00	0.178
I	16	10.00	0.178
I	17	36.00	0.642
I	18	10.00	0.178
I	19	8.00	0.142
I	20	28.00	0.5
I	21	32.00	0.571
I	22	0.00	0
I	23	14.00	0.25
I	24	36.00	0.642
I	25	38.00	0.678
I	26	18.00	0.321
I	27	17.00	0.303
I	28	0.00	0
I	29	20.00	0.357
I	30	0.00	0
I	31	19.00	0.339
I	32	9.00	0.160
I	33	4.00	0.071
I	34	3.00	0.053
I	35	1.00	0.017
I	36	4.00	0.071
I	37	5.00	0.089
I	38	2.00	0.035
I	39	7.00	0.125
I	40	0.00	0
I	41	10.00	0.178
I	42	10.00	0.178
I	43	0.00	0
I	44	3.00	0.053
I	45	5.00	0.089
I	46	1.00	0.017
I	47	0.00	0
I	48	11.00	0.196
I	49	9.00	0.160
I	50	3.00	0.053
I	51	4.00	0.071
I	52	11.00	0.196
I	53	1.00	0.017
I	54	15.00	0.267
I	55	21.00	0.375
I	56	0.00	0
I	57	13.00	0.232
I	58	0.00	0
I	59	38.00	0.678
I	60	17.00	0.303
I	61	7.00	0.125
I	62	9.00	0.160
I	63	1.00	0.017
I	64	1.00	0.017
I	65	7.00	0.125
I	66	9.00	0.160
I	67	0.00	0
I	68	2.00	0.035
I	69	9.00	0.160
I	70	14.00	0.25
I	71	0.00	0
I	72	1.00	0.017
I	73	7.00	0.125
I	74	5.00	0.089
I	75	0.00	0
I	76	5.00	0.089
I	77	4.00	0.071
I	78	13.00	0.232
I	79	8.00	0.142
I	80	2.00	0.035
I	81	13.00	0.232
I	82	0.00	0
I	83	24.00	0.428
I	84	25.00	0.446
I	85	2.00	0.035
I	86	14.00	0.25
I	87	0.00	0
I	88	36.00	0.642
I	89	7.00	0.125
I	90	0.00	0
I	91	4.00	0.071
I	92	0.00	0
I	93	6.00	0.107
I	94	7.00	0.125
I	95	6.00	0.107
I	96	4.00	0.071
I	97	0.00	0
I	98	10.00	0.178
I	99	6.00	0.107
I	100	2.00	0.035
I	101	4.00	0.071
I	102	6.00	0.107
I	103	0.00	0
I	104	3.00	0.053
I	105	9.00	0.160
I	106	5.00	0.089
I	107	2.00	0.035
I	108	9.00	0.160
I	109	8.00	0.142
I	110	2.00	0.035
I	111	23.00	0.410
I	112	11.00	0.196
I	113	3.00	0.053
I	114	19.00	0.339
I	115	0.00	0
I	116	15.00	0.267
I	117	10.00	0.178
I	118	2.00	0.035
I	119	10.00	0.178
I	120	0.00	0
I	121	7.00	0.125
I	122	6.00	0.107
I	123	3.00	0.053
I	124	0.00	0
I	125	0.00	0
I	126	6.00	0.107
I	127	3.00	0.053
I	128	0.00	0
I	129	0.00	0
I	130	9.00	0.160
I	131	1.00	0.017
I	132	8.00	0.142
I	133	1.00	0.017
I	134	4.00	0.071
I	135	12.00	0.214
I	136	15.00	0.267
I	137	9.00	0.160
I	138	11.00	0.196
I	139	3.00	0.053
I	140	12.00	0.214
I	141	20.00	0.357
I	142	0.00	0
I	143	22.00	0.392
I	144	0.00	0
I	145	11.00	0.196
I	146	22.00	0.392
I	147	0.00	0
I	148	28.00	0.5
I	149	2.00	0.035
I	150	8.00	0.142
I	151	4.00	0.071
I	152	5.00	0.089
I	153	1.00	0.017
I	154	2.00	0.035
I	155	8.00	0.142
I	156	3.00	0.053
I	157	1.00	0.017
I	158	0.00	0
I	159	5.00	0.089
I	160	5.00	0.089
I	161	0.00	0
I	162	7.00	0.125
I	163	6.00	0.107
I	164	9.00	0.160
I	165	21.00	0.375
I	166	12.00	0.214
I	167	4.00	0.071
I	168	15.00	0.267
I	169	9.00	0.160
I	170	1.00	0.017
I	171	4.00	0.071
I	172	0.00	0
I	173	4.00	0.071
I	174	17.00	0.303
I	175	1.00	0.017
I	176	9.00	0.160
I	177	3.00	0.053
I	178	1.00	0.017
I	179	6.00	0.107
I	180	7.00	0.125
I	181	4.00	0.071
I	182	3.00	0.053
I	183	8.00	0.142
I	184	8.00	0.142
I	185	0.00	0
I	186	4.00	0.071
I	187	3.00	0.053
I	188	0.00	0
I	189	1.00	0.017
I	190	4.00	0.071
I	191	10.00	0.178
I	192	3.00	0.053
I	193	14.00	0.25
I	194	2.00	0.035
I	195	9.00	0.160
I	196	0.00	0
I	197	13.00	0.232
I	198	13.00	0.232
I	199	1.00	0.017
I	200	11.00	0.196
I	201	3.00	0.053
I	202	9.00	0.160
I	203	18.00	0.321
I	204	5.00	0.089
I	205	9.00	0.160
I	206	7.00	0.125
I	207	5.00	0.089
I	208	6.00	0.107
I	209	1.00	0.017
I	210	1.00	0.017
I	211	0.00	0
I	212	7.00	0.125
I	213	3.00	0.053
I	214	1.00	0.017
I	215	10.00	0.178
I	216	5.00	0.089
I	217	1.00	0.017
I	218	2.00	0.035
I	219	8.00	0.142
I	220	8.00	0.142
I	221	8.00	0.142
I	222	10.00	0.178
I	223	7.00	0.125
I	224	1.00	0.017
I	225	19.00	0.339
I	226	12.00	0.214
I	227	0.00	0
I	228	3.00	0.053
I	229	0.00	0
I	230	0.00	0
I	231	13.00	0.232
I	232	4.00	0.071
I	233	7.00	0.125
I	234	2.00	0.035
I	235	3.00	0.053
I	236	5.00	0.089
I	237	6.00	0.107
I	238	0.00	0
I	239	0.00	0
I	240	9.00	0.160
I	241	10.00	0.178
I	242	0.00	0
I	243	1.00	0.017
I	244	6.00	0.107
I	245	9.00	0.160
I	246	2.00	0.035
I	247	16.00	0.285
I	248	6.00	0.107
I	249	15.00	0.267
I	250	3.00	0.053
I	251	2.00	0.035
I	252	14.00	0.25
I	253	1.00	0.017
I	254	26.00	0.464
I	255	9.00	0.160
I	256	0.00	0
I	257	3.00	0.053
I	258	0.00	0
I	259	4.00	0.071
I	260	6.00	0.107
I	261	0.00	0
I	262	4.00	0.071
I	263	0.00	0
I	264	7.00	0.125
I	265	6.00	0.107
I	266	6.00	0.107
I	267	0.00	0
I	268	0.00	0
I	269	20.00	0.357
I	270	15.00	0.267
I	271	0.00	0
I	272	7.00	0.125
I	273	18.00	0.321
I	274	4.00	0.071
I	275	0.00	0
I	276	15.00	0.267
I	277	6.00	0.107
I	278	7.00	0.125
I	279	4.00	0.071
I	280	5.00	0.089
I	281	2.00	0.035
I	282	17.00	0.303
I	283	17.00	0.303
I	284	1.00	0.017
I	285	0.00	0
I	286	0.00	0
I	287	5.00	0.089
I	288	4.00	0.071
I	289	3.00	0.053
I	290	4.00	0.071
I	291	0.00	0
I	292	2.00	0.035
I	293	5.00	0.089
I	294	18.00	0.321
I	295	0.00	0
I	296	12.00	0.214
I	297	35.00	0.625
I	298	20.00	0.357
I	299	2.00	0.035
I	300	9.00	0.160
I	301	35.00	0.625
I	302	1.00	0.017
I	303	5.00	0.089
I	304	27.00	0.482
I	305	15.00	0.267
I	306	9.00	0.160
I	307	5.00	0.089
I	308	1.00	0.017
I	309	11.00	0.196
I	310	0.00	0
I	311	21.00	0.375
I	312	24.00	0.428
I	313	0.00	0
I	314	14.00	0.25
I	315	1.00	0.017
I	316	8.00	0.142
I	317	5.00	0.089
I	318	0.00	0
I	319	1.00	0.017
I	320	0.00	0
I	321	2.00	0.035
I	322	4.00	0.071
I	323	8.00	0.142
I	324	4.00	0.071
I	325	0.00	0
I	326	33.00	0.589
I	327	41.00	0.732
I	328	2.00	0.035
I	329	14.00	0.25
I	330	32.00	0.571
I	331	5.00	0.089
I	332	1.00	0.017
I	333	9.00	0.160
I	334	15.00	0.267
I	335	8.00	0.142
I	336	20.00	0.357
I	337	8.00	0.142
I	338	0.00	0
I	339	23.00	0.410
I	340	36.00	0.642
I	341	0.00	0
I	342	28.00	0.5
I	343	0.00	0
I	344	10.00	0.178
I	345	8.00	0.142
I	346	3.00	0.053
I	347	5.00	0.089
I	348	3.00	0.053
I	349	3.00	0.053
I	350	2.00	0.035
I	351	2.00	0.035
I	352	2.00	0.035
I	353	0.00	0
I	354	12.00	0.214
I	355	19.00	0.339
I	356	0.00	0
I	357	3.00	0.053
I	358	21.00	0.375
I	359	10.00	0.178
I	360	0.00	0
I	361	5.00	0.089
I	362	10.00	0.178
I	363	5.00	0.089
I	364	10.00	0.178
I	365	5.00	0.089
I	366	18.00	0.321
I	367	0.00	0
I	368	34.00	0.607
I	369	31.00	0.553
I	370	0.00	0
I	371	16.00	0.285
I	372	0.00	0
I	373	14.00	0.25
I	374	9.00	0.160
I	375	2.00	0.035
I	376	8.00	0.142
I	377	0.00	0
I	378	7.00	0.125
I	379	2.00	0.035
I	380	5.00	0.089
I	381	1.00	0.017
I	382	0.00	0
I	383	9.00	0.160
I	384	10.00	0.178
I	385	0.00	0
I	386	5.00	0.089
I	387	11.00	0.196
I	388	1.00	0.017
I	389	5.00	0.089
I	390	16.00	0.285
I	391	7.00	0.125
I	392	9.00	0.160
I	393	16.00	0.285
I	394	13.00	0.232
I	395	3.00	0.053
I	396	30.00	0.535
I	397	18.00	0.321
I	398	0.00	0
I	399	15.00	0.267
I	400	0.00	0
I	401	1.00	0.017
I	402	15.00	0.267
I	403	6.00	0.107
I	404	7.00	0.125
I	405	3.00	0.053
I	406	0.00	0
I	407	7.00	0.125
I	408	7.00	0.125
I	409	0.00	0
I	410	0.00	0
I	411	14.00	0.25
I	412	7.00	0.125
I	413	0.00	0
I	414	4.00	0.071
I	415	9.00	0.160
I	416	9.00	0.160
I	417	0.00	0
I	418	11.00	0.196
I	419	13.00	0.232
I	420	12.00	0.214
I	421	12.00	0.214
I	422	9.00	0.160
I	423	12.00	0.214
I	424	6.00	0.107
I	425	18.00	0.321
I	426	25.00	0.446
I	427	0.00	0
I	428	0.00	0
I	429	0.00	0
I	430	2.00	0.035
I	431	4.00	0.071
I	432	3.00	0.053
I	433	3.00	0.053
I	434	4.00	0.071
I	435	10.00	0.178
I	436	5.00	0.089
I	437	13.00	0.232
I	438	3.00	0.053
I	439	3.00	0.053
I	440	6.00	0.107
I	441	9.00	0.160
I	442	0.00	0
I	443	3.00	0.053
I	444	6.00	0.107
I	445	1.00	0.017
I	446	3.00	0.053
I	447	15.00	0.267
I	448	10.00	0.178
I	449	7.00	0.125
I	450	16.00	0.285
I	451	14.00	0.25
I	452	3.00	0.053
I	453	19.00	0.339
I	454	1.00	0.017
I	455	8.00	0.142
I	456	5.00	0.089
