E	1	35.00	0.729
E	2	9.00	0.187
E	3	37.00	0.770
E	4	19.00	0.395
E	5	23.00	0.479
E	6	16.00	0.333
E	7	29.00	0.604
E	8	12.00	0.25
E	9	16.00	0.333
E	10	13.00	0.270
E	11	17.00	0.354
E	12	12.00	0.25
E	13	23.00	0.479
E	16	1.00	0.020
E	17	19.00	0.395
E	18	10.00	0.208
E	19	3.00	0.062
E	20	6.00	0.125
E	21	13.00	0.270
E	22	8.00	0.166
E	23	23.00	0.479
E	24	16.00	0.333
E	25	6.00	0.125
E	26	0.00	0
E	27	1.00	0.020
E	28	2.00	0.041
E	29	0.00	0
E	30	2.00	0.041
E	31	0.00	0
E	32	0.00	0
E	33	0.00	0
E	34	5.00	0.104
E	35	12.00	0.25
E	36	8.00	0.166
E	37	19.00	0.395
E	38	16.00	0.333
E	39	28.00	0.583
E	40	22.00	0.458
E	41	6.00	0.125
E	42	0.00	0
E	43	0.00	0
E	44	0.00	0
E	45	0.00	0
E	46	0.00	0
E	47	14.00	0.291
E	48	19.00	0.395
E	49	25.00	0.520
E	50	16.00	0.333
E	51	5.00	0.104
E	52	0.00	0
E	53	0.00	0
E	54	0.00	0
E	55	0.00	0
E	56	4.00	0.083
E	57	8.00	0.166
E	58	0.00	0
E	59	20.00	0.416
E	60	4.00	0.083
E	61	2.00	0.041
E	62	6.00	0.125
E	63	3.00	0.062
E	64	4.00	0.083
E	65	2.00	0.041
E	66	0.00	0
E	67	0.00	0
E	68	0.00	0
E	69	3.00	0.062
E	70	4.00	0.083
E	71	8.00	0.166
E	72	7.00	0.145
E	73	19.00	0.395
E	74	16.00	0.333
E	75	9.00	0.187
E	76	9.00	0.187
E	77	6.00	0.125
E	78	7.00	0.145
E	79	17.00	0.354
E	80	5.00	0.104
E	81	3.00	0.062
E	82	5.00	0.104
E	83	3.00	0.062
E	84	6.00	0.125
E	85	3.00	0.062
E	86	5.00	0.104
E	87	17.00	0.354
E	88	12.00	0.25
E	89	7.00	0.145
E	90	19.00	0.395
E	91	6.00	0.125
E	92	14.00	0.291
E	93	19.00	0.395
E	94	19.00	0.395
E	95	18.00	0.375
E	96	30.00	0.625
E	97	37.00	0.770
E	98	15.00	0.312
E	99	16.00	0.333
E	100	3.00	0.062
E	101	5.00	0.104
E	102	1.00	0.020
E	103	0.00	0
E	104	3.00	0.062
E	105	0.00	0
E	106	0.00	0
E	107	10.00	0.208
E	108	2.00	0.041
E	109	6.00	0.125
E	110	3.00	0.062
E	111	2.00	0.041
E	112	4.00	0.083
E	113	6.00	0.125
E	114	21.00	0.437
E	115	11.00	0.229
E	116	16.00	0.333
E	117	12.00	0.25
E	118	1.00	0.020
E	119	19.00	0.395
E	120	16.00	0.333
E	121	3.00	0.062
E	122	19.00	0.395
E	123	15.00	0.312
E	124	3.00	0.062
E	125	11.00	0.229
E	126	2.00	0.041
E	127	10.00	0.208
E	128	5.00	0.104
E	129	3.00	0.062
E	130	4.00	0.083
E	131	9.00	0.187
E	132	6.00	0.125
E	133	7.00	0.145
E	134	5.00	0.104
E	135	12.00	0.25
E	136	2.00	0.041
E	137	0.00	0
E	138	0.00	0
E	139	0.00	0
E	140	0.00	0
E	141	2.00	0.041
E	142	0.00	0
E	143	14.00	0.291
E	144	12.00	0.25
E	145	41.00	0.854
E	146	48.00	1
E	149	37.00	0.770
E	150	18.00	0.375
E	151	19.00	0.395
E	152	7.00	0.145
E	153	22.00	0.458
E	154	13.00	0.270
E	155	1.00	0.020
E	156	3.00	0.062
E	157	0.00	0
E	158	0.00	0
E	159	3.00	0.062
E	160	0.00	0
E	161	11.00	0.229
E	162	2.00	0.041
E	163	10.00	0.208
E	164	10.00	0.208
E	165	6.00	0.125
E	166	8.00	0.166
E	167	14.00	0.291
E	168	0.00	0
E	169	14.00	0.291
E	170	24.00	0.5
E	171	19.00	0.395
E	172	12.00	0.25
E	173	12.00	0.25
E	174	14.00	0.291
E	175	14.00	0.291
E	176	4.00	0.083
E	177	12.00	0.25
E	178	6.00	0.125
E	179	1.00	0.020
E	180	1.00	0.020
E	181	0.00	0
E	182	0.00	0
E	183	0.00	0
E	184	1.00	0.020
E	185	6.00	0.125
E	186	5.00	0.104
E	187	5.00	0.104
E	188	3.00	0.062
E	189	6.00	0.125
E	190	2.00	0.041
E	191	0.00	0
E	192	7.00	0.145
E	193	0.00	0
E	194	1.00	0.020
E	195	0.00	0
E	196	0.00	0
E	197	0.00	0
E	198	0.00	0
E	199	0.00	0
E	200	0.00	0
E	201	3.00	0.062
E	202	25.00	0.520
E	203	10.00	0.208
E	204	25.00	0.520
E	205	13.00	0.270
E	206	26.00	0.541
E	207	4.00	0.083
E	208	1.00	0.020
E	209	0.00	0
E	210	0.00	0
E	211	0.00	0
E	212	0.00	0
E	213	0.00	0
E	214	0.00	0
E	215	6.00	0.125
E	216	1.00	0.020
E	217	19.00	0.395
E	218	22.00	0.458
E	219	47.00	0.979
E	220	21.00	0.437
E	221	23.00	0.479
E	222	17.00	0.354
E	223	19.00	0.395
E	224	8.00	0.166
E	225	1.00	0.020
E	226	7.00	0.145
E	227	1.00	0.020
E	228	0.00	0
E	229	0.00	0
E	230	4.00	0.083
E	231	0.00	0
E	232	2.00	0.041
E	233	3.00	0.062
E	234	2.00	0.041
E	235	0.00	0
E	236	4.00	0.083
E	237	6.00	0.125
E	238	0.00	0
E	239	7.00	0.145
E	240	5.00	0.104
E	241	3.00	0.062
E	242	13.00	0.270
E	243	14.00	0.291
E	244	13.00	0.270
E	245	16.00	0.333
