A	1	16.00	0.380
A	2	10.00	0.238
A	3	9.00	0.214
A	4	10.00	0.238
A	5	3.00	0.071
A	6	8.00	0.190
A	7	10.00	0.238
A	8	8.00	0.190
A	9	21.00	0.5
A	10	9.00	0.214
A	11	3.00	0.071
A	12	4.00	0.095
A	13	10.00	0.238
A	14	5.00	0.119
A	15	0.00	0
A	16	6.00	0.142
A	17	15.00	0.357
A	18	2.00	0.047
A	19	8.00	0.190
A	20	12.00	0.285
A	21	14.00	0.333
A	22	6.00	0.142
A	23	8.00	0.190
A	24	13.00	0.309
A	25	19.00	0.452
A	26	14.00	0.333
A	27	16.00	0.380
A	28	23.00	0.547
A	29	21.00	0.5
A	30	22.00	0.523
A	31	24.00	0.571
A	32	13.00	0.309
A	33	6.00	0.142
A	34	11.00	0.261
A	35	24.00	0.571
A	36	23.00	0.547
A	37	8.00	0.190
A	38	21.00	0.5
A	39	3.00	0.071
A	40	17.00	0.404
A	41	7.00	0.166
A	42	7.00	0.166
A	43	8.00	0.190
A	44	1.00	0.023
A	45	8.00	0.190
A	46	13.00	0.309
A	47	21.00	0.5
A	48	29.00	0.690
A	49	33.00	0.785
A	50	18.00	0.428
A	51	14.00	0.333
A	52	4.00	0.095
A	53	13.00	0.309
A	54	7.00	0.166
A	55	7.00	0.166
A	56	3.00	0.071
A	57	0.00	0
A	58	9.00	0.214
A	59	11.00	0.261
A	60	18.00	0.428
A	61	19.00	0.452
A	62	30.00	0.714
A	63	31.00	0.738
A	64	30.00	0.714
A	65	14.00	0.333
A	66	11.00	0.261
A	67	15.00	0.357
A	68	19.00	0.452
A	69	3.00	0.071
A	70	0.00	0
A	71	0.00	0
A	72	9.00	0.214
A	73	3.00	0.071
A	74	13.00	0.309
A	75	10.00	0.238
A	76	14.00	0.333
A	77	7.00	0.166
A	78	1.00	0.023
A	79	3.00	0.071
A	80	4.00	0.095
A	81	5.00	0.119
A	82	1.00	0.023
A	83	27.00	0.642
A	84	24.00	0.571
A	85	3.00	0.071
A	86	1.00	0.023
A	87	12.00	0.285
A	88	8.00	0.190
A	89	2.00	0.047
A	90	5.00	0.119
A	91	4.00	0.095
A	92	2.00	0.047
A	93	6.00	0.142
A	94	4.00	0.095
A	95	10.00	0.238
A	96	9.00	0.214
