chain	res	score	prob
A	36	35.00	0.777
A	37	34.00	0.755
A	38	23.00	0.511
A	39	31.00	0.688
A	40	13.00	0.288
A	41	20.00	0.444
A	42	0.00	0
A	43	5.00	0.111
A	44	32.00	0.711
A	45	10.00	0.222
A	46	25.00	0.555
A	47	14.00	0.311
A	48	31.00	0.688
A	49	0.00	0
A	50	0.00	0
A	51	12.00	0.266
A	52	0.00	0
A	53	0.00	0
A	54	1.00	0.022
A	55	3.00	0.066
A	56	0.00	0
A	57	15.00	0.333
A	58	11.00	0.244
A	59	2.00	0.044
A	60	0.00	0
A	61	2.00	0.044
A	62	5.00	0.111
A	63	7.00	0.155
A	64	3.00	0.066
A	65	6.00	0.133
A	66	6.00	0.133
A	67	7.00	0.155
A	68	5.00	0.111
A	69	0.00	0
A	70	4.00	0.088
A	71	4.00	0.088
A	72	0.00	0
A	73	0.00	0
A	74	4.00	0.088
A	75	9.00	0.2
A	76	0.00	0
A	77	4.00	0.088
A	78	20.00	0.444
A	79	14.00	0.311
A	80	3.00	0.066
A	81	0.00	0
A	82	7.00	0.155
A	83	0.00	0
A	84	0.00	0
A	85	1.00	0.022
A	86	0.00	0
A	87	0.00	0
A	88	4.00	0.088
A	89	8.00	0.177
A	90	12.00	0.266
A	91	8.00	0.177
A	92	6.00	0.133
A	93	2.00	0.044
A	94	4.00	0.088
A	95	0.00	0
A	96	0.00	0
A	97	5.00	0.111
A	98	0.00	0
A	99	0.00	0
A	100	2.00	0.044
A	101	2.00	0.044
A	102	0.00	0
A	103	1.00	0.022
A	104	4.00	0.088
A	105	4.00	0.088
A	106	9.00	0.2
A	107	7.00	0.155
A	108	8.00	0.177
A	109	22.00	0.488
A	110	5.00	0.111
A	111	21.00	0.466
A	112	8.00	0.177
A	113	1.00	0.022
A	114	5.00	0.111
A	115	0.00	0
A	116	0.00	0
A	117	0.00	0
A	118	1.00	0.022
A	119	0.00	0
A	120	0.00	0
A	121	16.00	0.355
A	122	4.00	0.088
A	123	5.00	0.111
A	124	9.00	0.2
A	125	7.00	0.155
A	126	9.00	0.2
A	127	7.00	0.155
A	128	3.00	0.066
A	129	7.00	0.155
A	130	0.00	0
A	131	0.00	0
A	132	0.00	0
A	133	4.00	0.088
A	134	3.00	0.066
A	135	0.00	0
A	136	0.00	0
A	137	7.00	0.155
A	138	7.00	0.155
A	139	2.00	0.044
A	140	0.00	0
A	141	7.00	0.155
A	142	2.00	0.044
A	143	0.00	0
A	144	1.00	0.022
A	145	2.00	0.044
A	146	4.00	0.088
A	147	1.00	0.022
A	148	3.00	0.066
A	149	2.00	0.044
A	150	10.00	0.222
A	151	9.00	0.2
A	152	0.00	0
A	153	9.00	0.2
A	154	3.00	0.066
A	155	0.00	0
A	156	0.00	0
A	157	0.00	0
A	158	4.00	0.088
A	159	8.00	0.177
A	160	1.00	0.022
A	161	5.00	0.111
A	162	13.00	0.288
A	163	5.00	0.111
A	164	4.00	0.088
A	165	9.00	0.2
A	166	15.00	0.333
A	167	15.00	0.333
A	168	4.00	0.088
A	169	0.00	0
A	170	0.00	0
A	171	11.00	0.244
A	172	0.00	0
A	173	0.00	0
A	174	6.00	0.133
A	175	8.00	0.177
A	176	0.00	0
A	177	9.00	0.2
A	178	26.00	0.577
A	179	15.00	0.333
A	180	10.00	0.222
A	181	2.00	0.044
A	182	4.00	0.088
A	183	37.00	0.822
A	184	39.00	0.866
A	185	2.00	0.044
A	186	0.00	0
A	187	0.00	0
A	188	2.00	0.044
A	189	15.00	0.333
A	190	3.00	0.066
A	191	13.00	0.288
A	192	22.00	0.488
A	193	34.00	0.755
A	194	19.00	0.422
A	195	0.00	0
A	196	14.00	0.311
A	197	26.00	0.577
A	198	0.00	0
A	199	3.00	0.066
A	200	25.00	0.555
A	201	15.00	0.333
A	202	0.00	0
A	203	42.00	0.933
A	204	19.00	0.422
A	205	26.00	0.577
A	206	31.00	0.688
A	207	15.00	0.333
A	208	26.00	0.577
A	209	16.00	0.355
A	210	1.00	0.022
A	211	8.00	0.177
A	212	0.00	0
A	213	0.00	0
A	214	0.00	0
A	215	1.00	0.022
A	216	8.00	0.177
A	217	0.00	0
A	218	2.00	0.044
A	219	1.00	0.022
A	220	5.00	0.111
A	221	4.00	0.088
A	222	3.00	0.066
A	223	7.00	0.155
A	224	3.00	0.066
A	225	1.00	0.022
A	226	4.00	0.088
A	227	11.00	0.244
A	228	6.00	0.133
A	229	1.00	0.022
A	230	9.00	0.2
A	231	19.00	0.422
A	232	3.00	0.066
A	233	20.00	0.444
A	234	30.00	0.666
A	235	21.00	0.466
A	236	3.00	0.066
A	237	8.00	0.177
A	238	2.00	0.044
A	239	1.00	0.022
A	240	0.00	0
A	241	2.00	0.044
A	242	0.00	0
A	243	6.00	0.133
A	244	5.00	0.111
A	245	1.00	0.022
A	246	5.00	0.111
A	247	2.00	0.044
A	248	7.00	0.155
A	249	5.00	0.111
A	250	3.00	0.066
A	251	0.00	0
A	252	3.00	0.066
A	253	2.00	0.044
A	254	6.00	0.133
A	255	1.00	0.022
A	256	3.00	0.066
A	257	7.00	0.155
A	258	1.00	0.022
A	259	7.00	0.155
A	260	5.00	0.111
A	261	12.00	0.266
A	262	16.00	0.355
A	263	4.00	0.088
A	264	8.00	0.177
A	265	2.00	0.044
A	266	7.00	0.155
A	267	12.00	0.266
A	268	6.00	0.133
A	269	17.00	0.377
A	270	9.00	0.2
A	271	7.00	0.155
A	272	13.00	0.288
A	273	5.00	0.111
A	274	5.00	0.111
A	275	4.00	0.088
A	276	7.00	0.155
A	277	2.00	0.044
A	278	6.00	0.133
A	279	6.00	0.133
A	280	11.00	0.244
A	281	10.00	0.222
A	282	3.00	0.066
A	283	2.00	0.044
A	284	12.00	0.266
A	285	7.00	0.155
A	286	1.00	0.022
A	287	6.00	0.133
A	288	2.00	0.044
A	289	0.00	0
A	290	1.00	0.022
A	291	6.00	0.133
A	292	0.00	0
A	293	3.00	0.066
A	294	4.00	0.088
A	295	7.00	0.155
A	296	0.00	0
A	297	7.00	0.155
A	298	8.00	0.177
A	299	9.00	0.2
A	300	5.00	0.111
A	301	2.00	0.044
A	302	4.00	0.088
A	303	1.00	0.022
A	304	1.00	0.022
A	305	7.00	0.155
A	306	0.00	0
A	307	0.00	0
A	308	0.00	0
A	309	1.00	0.022
A	310	1.00	0.022
A	311	0.00	0
A	312	6.00	0.133
A	313	6.00	0.133
A	314	5.00	0.111
A	315	26.00	0.577
A	316	7.00	0.155
A	317	0.00	0
A	318	2.00	0.044
A	319	0.00	0
A	320	0.00	0
A	321	0.00	0
A	322	2.00	0.044
A	323	5.00	0.111
A	324	1.00	0.022
A	325	2.00	0.044
A	326	8.00	0.177
A	327	7.00	0.155
A	328	8.00	0.177
A	329	3.00	0.066
A	330	0.00	0
A	331	9.00	0.2
A	332	5.00	0.111
A	333	2.00	0.044
A	334	7.00	0.155
A	335	5.00	0.111
A	336	1.00	0.022
A	337	21.00	0.466
A	338	24.00	0.533
A	339	2.00	0.044
A	340	15.00	0.333
A	341	27.00	0.6
A	342	13.00	0.288
A	343	10.00	0.222
A	344	9.00	0.2
A	345	15.00	0.333
A	346	15.00	0.333
A	347	4.00	0.088
A	348	4.00	0.088
A	349	12.00	0.266
A	350	13.00	0.288
A	351	0.00	0
A	352	9.00	0.2
A	353	12.00	0.266
A	354	3.00	0.066
A	355	1.00	0.022
A	356	5.00	0.111
A	357	7.00	0.155
A	358	14.00	0.311
A	359	11.00	0.244
A	360	20.00	0.444
A	361	15.00	0.333
E	36	22.00	0.488
E	37	28.00	0.622
E	38	26.00	0.577
E	39	4.00	0.088
E	40	3.00	0.066
E	41	0.00	0
E	42	5.00	0.111
E	43	0.00	0
E	44	11.00	0.244
E	45	10.00	0.222
E	46	21.00	0.466
E	47	15.00	0.333
E	48	11.00	0.244
E	49	12.00	0.266
E	50	2.00	0.044
E	51	12.00	0.266
E	52	15.00	0.333
E	53	15.00	0.333
E	54	8.00	0.177
E	55	0.00	0
E	56	16.00	0.355
E	57	17.00	0.377
E	58	9.00	0.2
E	59	15.00	0.333
E	60	8.00	0.177
E	61	4.00	0.088
E	62	5.00	0.111
E	63	0.00	0
E	64	8.00	0.177
E	65	9.00	0.2
E	66	14.00	0.311
E	67	20.00	0.444
E	68	7.00	0.155
E	69	5.00	0.111
E	70	23.00	0.511
E	71	45.00	1
E	72	18.00	0.4
E	73	14.00	0.311
E	74	19.00	0.422
E	75	44.00	0.977
E	76	42.00	0.933
E	77	40.00	0.888
E	78	10.00	0.222
E	79	2.00	0.044
E	80	2.00	0.044
E	81	17.00	0.377
E	82	2.00	0.044
E	83	22.00	0.488
E	84	9.00	0.2
E	85	10.00	0.222
E	86	19.00	0.422
E	87	13.00	0.288
E	88	0.00	0
E	89	0.00	0
E	90	11.00	0.244
E	91	1.00	0.022
E	92	0.00	0
E	93	3.00	0.066
E	94	13.00	0.288
E	95	4.00	0.088
E	96	0.00	0
E	97	6.00	0.133
E	98	7.00	0.155
E	99	9.00	0.2
E	100	6.00	0.133
E	101	13.00	0.288
E	102	4.00	0.088
E	103	18.00	0.4
E	104	20.00	0.444
E	105	16.00	0.355
E	106	27.00	0.6
E	107	25.00	0.555
E	108	8.00	0.177
E	109	17.00	0.377
E	110	11.00	0.244
E	111	14.00	0.311
E	112	10.00	0.222
E	113	5.00	0.111
E	114	10.00	0.222
E	115	15.00	0.333
E	116	2.00	0.044
E	117	5.00	0.111
E	118	7.00	0.155
E	119	5.00	0.111
E	120	0.00	0
E	121	8.00	0.177
E	122	4.00	0.088
E	123	14.00	0.311
E	124	26.00	0.577
E	125	32.00	0.711
E	126	29.00	0.644
