P	1	25.00	0.431
P	2	34.00	0.586
P	3	3.00	0.051
P	4	7.00	0.120
P	5	2.00	0.034
P	6	21.00	0.362
P	7	10.00	0.172
P	8	5.00	0.086
P	9	1.00	0.017
P	10	28.00	0.482
P	11	31.00	0.534
P	12	3.00	0.051
P	13	15.00	0.258
P	14	42.00	0.724
P	15	16.00	0.275
P	16	15.00	0.258
P	17	39.00	0.672
P	18	9.00	0.155
P	19	9.00	0.155
P	20	23.00	0.396
P	21	32.00	0.551
P	22	34.00	0.586
P	23	35.00	0.603
P	24	33.00	0.568
P	25	39.00	0.672
P	26	27.00	0.465
P	27	12.00	0.206
P	28	24.00	0.413
P	29	9.00	0.155
P	30	12.00	0.206
P	31	6.00	0.103
P	32	2.00	0.034
P	33	3.00	0.051
P	34	8.00	0.137
P	35	0.00	0
P	36	0.00	0
P	37	5.00	0.086
P	38	3.00	0.051
P	39	1.00	0.017
P	40	1.00	0.017
P	41	7.00	0.120
P	42	12.00	0.206
P	43	11.00	0.189
P	44	3.00	0.051
P	45	4.00	0.068
P	46	3.00	0.051
P	47	8.00	0.137
P	48	12.00	0.206
P	49	11.00	0.189
P	50	17.00	0.293
P	51	19.00	0.327
P	52	24.00	0.413
P	53	16.00	0.275
P	54	16.00	0.275
P	55	3.00	0.051
P	56	15.00	0.258
P	57	1.00	0.017
P	58	5.00	0.086
P	59	2.00	0.034
P	60	0.00	0
P	61	2.00	0.034
P	62	0.00	0
P	63	6.00	0.103
P	64	12.00	0.206
P	65	9.00	0.155
P	66	3.00	0.051
P	67	7.00	0.120
P	68	1.00	0.017
P	69	12.00	0.206
P	70	20.00	0.344
P	71	29.00	0.5
P	72	14.00	0.241
P	73	58.00	1
P	74	40.00	0.689
P	75	31.00	0.534
P	76	23.00	0.396
P	77	42.00	0.724
P	78	48.00	0.827
P	79	28.00	0.482
P	80	54.00	0.931
P	81	42.00	0.724
P	82	5.00	0.086
P	83	15.00	0.258
P	84	16.00	0.275
P	85	4.00	0.068
P	86	6.00	0.103
P	87	3.00	0.051
P	88	3.00	0.051
P	89	7.00	0.120
P	90	2.00	0.034
P	91	9.00	0.155
P	92	1.00	0.017
P	93	7.00	0.120
P	94	14.00	0.241
P	95	10.00	0.172
P	96	0.00	0
P	97	9.00	0.155
P	98	7.00	0.120
P	99	0.00	0
P	100	0.00	0
P	101	11.00	0.189
P	102	1.00	0.017
P	103	0.00	0
P	104	11.00	0.189
P	105	5.00	0.086
P	106	0.00	0
P	107	0.00	0
P	108	12.00	0.206
P	109	6.00	0.103
P	110	15.00	0.258
P	111	18.00	0.310
P	112	17.00	0.293
P	113	2.00	0.034
P	114	5.00	0.086
P	115	3.00	0.051
P	116	3.00	0.051
P	117	3.00	0.051
P	118	2.00	0.034
P	119	9.00	0.155
P	120	9.00	0.155
P	121	3.00	0.051
P	122	0.00	0
P	123	1.00	0.017
P	124	0.00	0
P	125	0.00	0
P	126	2.00	0.034
P	127	1.00	0.017
P	128	4.00	0.068
P	129	28.00	0.482
P	130	33.00	0.568
P	131	36.00	0.620
P	132	18.00	0.310
P	133	7.00	0.120
P	134	1.00	0.017
P	135	0.00	0
P	136	6.00	0.103
P	137	13.00	0.224
P	138	22.00	0.379
P	139	18.00	0.310
P	140	3.00	0.051
P	141	6.00	0.103
P	142	10.00	0.172
P	143	10.00	0.172
P	144	10.00	0.172
P	145	11.00	0.189
P	146	8.00	0.137
P	147	5.00	0.086
P	148	0.00	0
P	149	2.00	0.034
P	150	0.00	0
P	151	0.00	0
P	152	0.00	0
P	153	2.00	0.034
P	154	5.00	0.086
P	155	11.00	0.189
P	156	15.00	0.258
P	157	12.00	0.206
P	158	11.00	0.189
P	159	7.00	0.120
P	160	6.00	0.103
P	161	1.00	0.017
P	162	5.00	0.086
P	163	8.00	0.137
P	164	1.00	0.017
P	165	8.00	0.137
P	166	6.00	0.103
P	167	6.00	0.103
P	168	5.00	0.086
P	169	4.00	0.068
P	170	0.00	0
P	171	0.00	0
P	172	0.00	0
P	173	0.00	0
P	174	0.00	0
P	175	0.00	0
P	176	1.00	0.017
P	177	0.00	0
P	178	0.00	0
P	179	0.00	0
P	180	6.00	0.103
P	181	0.00	0
P	182	0.00	0
P	183	1.00	0.017
P	184	0.00	0
P	185	3.00	0.051
P	186	6.00	0.103
P	187	0.00	0
P	188	0.00	0
P	189	9.00	0.155
P	190	4.00	0.068
P	191	16.00	0.275
P	192	8.00	0.137
P	193	25.00	0.431
P	194	28.00	0.482
P	195	19.00	0.327
P	196	23.00	0.396
P	197	6.00	0.103
P	198	5.00	0.086
P	199	10.00	0.172
P	200	10.00	0.172
P	201	10.00	0.172
P	202	6.00	0.103
P	203	5.00	0.086
P	204	1.00	0.017
P	205	0.00	0
P	206	0.00	0
P	207	0.00	0
P	208	0.00	0
P	209	2.00	0.034
P	210	1.00	0.017
P	211	1.00	0.017
P	212	6.00	0.103
P	213	0.00	0
P	214	0.00	0
P	215	0.00	0
P	216	0.00	0
P	217	3.00	0.051
P	218	1.00	0.017
P	219	5.00	0.086
P	220	13.00	0.224
P	221	16.00	0.275
P	222	12.00	0.206
P	223	12.00	0.206
P	224	3.00	0.051
P	225	2.00	0.034
P	226	1.00	0.017
P	227	3.00	0.051
P	228	6.00	0.103
P	229	5.00	0.086
P	230	1.00	0.017
P	231	0.00	0
P	232	0.00	0
P	233	1.00	0.017
P	234	0.00	0
P	235	0.00	0
P	236	0.00	0
P	237	3.00	0.051
P	238	0.00	0
P	239	0.00	0
P	240	2.00	0.034
P	241	0.00	0
P	242	0.00	0
P	243	8.00	0.137
P	244	4.00	0.068
P	245	10.00	0.172
P	246	15.00	0.258
P	247	9.00	0.155
P	248	13.00	0.224
P	249	11.00	0.189
P	250	19.00	0.327
P	251	14.00	0.241
P	252	5.00	0.086
P	253	5.00	0.086
P	254	14.00	0.241
P	255	9.00	0.155
P	256	9.00	0.155
P	257	2.00	0.034
P	258	3.00	0.051
P	259	0.00	0
P	260	0.00	0
P	261	5.00	0.086
P	262	5.00	0.086
P	263	5.00	0.086
P	264	2.00	0.034
P	265	4.00	0.068
P	266	12.00	0.206
P	267	5.00	0.086
P	268	4.00	0.068
P	269	2.00	0.034
P	270	1.00	0.017
P	271	2.00	0.034
P	272	2.00	0.034
P	273	5.00	0.086
P	274	10.00	0.172
P	275	5.00	0.086
P	276	2.00	0.034
P	277	2.00	0.034
P	278	9.00	0.155
P	279	0.00	0
P	280	2.00	0.034
P	281	0.00	0
P	282	0.00	0
P	283	0.00	0
P	284	2.00	0.034
P	285	0.00	0
P	286	11.00	0.189
P	287	4.00	0.068
P	288	6.00	0.103
P	289	11.00	0.189
P	290	1.00	0.017
P	291	6.00	0.103
P	292	0.00	0
P	293	7.00	0.120
P	294	0.00	0
P	295	5.00	0.086
P	296	8.00	0.137
P	297	1.00	0.017
P	298	4.00	0.068
P	299	4.00	0.068
P	300	5.00	0.086
P	301	1.00	0.017
P	302	7.00	0.120
P	303	0.00	0
P	304	1.00	0.017
P	305	0.00	0
P	306	2.00	0.034
P	307	12.00	0.206
P	308	8.00	0.137
P	309	6.00	0.103
P	310	4.00	0.068
P	311	0.00	0
P	312	5.00	0.086
P	313	0.00	0
P	314	1.00	0.017
P	315	4.00	0.068
P	316	1.00	0.017
P	317	7.00	0.120
P	318	0.00	0
P	319	1.00	0.017
P	320	0.00	0
P	321	1.00	0.017
P	322	0.00	0
P	323	0.00	0
P	324	0.00	0
P	325	8.00	0.137
P	326	2.00	0.034
P	327	2.00	0.034
P	328	0.00	0
P	329	7.00	0.120
P	330	14.00	0.241
P	331	0.00	0
P	332	8.00	0.137
P	333	0.00	0
P	334	1.00	0.017
P	335	7.00	0.120
P	336	2.00	0.034
P	337	4.00	0.068
P	338	1.00	0.017
P	339	1.00	0.017
P	340	0.00	0
P	341	0.00	0
P	342	0.00	0
P	343	4.00	0.068
P	344	19.00	0.327
P	345	14.00	0.241
P	346	9.00	0.155
P	347	5.00	0.086
P	348	15.00	0.258
P	349	0.00	0
P	350	23.00	0.396
P	351	3.00	0.051
P	352	10.00	0.172
P	353	7.00	0.120
P	354	4.00	0.068
P	355	3.00	0.051
P	356	2.00	0.034
P	357	3.00	0.051
P	358	0.00	0
P	359	6.00	0.103
P	360	2.00	0.034
P	361	5.00	0.086
P	362	22.00	0.379
P	363	15.00	0.258
P	364	9.00	0.155
P	365	0.00	0
P	366	18.00	0.310
P	367	0.00	0
P	368	22.00	0.379
P	369	3.00	0.051
P	370	12.00	0.206
P	371	13.00	0.224
P	372	1.00	0.017
P	373	7.00	0.120
P	374	1.00	0.017
P	375	5.00	0.086
P	376	0.00	0
P	377	0.00	0
P	378	2.00	0.034
P	379	16.00	0.275
P	380	18.00	0.310
P	381	16.00	0.275
P	382	8.00	0.137
P	383	12.00	0.206
P	384	1.00	0.017
P	385	7.00	0.120
P	386	11.00	0.189
P	387	12.00	0.206
P	388	3.00	0.051
P	389	5.00	0.086
P	390	1.00	0.017
P	391	19.00	0.327
P	392	0.00	0
P	393	36.00	0.620
P	394	14.00	0.241
P	395	6.00	0.103
P	396	7.00	0.120
P	397	10.00	0.172
P	398	6.00	0.103
P	399	5.00	0.086
P	400	3.00	0.051
P	401	8.00	0.137
P	402	0.00	0
P	403	1.00	0.017
P	404	0.00	0
P	405	6.00	0.103
P	406	12.00	0.206
P	407	3.00	0.051
P	408	24.00	0.413
P	409	23.00	0.396
P	410	32.00	0.551
P	411	25.00	0.431
P	412	37.00	0.637
P	413	22.00	0.379
P	414	24.00	0.413
P	415	34.00	0.586
P	416	37.00	0.637
P	417	30.00	0.517
P	418	16.00	0.275
P	419	32.00	0.551
P	420	12.00	0.206
P	421	21.00	0.362
P	422	21.00	0.362
P	423	24.00	0.413
P	424	12.00	0.206
P	425	9.00	0.155
P	426	16.00	0.275
P	427	7.00	0.120
P	428	4.00	0.068
P	429	7.00	0.120
P	430	0.00	0
P	431	13.00	0.224
P	432	10.00	0.172
P	433	8.00	0.137
P	434	20.00	0.344
P	435	14.00	0.241
P	436	13.00	0.224
P	437	16.00	0.275
P	438	19.00	0.327
P	439	22.00	0.379
P	440	15.00	0.258
P	441	3.00	0.051
P	442	12.00	0.206
P	443	0.00	0
P	444	12.00	0.206
P	445	0.00	0
P	446	0.00	0
P	447	13.00	0.224
P	448	14.00	0.241
P	449	5.00	0.086
P	450	22.00	0.379
P	451	18.00	0.310
P	452	23.00	0.396
P	453	15.00	0.258
P	454	14.00	0.241
P	455	0.00	0
P	456	7.00	0.120
P	457	0.00	0
P	458	10.00	0.172
P	459	2.00	0.034
P	460	15.00	0.258
P	461	3.00	0.051
P	462	20.00	0.344
P	463	2.00	0.034
P	464	5.00	0.086
P	465	18.00	0.310
P	466	12.00	0.206
P	467	1.00	0.017
P	468	16.00	0.275
P	469	18.00	0.310
P	470	30.00	0.517
