E	1	14.00	0.25
E	2	10.00	0.178
E	3	4.00	0.071
E	4	0.00	0
E	5	6.00	0.107
E	6	4.00	0.071
E	7	7.00	0.125
E	8	3.00	0.053
E	9	11.00	0.196
E	10	13.00	0.232
E	11	1.00	0.017
E	12	3.00	0.053
E	13	3.00	0.053
E	14	2.00	0.035
E	15	5.00	0.089
E	16	4.00	0.071
E	17	4.00	0.071
E	18	6.00	0.107
E	19	5.00	0.089
E	20	1.00	0.017
E	21	6.00	0.107
E	22	7.00	0.125
E	23	3.00	0.053
E	24	10.00	0.178
E	25	3.00	0.053
E	26	0.00	0
E	27	11.00	0.196
E	28	15.00	0.267
E	29	14.00	0.25
E	30	1.00	0.017
E	31	16.00	0.285
E	32	21.00	0.375
E	33	12.00	0.214
E	34	6.00	0.107
E	35	1.00	0.017
E	36	10.00	0.178
E	37	7.00	0.125
E	38	8.00	0.142
E	39	21.00	0.375
E	40	9.00	0.160
E	41	1.00	0.017
E	42	8.00	0.142
E	43	6.00	0.107
E	44	0.00	0
E	45	1.00	0.017
E	46	0.00	0
E	47	0.00	0
E	48	2.00	0.035
E	49	3.00	0.053
E	50	4.00	0.071
E	51	4.00	0.071
E	52	6.00	0.107
E	53	21.00	0.375
E	54	1.00	0.017
E	55	15.00	0.267
E	56	20.00	0.357
E	57	2.00	0.035
E	58	13.00	0.232
E	59	42.00	0.75
E	60	44.00	0.785
E	61	48.00	0.857
E	62	56.00	1
E	63	19.00	0.339
E	64	14.00	0.25
E	65	5.00	0.089
E	66	12.00	0.214
E	67	6.00	0.107
E	68	7.00	0.125
E	69	8.00	0.142
E	70	24.00	0.428
E	71	18.00	0.321
E	72	0.00	0
E	73	48.00	0.857
E	74	23.00	0.410
E	75	9.00	0.160
E	76	52.00	0.928
E	77	26.00	0.464
E	78	22.00	0.392
E	79	5.00	0.089
E	80	2.00	0.035
E	81	0.00	0
E	82	0.00	0
E	83	2.00	0.035
E	84	0.00	0
E	85	9.00	0.160
E	86	10.00	0.178
E	87	7.00	0.125
E	88	6.00	0.107
E	89	5.00	0.089
E	90	4.00	0.071
E	91	14.00	0.25
E	92	23.00	0.410
E	93	18.00	0.321
E	94	8.00	0.142
E	95	9.00	0.160
E	96	8.00	0.142
E	97	5.00	0.089
E	98	4.00	0.071
E	99	4.00	0.071
E	100	3.00	0.053
E	101	2.00	0.035
E	102	3.00	0.053
E	103	4.00	0.071
E	104	5.00	0.089
E	105	31.00	0.553
E	106	0.00	0
E	107	4.00	0.071
E	108	0.00	0
E	109	0.00	0
E	110	6.00	0.107
E	111	25.00	0.446
E	112	26.00	0.464
E	113	28.00	0.5
E	114	14.00	0.25
E	115	45.00	0.803
E	116	13.00	0.232
E	117	4.00	0.071
E	118	5.00	0.089
E	119	4.00	0.071
E	120	2.00	0.035
E	121	8.00	0.142
E	122	4.00	0.071
E	123	6.00	0.107
E	124	21.00	0.375
