14   1
17   0.711555
20   0.701481
19   0.672208
92   0.55011
16   0.547907
109  0.543871
15   0.543028
13   0.528457
23   0.526396
96   0.521952
95   0.515413
110  0.512716
93   0.463383
24   0.453445
99   0.438809
112  0.419475
90   0.36842
94   0.358913
100  0.353783
97   0.309581
91   0.307265
89   0.271958
66   0.25351
88   0.187613
22   0.18691
61   0.180917
102  0.176086
106  0.168393
27   0.155844
18   0.153957
6    0.149129
59   0.148286
105  0.13912
113  0.137056
35   0.130318
26   0.129615
108  0.116907
125  0.102858
37   0.101838
60   0.096549
127  0.0901512
104  0.0875417
62   0.0851606
50   0.082938
126  0.0756968
124  0.0735859
76   0.0683018
5    0.066191
129  0.0647837
64   0.0607671
122  0.0589964
7    0.0585444
29   0.0564336
32   0.0536657
128  0.0535958
114  0.048787
4    0.0486053
111  0.0443603
2    0.0426595
3    0.0417975
75   0.0390297
48   0.0390297
121  0.0363736
47   0.0341509
31   0.0341509
34   0.0339692
77   0.0292722
49   0.0292722
28   0.0292722
117  0.0292722
58   0.0271381
87   0.0266162
101  0.0266162
67   0.0243935
115  0.0243935
103  0.0243935
52   0.0195148
40   0.0195148
118  0.0195148
79   0.0146361
63   0.0125253
80   0.0097574
74   0.0097574
70   0.0097574
45   0.0097574
44   0.0097574
41   0.0097574
119  0.0097574
73   0.0048787
71   0.0048787
43   0.0048787
30   0.00469697
98   0
9    0
86   0
85   0
84   0
83   0
82   0
81   0
8    0
78   0
72   0
69   0
68   0
65   0
57   0
56   0
55   0
54   0
53   0
51   0
46   0
42   0
39   0
38   0
36   0
33   0
25   0
21   0
123  0
120  0
12   0
116  0
11   0
107  0
10   0
