151  1
192  0.911773
219  0.851711
216  0.779674
99   0.767671
57   0.691799
215  0.625629
41   0.610403
195  0.589869
217  0.582831
149  0.573804
94   0.512822
74   0.440379
98   0.435623
175  0.391509
60   0.388165
59   0.333022
73   0.315179
221  0.298962
191  0.277827
154  0.255823
40   0.25398
193  0.246464
96   0.21133
153  0.207865
75   0.202741
90   0.198511
93   0.181969
39   0.181969
150  0.178246
148  0.17094
92   0.165426
95   0.159449
223  0.148884
152  0.128643
174  0.121313
144  0.117589
21   0.11405
224  0.112075
156  0.108536
109  0.10477
20   0.101073
89   0.0992557
61   0.0987922
71   0.0955586
62   0.0924565
88   0.0869424
72   0.0835822
37   0.0835822
23   0.0835822
24   0.078068
177  0.0771989
70   0.0725538
26   0.0657071
76   0.055142
100  0.055142
85   0.0546786
18   0.0546786
123  0.0496279
25   0.0491644
19   0.0491644
34   0.0436502
27   0.0436502
97   0.0385994
128  0.0385994
229  0.0330853
178  0.0330853
48   0.027571
173  0.027571
125  0.027571
66   0.0220569
222  0.0220569
221  0.0220569
146  0.0220569
64   0.0165426
49   0.0165426
38   0.0165426
202  0.0165426
188  0.0165426
147  0.0165426
145  0.0165426
111  0.0165426
110  0.0165426
86   0.0110284
82   0.0110284
78   0.0110284
77   0.0110284
50   0.0110284
243  0.0110284
234  0.0110284
232  0.0110284
204  0.0110284
203  0.0110284
187  0.0110284
179  0.0110284
127  0.0110284
87   0.0055142
84   0.0055142
81   0.0055142
79   0.0055142
28   0.0055142
244  0.0055142
242  0.0055142
241  0.0055142
239  0.0055142
238  0.0055142
236  0.0055142
235  0.0055142
186  0.0055142
185  0.0055142
184  0.0055142
170  0.0055142
169  0.0055142
167  0.0055142
166  0.0055142
165  0.0055142
164  0.0055142
163  0.0055142
161  0.0055142
159  0.0055142
137  0.0055142
135  0.0055142
134  0.0055142
133  0.0055142
132  0.0055142
130  0.0055142
129  0.0055142
122  0.0055142
120  0.0055142
119  0.0055142
116  0.0055142
115  0.0055142
114  0.0055142
113  0.0055142
42   0.000589869
214  0.000589869
190  0.000589869
91   0
83   0
80   0
69   0
67   0
65   0
63   0
58   0
56   0
55   0
54   0
53   0
52   0
51   0
47   0
46   0
45   0
44   0
43   0
33   0
32   0
31   0
30   0
29   0
245  0
240  0
237  0
233  0
231  0
230  0
228  0
227  0
226  0
225  0
220  0
22   0
213  0
212  0
211  0
210  0
209  0
201  0
200  0
199  0
198  0
197  0
196  0
194  0
189  0
183  0
182  0
181  0
180  0
176  0
172  0
171  0
17   0
168  0
162  0
160  0
16   0
158  0
157  0
155  0
143  0
142  0
141  0
140  0
139  0
138  0
136  0
124  0
121  0
118  0
117  0
112  0
108  0
107  0
106  0
105  0
104  0
103  0
102  0
101  0
