71   1
69   0.894107
121  0.852276
123  0.741104
73   0.740649
76   0.643443
74   0.614962
165  0.607747
103  0.607747
126  0.597157
72   0.593783
125  0.590134
67   0.549956
79   0.529348
104  0.478364
124  0.463062
80   0.462293
102  0.433099
106  0.423536
107  0.417139
68   0.383182
54   0.375277
91   0.37059
55   0.369984
88   0.366974
70   0.327666
105  0.314103
81   0.308237
120  0.293634
82   0.269385
1    0.264732
46   0.242491
164  0.237814
4    0.228817
149  0.22767
44   0.222375
78   0.216437
43   0.211786
84   0.20284
118  0.192251
45   0.190607
122  0.159153
2    0.158839
163  0.137019
148  0.132366
134  0.116482
87   0.111188
30   0.111188
60   0.100598
27   0.100598
93   0.0995363
89   0.090009
131  0.090009
117  0.0865601
86   0.0794197
136  0.074125
85   0.0730631
59   0.0688304
144  0.0688304
133  0.0688304
58   0.0635357
151  0.0635357
47   0.0547922
42   0.0547922
9    0.0529464
52   0.0525014
41   0.0494976
160  0.0476518
5    0.0470096
3    0.0423572
23   0.0423572
147  0.0423572
143  0.0423572
31   0.0370625
95   0.0317679
49   0.0317679
28   0.0317679
7    0.028319
37   0.028319
161  0.028319
90   0.0264732
19   0.0264732
140  0.0264732
137  0.0264732
13   0.0264732
34   0.0211786
26   0.0211786
18   0.0211786
146  0.0211786
145  0.0211786
152  0.0158839
15   0.0158839
50   0.0105893
159  0.0105893
155  0.0105893
141  0.0105893
17   0.00529464
16   0.00529464
157  0.00529464
154  0.00529464
153  0.00529464
14   0.00529464
75   0.000566381
99   0
98   0
97   0
96   0
94   0
92   0
83   0
8    0
77   0
66   0
65   0
64   0
63   0
62   0
61   0
6    0
57   0
56   0
53   0
51   0
48   0
40   0
39   0
38   0
36   0
35   0
33   0
32   0
29   0
25   0
24   0
22   0
21   0
20   0
162  0
158  0
156  0
150  0
142  0
139  0
138  0
135  0
132  0
130  0
129  0
128  0
127  0
12   0
119  0
116  0
115  0
114  0
113  0
112  0
111  0
110  0
11   0
109  0
108  0
101  0
100  0
10   0
