34   1
75   0.951182
84   0.850007
85   0.846029
73   0.815002
83   0.788189
37   0.764967
74   0.755023
53   0.700015
77   0.679086
92   0.665058
86   0.66001
103  0.646584
33   0.639467
87   0.638168
93   0.606215
35   0.594543
54   0.551327
95   0.546326
13   0.53249
79   0.52749
104  0.521203
32   0.516202
11   0.495069
5    0.490068
6    0.485067
52   0.485067
40   0.485067
38   0.485067
81   0.480066
57   0.480066
47   0.480066
66   0.475066
49   0.470065
96   0.462479
76   0.461114
41   0.461114
60   0.460063
10   0.460063
7    0.455063
4    0.455063
65   0.450062
8    0.445061
67   0.445061
14   0.444053
63   0.44006
91   0.440028
78   0.437476
50   0.430059
94   0.42619
24   0.425058
22   0.410056
102  0.406551
56   0.405056
43   0.405056
39   0.404946
58   0.385053
3    0.360049
28   0.360049
42   0.355049
97   0.341297
15   0.300042
105  0.276289
89   0.275038
36   0.269497
23   0.250034
2    0.250034
98   0.245001
16   0.245001
46   0.205028
21   0.190026
9    0.186157
80   0.186157
62   0.186157
45   0.186157
44   0.186157
31   0.186157
27   0.186157
25   0.186157
88   0.184018
29   0.184018
26   0.175024
30   0.165022
99   0.115016
72   0.114476
55   0.111266
19   0.0900124
20   0.080011
12   0.0524237
90   0
82   0
71   0
70   0
69   0
68   0
64   0
61   0
59   0
51   0
48   0
18   0
17   0
105  0
101  0
100  0
1    0
