153  1
81   0.909606
151  0.902944
40   0.837917
579  0.796797
150  0.796611
152  0.775796
83   0.730499
149  0.724936
148  0.699508
41   0.684351
76   0.683711
154  0.665601
578  0.661172
85   0.629922
86   0.609067
4    0.601836
203  0.586397
574  0.525547
577  0.491641
80   0.45886
3    0.457734
580  0.389921
57   0.381446
78   0.361603
39   0.352624
334  0.347539
82   0.341023
323  0.339063
572  0.330586
146  0.310743
147  0.307117
193  0.276285
210  0.271249
202  0.267809
79   0.235247
89   0.211915
573  0.211915
582  0.203438
569  0.203438
518  0.194961
333  0.194961
42   0.193698
407  0.186485
571  0.178008
172  0.176703
107  0.17591
576  0.169531
533  0.169531
258  0.169531
398  0.161055
241  0.145397
200  0.145397
520  0.142839
199  0.136921
575  0.135625
445  0.135625
440  0.135625
523  0.134362
583  0.127148
5    0.127148
244  0.121506
631  0.118672
58   0.118672
517  0.101719
522  0.100456
196  0.0961567
478  0.0932422
320  0.0932422
521  0.0919791
37   0.0909914
201  0.0909914
242  0.0882711
198  0.0876802
531  0.0847655
53   0.0847655
442  0.0847655
321  0.0847655
211  0.0847655
166  0.0825149
197  0.0792036
195  0.0792036
475  0.076289
43   0.076289
1    0.076289
9    0.0678125
6    0.0678125
335  0.0678125
2    0.0678125
519  0.0593359
443  0.0593359
277  0.0593359
229  0.0534988
54   0.0508594
471  0.0508594
212  0.0508594
131  0.0508594
124  0.0508594
38   0.0495963
220  0.047467
71   0.0423828
7    0.0423828
606  0.0423828
570  0.0423828
568  0.0423828
529  0.0423828
516  0.0423828
515  0.0423828
46   0.0423828
454  0.0423828
447  0.0423828
400  0.0423828
397  0.0423828
327  0.0423828
322  0.0423828
286  0.0423828
281  0.0423828
188  0.0423828
240  0.0411197
228  0.0411197
227  0.0411197
169  0.0411197
145  0.0389905
61   0.0339063
607  0.0339063
473  0.0339063
455  0.0339063
453  0.0339063
441  0.0339063
439  0.0339063
332  0.0339063
278  0.0339063
271  0.0339063
120  0.0339063
513  0.0326432
91   0.0254296
626  0.0254296
619  0.0254296
59   0.0254296
587  0.0254296
586  0.0254296
566  0.0254296
565  0.0254296
56   0.0254296
534  0.0254296
528  0.0254296
52   0.0254296
482  0.0254296
468  0.0254296
429  0.0254296
410  0.0254296
403  0.0254296
401  0.0254296
396  0.0254296
331  0.0254296
325  0.0254296
256  0.0254296
209  0.0254296
206  0.0254296
16   0.0254296
12   0.0254296
100  0.0254296
70   0.0169531
623  0.0169531
621  0.0169531
620  0.0169531
618  0.0169531
617  0.0169531
609  0.0169531
605  0.0169531
594  0.0169531
589  0.0169531
567  0.0169531
558  0.0169531
557  0.0169531
55   0.0169531
547  0.0169531
540  0.0169531
535  0.0169531
525  0.0169531
524  0.0169531
510  0.0169531
50   0.0169531
488  0.0169531
483  0.0169531
477  0.0169531
472  0.0169531
47   0.0169531
469  0.0169531
421  0.0169531
420  0.0169531
413  0.0169531
411  0.0169531
402  0.0169531
395  0.0169531
364  0.0169531
336  0.0169531
329  0.0169531
328  0.0169531
308  0.0169531
282  0.0169531
272  0.0169531
270  0.0169531
269  0.0169531
268  0.0169531
267  0.0169531
259  0.0169531
224  0.0169531
223  0.0169531
22   0.0169531
186  0.0169531
181  0.0169531
180  0.0169531
170  0.0169531
17   0.0169531
129  0.0169531
117  0.0169531
108  0.0169531
104  0.0169531
96   0.00847655
94   0.00847655
93   0.00847655
92   0.00847655
88   0.00847655
87   0.00847655
69   0.00847655
67   0.00847655
66   0.00847655
63   0.00847655
627  0.00847655
625  0.00847655
62   0.00847655
616  0.00847655
615  0.00847655
614  0.00847655
612  0.00847655
604  0.00847655
599  0.00847655
597  0.00847655
596  0.00847655
595  0.00847655
556  0.00847655
550  0.00847655
549  0.00847655
548  0.00847655
546  0.00847655
538  0.00847655
537  0.00847655
526  0.00847655
509  0.00847655
508  0.00847655
502  0.00847655
501  0.00847655
500  0.00847655
499  0.00847655
498  0.00847655
492  0.00847655
490  0.00847655
489  0.00847655
485  0.00847655
476  0.00847655
470  0.00847655
461  0.00847655
438  0.00847655
436  0.00847655
435  0.00847655
434  0.00847655
433  0.00847655
432  0.00847655
431  0.00847655
430  0.00847655
419  0.00847655
418  0.00847655
417  0.00847655
415  0.00847655
414  0.00847655
406  0.00847655
388  0.00847655
386  0.00847655
383  0.00847655
369  0.00847655
363  0.00847655
362  0.00847655
361  0.00847655
357  0.00847655
356  0.00847655
355  0.00847655
354  0.00847655
353  0.00847655
351  0.00847655
350  0.00847655
35   0.00847655
349  0.00847655
344  0.00847655
343  0.00847655
342  0.00847655
340  0.00847655
34   0.00847655
337  0.00847655
330  0.00847655
33   0.00847655
32   0.00847655
319  0.00847655
318  0.00847655
316  0.00847655
314  0.00847655
312  0.00847655
309  0.00847655
304  0.00847655
302  0.00847655
300  0.00847655
30   0.00847655
299  0.00847655
298  0.00847655
297  0.00847655
296  0.00847655
295  0.00847655
294  0.00847655
293  0.00847655
292  0.00847655
291  0.00847655
290  0.00847655
285  0.00847655
283  0.00847655
280  0.00847655
279  0.00847655
275  0.00847655
274  0.00847655
27   0.00847655
265  0.00847655
264  0.00847655
263  0.00847655
261  0.00847655
260  0.00847655
26   0.00847655
255  0.00847655
254  0.00847655
250  0.00847655
249  0.00847655
247  0.00847655
239  0.00847655
238  0.00847655
237  0.00847655
236  0.00847655
235  0.00847655
234  0.00847655
233  0.00847655
23   0.00847655
226  0.00847655
225  0.00847655
222  0.00847655
221  0.00847655
217  0.00847655
216  0.00847655
214  0.00847655
213  0.00847655
207  0.00847655
205  0.00847655
19   0.00847655
18   0.00847655
171  0.00847655
160  0.00847655
158  0.00847655
156  0.00847655
15   0.00847655
143  0.00847655
14   0.00847655
137  0.00847655
136  0.00847655
135  0.00847655
134  0.00847655
133  0.00847655
132  0.00847655
13   0.00847655
116  0.00847655
113  0.00847655
112  0.00847655
11   0.00847655
109  0.00847655
10   0.00847655
99   0
98   0
97   0
95   0
90   0
84   0
8    0
77   0
75   0
74   0
73   0
72   0
68   0
65   0
64   0
630  0
629  0
628  0
624  0
622  0
613  0
611  0
610  0
608  0
603  0
602  0
601  0
600  0
60   0
598  0
593  0
592  0
591  0
590  0
588  0
585  0
584  0
581  0
564  0
563  0
562  0
561  0
560  0
559  0
555  0
554  0
553  0
552  0
551  0
545  0
544  0
543  0
542  0
541  0
539  0
536  0
532  0
530  0
527  0
514  0
512  0
511  0
51   0
507  0
506  0
505  0
504  0
503  0
497  0
496  0
495  0
494  0
493  0
491  0
49   0
487  0
486  0
484  0
481  0
480  0
48   0
479  0
474  0
467  0
466  0
465  0
464  0
463  0
462  0
460  0
459  0
458  0
457  0
456  0
452  0
451  0
450  0
45   0
449  0
448  0
446  0
444  0
44   0
437  0
416  0
412  0
409  0
408  0
405  0
404  0
399  0
394  0
393  0
392  0
391  0
390  0
389  0
387  0
385  0
384  0
382  0
381  0
380  0
379  0
378  0
377  0
376  0
375  0
374  0
373  0
372  0
371  0
370  0
368  0
367  0
366  0
365  0
360  0
36   0
359  0
358  0
352  0
348  0
347  0
346  0
345  0
341  0
339  0
338  0
326  0
324  0
317  0
315  0
313  0
311  0
310  0
31   0
307  0
306  0
305  0
303  0
301  0
29   0
289  0
288  0
287  0
284  0
28   0
276  0
273  0
266  0
262  0
257  0
253  0
252  0
251  0
25   0
248  0
246  0
245  0
243  0
24   0
232  0
231  0
230  0
219  0
218  0
215  0
21   0
208  0
204  0
20   0
194  0
192  0
191  0
190  0
189  0
187  0
185  0
184  0
183  0
182  0
179  0
178  0
177  0
176  0
175  0
174  0
173  0
168  0
167  0
165  0
164  0
163  0
162  0
161  0
159  0
157  0
155  0
144  0
142  0
141  0
140  0
139  0
138  0
130  0
128  0
127  0
126  0
125  0
123  0
122  0
121  0
119  0
118  0
115  0
114  0
111  0
110  0
106  0
105  0
103  0
102  0
101  0
