30   1
197  0.967088
198  0.960971
221  0.954855
218  0.948739
196  0.936506
28   0.912041
230  0.905925
216  0.872646
24   0.860414
228  0.860414
225  0.8176
23   0.766882
222  0.756438
195  0.722439
200  0.71974
78   0.715429
201  0.679625
77   0.665476
22   0.635089
20   0.624025
18   0.605757
26   0.59939
317  0.593274
315  0.581041
169  0.581041
191  0.574925
227  0.568809
220  0.562692
19   0.546674
408  0.544343
17   0.532111
51   0.525995
73   0.524103
465  0.513933
25   0.489298
133  0.489298
132  0.483182
192  0.4526
76   0.450708
193  0.440368
80   0.416721
158  0.404395
75   0.401779
411  0.385322
21   0.378206
79   0.365081
16   0.355336
464  0.354741
131  0.349494
469  0.348625
223  0.348625
278  0.336392
168  0.32416
50   0.318043
412  0.318043
14   0.318043
431  0.31607
74   0.312798
194  0.311927
438  0.303838
421  0.303838
466  0.299694
440  0.291605
423  0.291605
422  0.291605
203  0.281346
217  0.279372
199  0.279372
157  0.253119
52   0.232416
4    0.232416
137  0.2263
41   0.220184
159  0.20419
31   0.202004
134  0.195719
84   0.191957
71   0.191957
433  0.191957
155  0.191957
470  0.183486
413  0.183486
83   0.171506
416  0.171254
139  0.171254
48   0.159022
128  0.154664
2    0.152906
409  0.14679
130  0.136888
81   0.133558
49   0.128441
434  0.127442
11   0.122324
47   0.110092
308  0.110092
189  0.110092
15   0.110092
156  0.109093
286  0.103976
54   0.0978595
53   0.0978595
43   0.0978595
414  0.0978595
324  0.0978595
85   0.0968606
34   0.0917433
240  0.0917433
325  0.085627
110  0.085627
1    0.085627
420  0.0846282
37   0.0795109
3    0.0795109
141  0.0795109
10   0.0795109
69   0.078512
401  0.0733946
435  0.0674479
129  0.0674479
90   0.0672784
13   0.0672784
108  0.0672784
42   0.0611621
437  0.0552154
154  0.0552154
7    0.055046
6    0.055046
58   0.055046
56   0.055046
462  0.055046
268  0.055046
439  0.0490991
432  0.0490991
91   0.0489298
415  0.0489298
33   0.0489298
112  0.0489298
101  0.0489298
419  0.042983
460  0.0428135
45   0.0428135
262  0.0428135
163  0.0428135
111  0.0428135
98   0.0366974
94   0.0366974
89   0.0366974
8    0.0366974
63   0.0366974
302  0.0366974
276  0.0366974
267  0.0366974
266  0.0366974
142  0.0366974
104  0.0366974
97   0.0305811
87   0.0305811
417  0.0305811
379  0.0305811
375  0.0305811
271  0.0305811
264  0.0305811
166  0.0305811
165  0.0305811
162  0.0305811
160  0.0305811
147  0.0305811
113  0.0305811
70   0.0244649
65   0.0244649
64   0.0244649
444  0.0244649
442  0.0244649
418  0.0244649
397  0.0244649
387  0.0244649
380  0.0244649
327  0.0244649
307  0.0244649
306  0.0244649
263  0.0244649
244  0.0244649
144  0.0244649
86   0.0183486
399  0.0183486
398  0.0183486
393  0.0183486
382  0.0183486
350  0.0183486
332  0.0183486
300  0.0183486
299  0.0183486
287  0.0183486
258  0.0183486
243  0.0183486
167  0.0183486
121  0.0183486
119  0.0183486
114  0.0183486
67   0.0122324
458  0.0122324
454  0.0122324
450  0.0122324
436  0.0122324
426  0.0122324
425  0.0122324
396  0.0122324
394  0.0122324
389  0.0122324
386  0.0122324
373  0.0122324
371  0.0122324
368  0.0122324
366  0.0122324
363  0.0122324
362  0.0122324
355  0.0122324
354  0.0122324
353  0.0122324
352  0.0122324
348  0.0122324
345  0.0122324
344  0.0122324
335  0.0122324
298  0.0122324
291  0.0122324
289  0.0122324
288  0.0122324
275  0.0122324
274  0.0122324
273  0.0122324
256  0.0122324
255  0.0122324
254  0.0122324
250  0.0122324
248  0.0122324
247  0.0122324
245  0.0122324
145  0.0122324
143  0.0122324
116  0.0122324
115  0.0122324
453  0.00611621
452  0.00611621
451  0.00611621
449  0.00611621
448  0.00611621
427  0.00611621
424  0.00611621
388  0.00611621
385  0.00611621
381  0.00611621
372  0.00611621
370  0.00611621
364  0.00611621
346  0.00611621
337  0.00611621
296  0.00611621
295  0.00611621
251  0.00611621
118  0.00611621
99   0
96   0
95   0
93   0
92   0
9    0
88   0
82   0
72   0
68   0
66   0
62   0
61   0
60   0
59   0
57   0
55   0
5    0
468  0
467  0
463  0
461  0
46   0
459  0
457  0
456  0
455  0
447  0
446  0
445  0
443  0
441  0
44   0
430  0
429  0
428  0
410  0
407  0
406  0
405  0
404  0
403  0
402  0
400  0
40   0
395  0
392  0
391  0
390  0
39   0
384  0
383  0
38   0
378  0
377  0
376  0
374  0
369  0
367  0
365  0
361  0
360  0
36   0
359  0
358  0
357  0
356  0
351  0
35   0
349  0
347  0
343  0
342  0
341  0
340  0
339  0
338  0
336  0
334  0
333  0
331  0
330  0
329  0
328  0
326  0
323  0
322  0
321  0
320  0
32   0
319  0
318  0
316  0
314  0
313  0
312  0
311  0
310  0
309  0
305  0
304  0
303  0
301  0
297  0
294  0
293  0
292  0
290  0
29   0
285  0
284  0
283  0
282  0
281  0
280  0
279  0
277  0
272  0
270  0
27   0
269  0
265  0
261  0
260  0
259  0
257  0
253  0
252  0
249  0
246  0
242  0
241  0
239  0
238  0
237  0
236  0
235  0
234  0
233  0
232  0
231  0
229  0
226  0
224  0
219  0
215  0
214  0
213  0
212  0
211  0
210  0
209  0
208  0
207  0
206  0
205  0
204  0
202  0
190  0
188  0
187  0
186  0
185  0
184  0
183  0
182  0
181  0
180  0
179  0
178  0
177  0
176  0
175  0
174  0
173  0
172  0
171  0
170  0
164  0
161  0
153  0
152  0
151  0
150  0
149  0
148  0
146  0
140  0
138  0
136  0
135  0
127  0
126  0
125  0
124  0
123  0
122  0
120  0
12   0
117  0
109  0
107  0
106  0
105  0
103  0
102  0
100  0
