106  1
103  0.888838
107  0.883959
104  0.869868
105  0.785844
100  0.780966
33   0.676248
102  0.669645
101  0.651197
95   0.586144
31   0.578837
50   0.56908
109  0.554309
57   0.532571
59   0.531006
55   0.528918
47   0.519161
32   0.49075
145  0.48787
54   0.482992
213  0.482992
185  0.482992
183  0.482992
176  0.482992
171  0.482992
132  0.482992
127  0.482992
45   0.478113
44   0.478113
43   0.478113
39   0.478113
187  0.478113
175  0.478113
169  0.478113
168  0.478113
147  0.478113
131  0.478113
126  0.478113
170  0.473234
129  0.473234
61   0.463477
173  0.443962
46   0.434204
172  0.434204
58   0.413464
62   0.395175
177  0.390297
174  0.370782
139  0.365903
137  0.356145
56   0.341509
216  0.321994
128  0.297601
30   0.284982
63   0.248814
138  0.243935
98   0.237458
5    0.159772
199  0.141482
110  0.128864
148  0.126847
35   0.124209
166  0.082938
152  0.082938
28   0.073996
178  0.0731806
40   0.0634231
2    0.058838
214  0.0585444
65   0.0536657
141  0.0536657
52   0.0516668
189  0.048787
7    0.0439083
41   0.0439083
156  0.0439083
67   0.0390297
60   0.0349664
3    0.0308146
66   0.0292722
167  0.0292722
211  0.0243935
205  0.0243935
1    0.0243935
80   0.0195148
217  0.0195148
26   0.0147946
8    0.0146361
74   0.0146361
203  0.0146361
191  0.0146361
179  0.0146361
153  0.0146361
111  0.0134106
27   0.00991584
93   0.0097574
9    0.0097574
72   0.0097574
69   0.0097574
42   0.0097574
212  0.0097574
124  0.0097574
120  0.0097574
11   0.0097574
25   0.0085319
91   0.0048787
89   0.0048787
88   0.0048787
87   0.0048787
85   0.0048787
84   0.0048787
82   0.0048787
76   0.0048787
75   0.0048787
73   0.0048787
71   0.0048787
23   0.0048787
210  0.0048787
21   0.0048787
209  0.0048787
208  0.0048787
207  0.0048787
206  0.0048787
197  0.0048787
196  0.0048787
195  0.0048787
194  0.0048787
193  0.0048787
19   0.0048787
180  0.0048787
17   0.0048787
165  0.0048787
164  0.0048787
163  0.0048787
162  0.0048787
161  0.0048787
160  0.0048787
16   0.0048787
159  0.0048787
157  0.0048787
155  0.0048787
15   0.0048787
14   0.0048787
13   0.0048787
122  0.0048787
121  0.0048787
119  0.0048787
118  0.0048787
117  0.0048787
116  0.0048787
112  0.0048787
24   0.0036532
99   0
97   0
96   0
94   0
92   0
90   0
86   0
83   0
81   0
79   0
78   0
77   0
70   0
68   0
64   0
6    0
53   0
51   0
49   0
48   0
4    0
38   0
37   0
36   0
34   0
29   0
22   0
215  0
204  0
202  0
201  0
200  0
20   0
198  0
192  0
190  0
188  0
186  0
184  0
182  0
181  0
18   0
158  0
154  0
151  0
150  0
149  0
146  0
144  0
143  0
142  0
140  0
130  0
125  0
123  0
12   0
115  0
114  0
113  0
108  0
10   0
