151  1
152  0.954611
136  0.949684
149  0.864091
132  0.800695
138  0.736448
135  0.700938
35   0.638565
137  0.614607
147  0.585662
139  0.576658
189  0.56135
134  0.551003
40   0.548185
34   0.522479
6    0.460459
179  0.440654
165  0.430751
178  0.4258
38   0.419455
191  0.413421
168  0.410947
100  0.386191
190  0.366973
188  0.366973
140  0.352195
157  0.336679
101  0.326777
37   0.315277
5    0.311924
71   0.287168
4    0.287168
158  0.257461
187  0.24101
186  0.24101
153  0.222803
170  0.217852
160  0.217852
172  0.212901
124  0.16834
171  0.163388
36   0.154909
131  0.142776
3    0.138632
180  0.128731
141  0.120715
103  0.118828
177  0.113068
148  0.105398
28   0.103975
39   0.0990234
33   0.0990234
120  0.0940721
1    0.0940721
176  0.0883124
143  0.0784101
10   0.0693163
164  0.0643652
142  0.0595511
173  0.059414
169  0.059414
121  0.059414
112  0.059414
104  0.059414
29   0.0544629
192  0.0544629
145  0.0513985
73   0.0495116
163  0.0495116
20   0.0445605
2    0.0445605
75   0.0396094
42   0.0396094
126  0.0396094
185  0.0346582
184  0.0346582
181  0.0346582
102  0.0346582
50   0.029707
41   0.029707
32   0.029707
27   0.029707
182  0.029707
70   0.0247558
69   0.0247558
44   0.0247558
30   0.0247558
156  0.0247558
155  0.0247558
154  0.0247558
105  0.0247558
99   0.0198047
68   0.0198047
43   0.0198047
31   0.0198047
14   0.0198047
127  0.0198047
46   0.0148535
183  0.0148535
129  0.0148535
123  0.0148535
119  0.0148535
113  0.0148535
108  0.0148535
89   0.00990234
81   0.00990234
67   0.00990234
62   0.00990234
51   0.00990234
49   0.00990234
26   0.00990234
24   0.00990234
22   0.00990234
16   0.00990234
116  0.00990234
111  0.00990234
109  0.00990234
95   0.00495116
93   0.00495116
92   0.00495116
91   0.00495116
90   0.00495116
83   0.00495116
82   0.00495116
80   0.00495116
79   0.00495116
78   0.00495116
77   0.00495116
64   0.00495116
61   0.00495116
59   0.00495116
58   0.00495116
57   0.00495116
56   0.00495116
55   0.00495116
54   0.00495116
52   0.00495116
48   0.00495116
25   0.00495116
144  0.00495116
115  0.00495116
106  0.00495116
133  0.000529639
98   0
97   0
96   0
94   0
9    0
88   0
87   0
86   0
85   0
84   0
8    0
76   0
74   0
72   0
7    0
66   0
65   0
63   0
60   0
53   0
47   0
45   0
23   0
21   0
19   0
18   0
175  0
174  0
17   0
167  0
166  0
162  0
161  0
159  0
150  0
15   0
146  0
130  0
13   0
128  0
125  0
122  0
12   0
118  0
117  0
114  0
110  0
11   0
107  0
