26   1
176  0.944465
44   0.925069
90   0.92215
94   0.895835
45   0.880207
91   0.688728
92   0.513793
177  0.472125
22   0.409082
23   0.379733
95   0.374547
20   0.327973
96   0.28227
30   0.273691
178  0.257616
123  0.247707
19   0.244621
31   0.238421
43   0.228231
32   0.204909
25   0.201441
93   0.172372
128  0.166769
125  0.166769
29   0.164951
212  0.15924
126  0.157348
127  0.15171
210  0.14418
67   0.139348
175  0.134831
42   0.120577
108  0.120577
143  0.0978871
211  0.0934354
209  0.086222
122  0.086222
1    0.0828275
7    0.0677679
5    0.0677679
46   0.0677679
2    0.0677679
18   0.0602382
139  0.0602382
47   0.0527084
180  0.0527084
206  0.0451787
165  0.0413958
58   0.0376488
215  0.0376488
162  0.0373324
107  0.0373324
8    0.0301191
4    0.0301191
3    0.0301191
172  0.0301191
61   0.0298027
179  0.0298027
169  0.0263363
65   0.0257754
9    0.0225893
81   0.0225893
63   0.0225893
60   0.0225893
207  0.0225893
140  0.0225893
166  0.0188064
80   0.0150595
70   0.0150595
69   0.0150595
62   0.0150595
59   0.0150595
57   0.0150595
54   0.0150595
237  0.0150595
216  0.0150595
191  0.0150595
189  0.0150595
15   0.0150595
146  0.0150595
144  0.0150595
132  0.0150595
124  0.0150595
120  0.0150595
12   0.0150595
119  0.0150595
118  0.0150595
106  0.0150595
10   0.0150595
79   0.00752976
78   0.00752976
76   0.00752976
75   0.00752976
72   0.00752976
71   0.00752976
56   0.00752976
52   0.00752976
41   0.00752976
39   0.00752976
38   0.00752976
37   0.00752976
36   0.00752976
34   0.00752976
239  0.00752976
238  0.00752976
236  0.00752976
235  0.00752976
233  0.00752976
229  0.00752976
227  0.00752976
226  0.00752976
224  0.00752976
222  0.00752976
221  0.00752976
219  0.00752976
218  0.00752976
205  0.00752976
204  0.00752976
203  0.00752976
194  0.00752976
193  0.00752976
192  0.00752976
171  0.00752976
170  0.00752976
16   0.00752976
153  0.00752976
152  0.00752976
150  0.00752976
148  0.00752976
142  0.00752976
141  0.00752976
138  0.00752976
137  0.00752976
134  0.00752976
130  0.00752976
13   0.00752976
129  0.00752976
117  0.00752976
89   0
88   0
87   0
86   0
85   0
84   0
83   0
82   0
77   0
74   0
73   0
68   0
66   0
64   0
6    0
55   0
53   0
51   0
50   0
49   0
48   0
40   0
35   0
33   0
28   0
27   0
24   0
234  0
232  0
231  0
230  0
228  0
225  0
223  0
220  0
217  0
214  0
213  0
21   0
208  0
202  0
201  0
200  0
199  0
198  0
197  0
196  0
195  0
190  0
188  0
187  0
186  0
185  0
184  0
183  0
182  0
181  0
174  0
173  0
17   0
168  0
167  0
164  0
163  0
161  0
160  0
159  0
158  0
157  0
156  0
155  0
154  0
151  0
149  0
147  0
145  0
14   0
136  0
135  0
133  0
131  0
121  0
116  0
115  0
114  0
113  0
112  0
111  0
110  0
11   0
109  0
