Protein Threshold TP FP N Neg TPR FPR
1ACB.E 0.28 3 1 13 228 .230 .004
1ACB.I 0.28 4 2 11 52 .363 .038
1AHW.A 0.28 5 3 8 206 .625 .014
1AK4.A 0.28 3 15 9 156 .333 .096
1AVX.A 0.28 14 6 19 201 .736 .029
1AY7.A 0.28 4 10 9 87 .444 .114
1AY7.B 0.28 6 5 9 80 .666 .062
1BGX.H 0.28 6 3 16 189 .375 .015
1DE4.E 0.28 12 5 21 78 .571 .064
1DFJ.E 0.28 0 6 18 106 0 .056
1DFJ.I 0.28 2 2 18 438 .111 .004
1DQJ.A 0.28 2 7 7 207 .285 .033
1E4K.C 0.28 10 12 12 160 .833 .075
1E6J.H 0.28 2 19 5 214 .400 .088
1EXB.E 0.28 3 3 3 88 1.000 .034
1F34.A 0.28 3 29 22 303 .136 .095
1FC2.D 0.28 8 28 10 196 .800 .142
1FFW.A 0.28 0 8 8 120 0 .066
1FFW.B 0.28 3 4 10 58 .300 .068
1FLE.E 0.28 2 9 11 218 .181 .041
1GHQ.A 0.28 0 11 5 302 0 .036
1GXD.A 0.28 0 20 21 603 0 .033
1GXD.C 0.28 8 10 18 174 .444 .057
1IRA.X 0.28 4 2 23 122 .173 .016
1JIW.I 0.28 7 30 15 90 .466 .333
1JIW.P 0.28 7 26 20 450 .350 .057
1JPS.H 0.28 3 7 10 203 .300 .034
1KAC.A 0.28 2 23 9 176 .222 .130
1KAC.B 0.28 6 3 12 112 .500 .026
1KLU.D 0.28 2 12 11 219 .181 .054
