Protein Threshold TP FP N Neg TPR FPR
1ACB.E 0.45 3 0 13 228 .230 0
1ACB.I 0.45 2 0 11 52 .181 0
1AHW.A 0.45 5 1 8 206 .625 .004
1AK4.A 0.45 3 12 9 156 .333 .076
1AVX.A 0.45 7 1 19 201 .368 .004
1AY7.A 0.45 0 2 9 87 0 .022
1AY7.B 0.45 3 5 9 80 .333 .062
1BGX.H 0.45 6 1 16 189 .375 .005
1DE4.E 0.45 6 2 21 78 .285 .025
1DFJ.E 0.45 0 3 18 106 0 .028
1DFJ.I 0.45 1 1 18 438 .055 .002
1DQJ.A 0.45 1 3 7 207 .142 .014
1E4K.C 0.45 8 4 12 160 .666 .025
1E6J.H 0.45 2 10 5 214 .400 .046
1EXB.E 0.45 1 2 3 88 .333 .022
1F34.A 0.45 1 13 22 303 .045 .042
1FC2.D 0.45 7 21 10 196 .700 .107
1FFW.A 0.45 0 2 8 120 0 .016
1FFW.B 0.45 0 2 10 58 0 .034
1FLE.E 0.45 0 5 11 218 0 .022
1GHQ.A 0.45 0 4 5 302 0 .013
1GXD.A 0.45 0 13 21 603 0 .021
1GXD.C 0.45 6 8 18 174 .333 .045
1IRA.X 0.45 3 1 23 122 .130 .008
1JIW.I 0.45 5 16 15 90 .333 .177
1JIW.P 0.45 4 13 20 450 .200 .028
1JPS.H 0.45 1 6 10 203 .100 .029
1KAC.A 0.45 1 15 9 176 .111 .085
1KAC.B 0.45 4 2 12 112 .333 .017
1KLU.D 0.45 1 5 11 219 .090 .022
