Protein Threshold TP FP N Neg TPR FPR
1ACB.E 0.41 3 0 13 228 .230 0
1ACB.I 0.41 3 0 11 52 .272 0
1AHW.A 0.41 5 1 8 206 .625 .004
1AK4.A 0.41 3 12 9 156 .333 .076
1AVX.A 0.41 9 3 19 201 .473 .014
1AY7.A 0.41 0 4 9 87 0 .045
1AY7.B 0.41 4 5 9 80 .444 .062
1BGX.H 0.41 6 1 16 189 .375 .005
1DE4.E 0.41 7 3 21 78 .333 .038
1DFJ.E 0.41 0 3 18 106 0 .028
1DFJ.I 0.41 1 1 18 438 .055 .002
1DQJ.A 0.41 1 3 7 207 .142 .014
1E4K.C 0.41 9 5 12 160 .750 .031
1E6J.H 0.41 2 13 5 214 .400 .060
1EXB.E 0.41 1 2 3 88 .333 .022
1F34.A 0.41 1 16 22 303 .045 .052
1FC2.D 0.41 8 23 10 196 .800 .117
1FFW.A 0.41 0 5 8 120 0 .041
1FFW.B 0.41 0 2 10 58 0 .034
1FLE.E 0.41 0 7 11 218 0 .032
1GHQ.A 0.41 0 4 5 302 0 .013
1GXD.A 0.41 0 13 21 603 0 .021
1GXD.C 0.41 8 10 18 174 .444 .057
1IRA.X 0.41 3 1 23 122 .130 .008
1JIW.I 0.41 5 16 15 90 .333 .177
1JIW.P 0.41 7 26 20 450 .350 .057
1JPS.H 0.41 1 6 10 203 .100 .029
1KAC.A 0.41 1 15 9 176 .111 .085
1KAC.B 0.41 5 2 12 112 .416 .017
1KLU.D 0.41 1 5 11 219 .090 .022
