Protein Threshold TP FP N Neg TPR FPR
1ACB.E 0.11 9 16 13 228 .692 .070
1ACB.I 0.11 9 5 11 52 .818 .096
1AHW.A 0.11 8 10 8 206 1.000 .048
1AK4.A 0.11 5 28 9 156 .555 .179
1AVX.A 0.11 14 24 19 201 .736 .119
1AY7.A 0.11 6 25 9 87 .666 .287
1AY7.B 0.11 7 9 9 80 .777 .112
1BGX.H 0.11 9 9 16 189 .562 .047
1DE4.E 0.11 17 11 21 78 .809 .141
1DFJ.E 0.11 0 12 18 106 0 .113
1DFJ.I 0.11 10 6 18 438 .555 .013
1DQJ.A 0.11 4 15 7 207 .571 .072
1E4K.C 0.11 11 30 12 160 .916 .187
1E6J.H 0.11 4 25 5 214 .800 .116
1EXB.E 0.11 3 9 3 88 1.000 .102
1F34.A 0.11 4 48 22 303 .181 .158
1FC2.D 0.11 9 37 10 196 .900 .188
1FFW.A 0.11 5 26 8 120 .625 .216
1FFW.B 0.11 6 17 10 58 .600 .293
1FLE.E 0.11 4 23 11 218 .363 .105
1GHQ.A 0.11 0 40 5 302 0 .132
1GXD.A 0.11 0 26 21 603 0 .043
1GXD.C 0.11 11 18 18 174 .611 .103
1IRA.X 0.11 13 11 23 122 .565 .090
1JIW.I 0.11 7 38 15 90 .466 .422
1JIW.P 0.11 7 45 20 450 .350 .100
1JPS.H 0.11 4 11 10 203 .400 .054
1KAC.A 0.11 3 31 9 176 .333 .176
1KAC.B 0.11 8 21 12 112 .666 .187
1KLU.D 0.11 8 27 11 219 .727 .123
