Protein Threshold TP FP N Neg TPR FPR
1ACB.E 0.31 3 0 13 228 .230 0
1ACB.I 0.31 3 0 11 52 .272 0
1AHW.A 0.31 5 3 8 206 .625 .014
1AK4.A 0.31 3 14 9 156 .333 .089
1AVX.A 0.31 13 5 19 201 .684 .024
1AY7.A 0.31 3 10 9 87 .333 .114
1AY7.B 0.31 6 5 9 80 .666 .062
1BGX.H 0.31 6 3 16 189 .375 .015
1DE4.E 0.31 11 3 21 78 .523 .038
1DFJ.E 0.31 0 5 18 106 0 .047
1DFJ.I 0.31 2 2 18 438 .111 .004
1DQJ.A 0.31 2 5 7 207 .285 .024
1E4K.C 0.31 10 7 12 160 .833 .043
1E6J.H 0.31 2 15 5 214 .400 .070
1EXB.E 0.31 3 3 3 88 1.000 .034
1F34.A 0.31 2 24 22 303 .090 .079
1FC2.D 0.31 8 28 10 196 .800 .142
1FFW.A 0.31 0 5 8 120 0 .041
1FFW.B 0.31 3 4 10 58 .300 .068
1FLE.E 0.31 2 9 11 218 .181 .041
1GHQ.A 0.31 0 8 5 302 0 .026
1GXD.A 0.31 0 18 21 603 0 .029
1GXD.C 0.31 8 10 18 174 .444 .057
1IRA.X 0.31 3 2 23 122 .130 .016
1JIW.I 0.31 7 30 15 90 .466 .333
1JIW.P 0.31 7 26 20 450 .350 .057
1JPS.H 0.31 3 7 10 203 .300 .034
1KAC.A 0.31 2 23 9 176 .222 .130
1KAC.B 0.31 6 3 12 112 .500 .026
1KLU.D 0.31 1 8 11 219 .090 .036
