Protein Threshold TP FP N Neg TPR FPR
1ACB.E 0.08 9 26 13 228 .692 .114
1ACB.I 0.08 9 7 11 52 .818 .134
1AHW.A 0.08 8 13 8 206 1.000 .063
1AK4.A 0.08 6 33 9 156 .666 .211
1AVX.A 0.08 14 24 19 201 .736 .119
1AY7.A 0.08 8 31 9 87 .888 .356
1AY7.B 0.08 8 9 9 80 .888 .112
1BGX.H 0.08 10 15 16 189 .625 .079
1DE4.E 0.08 17 12 21 78 .809 .153
1DFJ.E 0.08 2 20 18 106 .111 .188
1DFJ.I 0.08 11 10 18 438 .611 .022
1DQJ.A 0.08 4 16 7 207 .571 .077
1E4K.C 0.08 11 44 12 160 .916 .275
1E6J.H 0.08 4 27 5 214 .800 .126
1EXB.E 0.08 3 10 3 88 1.000 .113
1F34.A 0.08 4 48 22 303 .181 .158
1FC2.D 0.08 9 42 10 196 .900 .214
1FFW.A 0.08 7 31 8 120 .875 .258
1FFW.B 0.08 7 19 10 58 .700 .327
1FLE.E 0.08 4 26 11 218 .363 .119
1GHQ.A 0.08 0 40 5 302 0 .132
1GXD.A 0.08 0 31 21 603 0 .051
1GXD.C 0.08 11 18 18 174 .611 .103
1IRA.X 0.08 13 12 23 122 .565 .098
1JIW.I 0.08 7 43 15 90 .466 .477
1JIW.P 0.08 7 45 20 450 .350 .100
1JPS.H 0.08 10 13 10 203 1.000 .064
1KAC.A 0.08 3 40 9 176 .333 .227
1KAC.B 0.08 8 21 12 112 .666 .187
1KLU.D 0.08 8 27 11 219 .727 .123
