Protein Threshold TP FP N Neg TPR FPR
1ACB.E 0.62 1 0 13 228 .076 0
1ACB.I 0.62 2 0 11 52 .181 0
1AHW.A 0.62 5 0 8 206 .625 0
1AK4.A 0.62 1 6 9 156 .111 .038
1AVX.A 0.62 6 0 19 201 .315 0
1AY7.A 0.62 0 1 9 87 0 .011
1AY7.B 0.62 1 1 9 80 .111 .012
1BGX.H 0.62 3 1 16 189 .187 .005
1DE4.E 0.62 4 1 21 78 .190 .012
1DFJ.E 0.62 0 2 18 106 0 .018
1DFJ.I 0.62 0 1 18 438 0 .002
1DQJ.A 0.62 1 2 7 207 .142 .009
1E4K.C 0.62 6 2 12 160 .500 .012
1E6J.H 0.62 2 7 5 214 .400 .032
1EXB.E 0.62 1 2 3 88 .333 .022
1F34.A 0.62 0 4 22 303 0 .013
1FC2.D 0.62 5 12 10 196 .500 .061
1FFW.A 0.62 0 1 8 120 0 .008
1FFW.B 0.62 0 2 10 58 0 .034
1FLE.E 0.62 0 4 11 218 0 .018
1GHQ.A 0.62 0 2 5 302 0 .006
1GXD.A 0.62 0 12 21 603 0 .019
1GXD.C 0.62 3 5 18 174 .166 .028
1IRA.X 0.62 1 1 23 122 .043 .008
1JIW.I 0.62 3 9 15 90 .200 .100
1JIW.P 0.62 0 3 20 450 0 .006
1JPS.H 0.62 0 4 10 203 0 .019
1KAC.A 0.62 0 4 9 176 0 .022
1KAC.B 0.62 3 1 12 112 .250 .008
1KLU.D 0.62 1 1 11 219 .090 .004
