Protein Threshold TP FP N Neg TPR FPR
1ACB.E 0.55 1 0 13 228 .076 0
1ACB.I 0.55 2 0 11 52 .181 0
1AHW.A 0.55 5 0 8 206 .625 0
1AK4.A 0.55 2 6 9 156 .222 .038
1AVX.A 0.55 6 1 19 201 .315 .004
1AY7.A 0.55 0 1 9 87 0 .011
1AY7.B 0.55 1 1 9 80 .111 .012
1BGX.H 0.55 4 1 16 189 .250 .005
1DE4.E 0.55 6 1 21 78 .285 .012
1DFJ.E 0.55 0 3 18 106 0 .028
1DFJ.I 0.55 1 1 18 438 .055 .002
1DQJ.A 0.55 1 3 7 207 .142 .014
1E4K.C 0.55 7 3 12 160 .583 .018
1E6J.H 0.55 2 9 5 214 .400 .042
1EXB.E 0.55 1 2 3 88 .333 .022
1F34.A 0.55 0 8 22 303 0 .026
1FC2.D 0.55 5 12 10 196 .500 .061
1FFW.A 0.55 0 1 8 120 0 .008
1FFW.B 0.55 0 2 10 58 0 .034
1FLE.E 0.55 0 5 11 218 0 .022
1GHQ.A 0.55 0 4 5 302 0 .013
1GXD.A 0.55 0 12 21 603 0 .019
1GXD.C 0.55 5 8 18 174 .277 .045
1IRA.X 0.55 2 1 23 122 .086 .008
1JIW.I 0.55 4 10 15 90 .266 .111
1JIW.P 0.55 4 13 20 450 .200 .028
1JPS.H 0.55 1 5 10 203 .100 .024
1KAC.A 0.55 0 4 9 176 0 .022
1KAC.B 0.55 4 1 12 112 .333 .008
1KLU.D 0.55 1 3 11 219 .090 .013
