Protein Threshold TP FP N Neg TPR FPR
1ACB.E 0.22 3 1 13 228 .230 .004
1ACB.I 0.22 6 4 11 52 .545 .076
1AHW.A 0.22 7 7 8 206 .875 .033
1AK4.A 0.22 3 18 9 156 .333 .115
1AVX.A 0.22 14 6 19 201 .736 .029
1AY7.A 0.22 5 15 9 87 .555 .172
1AY7.B 0.22 7 5 9 80 .777 .062
1BGX.H 0.22 7 3 16 189 .437 .015
1DE4.E 0.22 15 6 21 78 .714 .076
1DFJ.E 0.22 0 9 18 106 0 .084
1DFJ.I 0.22 3 3 18 438 .166 .006
1DQJ.A 0.22 3 7 7 207 .428 .033
1E4K.C 0.22 10 16 12 160 .833 .100
1E6J.H 0.22 2 21 5 214 .400 .098
1EXB.E 0.22 3 8 3 88 1.000 .090
1F34.A 0.22 3 36 22 303 .136 .118
1FC2.D 0.22 8 28 10 196 .800 .142
1FFW.A 0.22 0 8 8 120 0 .066
1FFW.B 0.22 4 9 10 58 .400 .155
1FLE.E 0.22 4 16 11 218 .363 .073
1GHQ.A 0.22 0 13 5 302 0 .043
1GXD.A 0.22 0 20 21 603 0 .033
1GXD.C 0.22 8 12 18 174 .444 .068
1IRA.X 0.22 6 3 23 122 .260 .024
1JIW.I 0.22 7 30 15 90 .466 .333
1JIW.P 0.22 7 34 20 450 .350 .075
1JPS.H 0.22 3 8 10 203 .300 .039
1KAC.A 0.22 3 24 9 176 .333 .136
1KAC.B 0.22 7 8 12 112 .583 .071
1KLU.D 0.22 4 13 11 219 .363 .059
