Protein Threshold TP FP N Neg TPR FPR
1ACB.E 0.66 1 0 13 228 .076 0
1ACB.I 0.66 1 0 11 52 .090 0
1AHW.A 0.66 5 0 8 206 .625 0
1AK4.A 0.66 1 6 9 156 .111 .038
1AVX.A 0.66 6 0 19 201 .315 0
1AY7.A 0.66 0 1 9 87 0 .011
1AY7.B 0.66 1 1 9 80 .111 .012
1BGX.H 0.66 3 1 16 189 .187 .005
1DE4.E 0.66 4 1 21 78 .190 .012
1DFJ.E 0.66 0 2 18 106 0 .018
1DFJ.I 0.66 0 1 18 438 0 .002
1DQJ.A 0.66 1 1 7 207 .142 .004
1E4K.C 0.66 5 2 12 160 .416 .012
1E6J.H 0.66 2 7 5 214 .400 .032
1EXB.E 0.66 1 2 3 88 .333 .022
1F34.A 0.66 0 4 22 303 0 .013
1FC2.D 0.66 3 10 10 196 .300 .051
1FFW.A 0.66 0 1 8 120 0 .008
1FFW.B 0.66 0 1 10 58 0 .017
1FLE.E 0.66 0 3 11 218 0 .013
1GHQ.A 0.66 0 2 5 302 0 .006
1GXD.A 0.66 0 9 21 603 0 .014
1GXD.C 0.66 3 4 18 174 .166 .022
1IRA.X 0.66 1 1 23 122 .043 .008
1JIW.I 0.66 3 9 15 90 .200 .100
1JIW.P 0.66 0 2 20 450 0 .004
1JPS.H 0.66 0 4 10 203 0 .019
1KAC.A 0.66 0 4 9 176 0 .022
1KAC.B 0.66 3 1 12 112 .250 .008
1KLU.D 0.66 1 1 11 219 .090 .004
