Protein Threshold TP FP N Neg TPR FPR
1ACB.E 0.25 3 1 13 228 .230 .004
1ACB.I 0.25 4 3 11 52 .363 .057
1AHW.A 0.25 5 3 8 206 .625 .014
1AK4.A 0.25 3 18 9 156 .333 .115
1AVX.A 0.25 14 6 19 201 .736 .029
1AY7.A 0.25 5 12 9 87 .555 .137
1AY7.B 0.25 7 5 9 80 .777 .062
1BGX.H 0.25 6 3 16 189 .375 .015
1DE4.E 0.25 14 5 21 78 .666 .064
1DFJ.E 0.25 0 6 18 106 0 .056
1DFJ.I 0.25 2 3 18 438 .111 .006
1DQJ.A 0.25 2 7 7 207 .285 .033
1E4K.C 0.25 10 16 12 160 .833 .100
1E6J.H 0.25 2 21 5 214 .400 .098
1EXB.E 0.25 3 3 3 88 1.000 .034
1F34.A 0.25 3 32 22 303 .136 .105
1FC2.D 0.25 8 28 10 196 .800 .142
1FFW.A 0.25 0 8 8 120 0 .066
1FFW.B 0.25 3 5 10 58 .300 .086
1FLE.E 0.25 4 15 11 218 .363 .068
1GHQ.A 0.25 0 13 5 302 0 .043
1GXD.A 0.25 0 20 21 603 0 .033
1GXD.C 0.25 8 12 18 174 .444 .068
1IRA.X 0.25 6 3 23 122 .260 .024
1JIW.I 0.25 7 30 15 90 .466 .333
1JIW.P 0.25 7 34 20 450 .350 .075
1JPS.H 0.25 3 7 10 203 .300 .034
1KAC.A 0.25 2 23 9 176 .222 .130
1KAC.B 0.25 6 3 12 112 .500 .026
1KLU.D 0.25 3 13 11 219 .272 .059
