Protein Threshold TP FP N Neg TPR FPR
1ACB.E 0.12 8 12 13 228 .615 .052
1ACB.I 0.12 9 5 11 52 .818 .096
1AHW.A 0.12 8 10 8 206 1.000 .048
1AK4.A 0.12 5 28 9 156 .555 .179
1AVX.A 0.12 14 21 19 201 .736 .104
1AY7.A 0.12 6 25 9 87 .666 .287
1AY7.B 0.12 7 9 9 80 .777 .112
1BGX.H 0.12 9 9 16 189 .562 .047
1DE4.E 0.12 17 11 21 78 .809 .141
1DFJ.E 0.12 0 12 18 106 0 .113
1DFJ.I 0.12 10 6 18 438 .555 .013
1DQJ.A 0.12 4 12 7 207 .571 .057
1E4K.C 0.12 11 30 12 160 .916 .187
1E6J.H 0.12 3 23 5 214 .600 .107
1EXB.E 0.12 3 8 3 88 1.000 .090
1F34.A 0.12 4 47 22 303 .181 .155
1FC2.D 0.12 9 37 10 196 .900 .188
1FFW.A 0.12 1 21 8 120 .125 .175
1FFW.B 0.12 6 14 10 58 .600 .241
1FLE.E 0.12 4 23 11 218 .363 .105
1GHQ.A 0.12 0 33 5 302 0 .109
1GXD.A 0.12 0 26 21 603 0 .043
1GXD.C 0.12 11 18 18 174 .611 .103
1IRA.X 0.12 13 11 23 122 .565 .090
1JIW.I 0.12 7 38 15 90 .466 .422
1JIW.P 0.12 7 45 20 450 .350 .100
1JPS.H 0.12 4 11 10 203 .400 .054
1KAC.A 0.12 3 30 9 176 .333 .170
1KAC.B 0.12 8 15 12 112 .666 .133
1KLU.D 0.12 7 27 11 219 .636 .123
