Protein Threshold TP FP N Neg TPR FPR
1ACB.E 0.02 9 36 13 228 .692 .157
1ACB.I 0.02 10 21 11 52 .909 .403
1AHW.A 0.02 8 21 8 206 1.000 .101
1AK4.A 0.02 6 43 9 156 .666 .275
1AVX.A 0.02 14 33 19 201 .736 .164
1AY7.A 0.02 8 37 9 87 .888 .425
1AY7.B 0.02 8 26 9 80 .888 .325
1BGX.H 0.02 11 19 16 189 .687 .100
1DE4.E 0.02 19 19 21 78 .904 .243
1DFJ.E 0.02 6 35 18 106 .333 .330
1DFJ.I 0.02 11 34 18 438 .611 .077
1DQJ.A 0.02 6 26 7 207 .857 .125
1E4K.C 0.02 11 58 12 160 .916 .362
1E6J.H 0.02 4 33 5 214 .800 .154
1EXB.E 0.02 3 27 3 88 1.000 .306
1F34.A 0.02 5 56 22 303 .227 .184
1FC2.D 0.02 9 50 10 196 .900 .255
1FFW.A 0.02 7 50 8 120 .875 .416
1FFW.B 0.02 9 36 10 58 .900 .620
1FLE.E 0.02 4 35 11 218 .363 .160
1GHQ.A 0.02 0 64 5 302 0 .211
1GXD.A 0.02 0 52 21 603 0 .086
1GXD.C 0.02 11 21 18 174 .611 .120
1IRA.X 0.02 13 31 23 122 .565 .254
1JIW.I 0.02 7 43 15 90 .466 .477
1JIW.P 0.02 7 58 20 450 .350 .128
1JPS.H 0.02 10 17 10 203 1.000 .083
1KAC.A 0.02 3 51 9 176 .333 .289
1KAC.B 0.02 8 34 12 112 .666 .303
1KLU.D 0.02 8 34 11 219 .727 .155
