Protein Threshold TP FP N Neg TPR FPR
1ACB.E 0.17 5 9 13 228 .384 .039
1ACB.I 0.17 8 4 11 52 .727 .076
1AHW.A 0.17 7 7 8 206 .875 .033
1AK4.A 0.17 4 24 9 156 .444 .153
1AVX.A 0.17 14 12 19 201 .736 .059
1AY7.A 0.17 6 24 9 87 .666 .275
1AY7.B 0.17 7 8 9 80 .777 .100
1BGX.H 0.17 7 8 16 189 .437 .042
1DE4.E 0.17 16 9 21 78 .761 .115
1DFJ.E 0.17 0 11 18 106 0 .103
1DFJ.I 0.17 5 3 18 438 .277 .006
1DQJ.A 0.17 4 10 7 207 .571 .048
1E4K.C 0.17 10 23 12 160 .833 .143
1E6J.H 0.17 3 23 5 214 .600 .107
1EXB.E 0.17 3 8 3 88 1.000 .090
1F34.A 0.17 3 37 22 303 .136 .122
1FC2.D 0.17 9 34 10 196 .900 .173
1FFW.A 0.17 0 12 8 120 0 .100
1FFW.B 0.17 5 11 10 58 .500 .189
1FLE.E 0.17 4 16 11 218 .363 .073
1GHQ.A 0.17 0 16 5 302 0 .052
1GXD.A 0.17 0 22 21 603 0 .036
1GXD.C 0.17 10 15 18 174 .555 .086
1IRA.X 0.17 11 9 23 122 .478 .073
1JIW.I 0.17 7 38 15 90 .466 .422
1JIW.P 0.17 7 37 20 450 .350 .082
1JPS.H 0.17 4 10 10 203 .400 .049
1KAC.A 0.17 3 27 9 176 .333 .153
1KAC.B 0.17 7 12 12 112 .583 .107
1KLU.D 0.17 7 23 11 219 .636 .105
