Protein Threshold TP FP N Neg TPR FPR
1ACB.E 0.36 3 0 13 228 .230 0
1ACB.I 0.36 3 0 11 52 .272 0
1AHW.A 0.36 5 2 8 206 .625 .009
1AK4.A 0.36 3 14 9 156 .333 .089
1AVX.A 0.36 10 4 19 201 .526 .019
1AY7.A 0.36 2 8 9 87 .222 .091
1AY7.B 0.36 5 5 9 80 .555 .062
1BGX.H 0.36 6 2 16 189 .375 .010
1DE4.E 0.36 11 3 21 78 .523 .038
1DFJ.E 0.36 0 5 18 106 0 .047
1DFJ.I 0.36 1 1 18 438 .055 .002
1DQJ.A 0.36 2 5 7 207 .285 .024
1E4K.C 0.36 10 7 12 160 .833 .043
1E6J.H 0.36 2 15 5 214 .400 .070
1EXB.E 0.36 3 2 3 88 1.000 .022
1F34.A 0.36 2 24 22 303 .090 .079
1FC2.D 0.36 8 23 10 196 .800 .117
1FFW.A 0.36 0 5 8 120 0 .041
1FFW.B 0.36 0 2 10 58 0 .034
1FLE.E 0.36 2 8 11 218 .181 .036
1GHQ.A 0.36 0 8 5 302 0 .026
1GXD.A 0.36 0 13 21 603 0 .021
1GXD.C 0.36 8 10 18 174 .444 .057
1IRA.X 0.36 3 2 23 122 .130 .016
1JIW.I 0.36 5 16 15 90 .333 .177
1JIW.P 0.36 7 26 20 450 .350 .057
1JPS.H 0.36 2 7 10 203 .200 .034
1KAC.A 0.36 1 15 9 176 .111 .085
1KAC.B 0.36 5 3 12 112 .416 .026
1KLU.D 0.36 1 8 11 219 .090 .036
