Protein  Threshold  TP  FP   N   Neg  TPR    FPR
1ACB.E   0          13  228  13  159  1.000  1.433
1ACB.I   0          11  52   11  44   1.000  1.181
1AHW.A   0          8   206  9   163  .888   1.263
1AK4.A   0          9   156  9   110  1.000  1.418
1AVX.A   0          22  201  19  139  1.157  1.446
1AY7.A   0          9   87   9   76   1.000  1.144
1AY7.B   0          9   80   9   58   1.000  1.379
1BGX.H   0          19  190  17  162  1.117  1.172
1DE4.E   0          21  78   21  66   1.000  1.181
1DFJ.E   0          18  106  18  85   1.000  1.247
1DFJ.I   0          18  438  18  307  1.000  1.426
1DQJ.A   0          7   207  8   173  .875   1.196
1E4K.C   0          12  160  12  129  1.000  1.240
1E6J.H   0          4   215  5   177  .800   1.214
1EXB.E   0          3   88   3   73   1.000  1.205
1F34.A   0          22  303  23  212  .956   1.429
1FC2.D   0          10  197  10  164  1.000  1.201
1FFW.A   0          8   120  8   90   1.000  1.333
1FFW.B   0          10  58   10  49   1.000  1.183
1FLE.E   0          15  222  11  156  1.363  1.423
1GHQ.A   0          5   302  5   192  1.000  1.572
1GXD.A   0          21  603  21  483  1.000  1.248
1GXD.C   0          18  174  18  149  1.000  1.167
1IRA.X   0          23  122  23  90   1.000  1.355
1JIW.I   0          15  90   15  69   1.000  1.304
1JIW.P   0          20  450  20  312  1.000  1.442
1JPS.H   0          8   205  8   168  1.000  1.220
1KAC.A   0          9   176  9   134  1.000  1.313
1KAC.B   0          12  112  12  89   1.000  1.258
1KLU.D   0          11  219  11  154  1.000  1.422
Protein  Threshold  TP  FP  N   Neg  TPR    FPR
1ACB.E   0.05       9   29  13  159  .692   .182
1ACB.I   0.05       9   13  11  44   .818   .295
1AHW.A   0.05       8   15  9   163  .888   .092
1AK4.A   0.05       6   43  9   110  .666   .390
1AVX.A   0.05       14  33  19  139  .736   .237
1AY7.A   0.05       8   33  9   76   .888   .434
1AY7.B   0.05       8   16  9   58   .888   .275
1BGX.H   0.05       10  16  17  162  .588   .098
1DE4.E   0.05       19  18  21  66   .904   .272
1DFJ.E   0.05       4   24  18  85   .222   .282
1DFJ.I   0.05       11  15  18  307  .611   .048
1DQJ.A   0.05       5   18  8   173  .625   .104
1E4K.C   0.05       11  47  12  129  .916   .364
1E6J.H   0.05       3   32  5   177  .600   .180
1EXB.E   0.05       3   17  3   73   1.000  .232
1F34.A   0.05       5   54  23  212  .217   .254
1FC2.D   0.05       9   46  10  164  .900   .280
1FFW.A   0.05       7   40  8   90   .875   .444
1FFW.B   0.05       8   31  10  49   .800   .632
1FLE.E   0.05       4   29  11  156  .363   .185
1GHQ.A   0.05       0   64  5   192  0      .333
1GXD.A   0.05       0   37  21  483  0      .076
1GXD.C   0.05       11  20  18  149  .611   .134
1IRA.X   0.05       13  18  23  90   .565   .200
1JIW.I   0.05       7   43  15  69   .466   .623
1JIW.P   0.05       7   48  20  312  .350   .153
1JPS.H   0.05       8   18  8   168  1.000  .107
1KAC.A   0.05       3   51  9   134  .333   .380
1KAC.B   0.05       8   28  12  89   .666   .314
1KLU.D   0.05       8   29  11  154  .727   .188
Protein     Threshold  TP        FP  N   Neg  TPR    FPR
1ACB.E      0.05       9         29  13  159  .692   .182
1ACB.I      0.05       9         13  11  44   .818   .295
1AHW.A      0.05       8         15  9   163  .888   .092
1AK4.A      0.05       6         43  9   110  .666   .390
1AVX.A      0.05       14        33  19  139  .736   .237
1AY7.A      0.05       8         33  9   76   .888   .434
1AY7.B      0.05       8         16  9   58   .888   .275
1BGX.H      0.05       10        16  17  162  .588   .098
1DE4.E      0.05       19        18  21  66   .904   .272
1DFJ.E      0.05       4         24  18  85   .222   .282
1DFJ.I      0.05       11        15  18  307  .611   .048
1DQJ.A      0.05       5         18  8   173  .625   .104
1E4K.C      0.05       11        47  12  129  .916   .364
1E6J.H      0.05       3         32  5   177  .600   .180
1EXB.E      0.05       3         17  3   73   1.000  .232
1F34.A      0.05       5         54  23  212  .217   .254
1FC2.D      0.05       9         46  10  164  .900   .280
1FFW.A      0.05       7         40  8   90   .875   .444
1FFW.B      0.05       8         31  10  49   .800   .632
1FLE.E      0.05       4         29  11  156  .363   .185
1GHQ.A      0.05       0         64  5   192  0      .333
1GXD.A      0.05       0         37  21  483  0      .076
1GXD.C      0.05       11        20  18  149  .611   .134
1IRA.X      0.05       13        18  23  90   .565   .200
1JIW.I      0.05       7         43  15  69   .466   .623
1JIW.P      0.05       7         48  20  312  .350   .153
1JPS.H      0.05       8         18  8   168  1.000  .107
1KAC.A      0.05       3         51  9   134  .333   .380
1KAC.B      0.05       8         28  12  89   .666   .314
1KLU.D      0.05       8         29  11  154  .727   .188
Global_TPR  =          .587
Global_FPR  =          .208
avg_TPR     =          0.610161
avg_FPR     =          0.251226
Protein  Threshold  TP  FP  N   Neg  TPR    FPR
1ACB.E   0.1        9   16  13  159  .692   .100
1ACB.I   0.1        9   5   11  44   .818   .113
1AHW.A   0.1        8   11  9   163  .888   .067
1AK4.A   0.1        5   28  9   110  .555   .254
1AVX.A   0.1        14  24  19  139  .736   .172
1AY7.A   0.1        8   31  9   76   .888   .407
1AY7.B   0.1        7   9   9   58   .777   .155
1BGX.H   0.1        10  14  17  162  .588   .086
1DE4.E   0.1        17  12  21  66   .809   .181
1DFJ.E   0.1        0   19  18  85   0      .223
1DFJ.I   0.1        11  6   18  307  .611   .019
1DQJ.A   0.1        4   16  8   173  .500   .092
1E4K.C   0.1        11  30  12  129  .916   .232
1E6J.H   0.1        3   26  5   177  .600   .146
1EXB.E   0.1        3   9   3   73   1.000  .123
1F34.A   0.1        4   48  23  212  .173   .226
1FC2.D   0.1        9   37  10  164  .900   .225
1FFW.A   0.1        5   26  8   90   .625   .288
1FFW.B   0.1        6   17  10  49   .600   .346
1FLE.E   0.1        4   26  11  156  .363   .166
1GHQ.A   0.1        0   40  5   192  0      .208
1GXD.A   0.1        0   26  21  483  0      .053
1GXD.C   0.1        11  18  18  149  .611   .120
1IRA.X   0.1        13  11  23  90   .565   .122
1JIW.I   0.1        7   38  15  69   .466   .550
1JIW.P   0.1        7   45  20  312  .350   .144
1JPS.H   0.1        2   13  8   168  .250   .077
1KAC.A   0.1        3   31  9   134  .333   .231
1KAC.B   0.1        8   21  12  89   .666   .235
1KLU.D   0.1        8   27  11  154  .727   .175
Protein     Threshold  TP        FP  N   Neg  TPR    FPR
1ACB.E      0.1        9         16  13  159  .692   .100
1ACB.I      0.1        9         5   11  44   .818   .113
1AHW.A      0.1        8         11  9   163  .888   .067
1AK4.A      0.1        5         28  9   110  .555   .254
1AVX.A      0.1        14        24  19  139  .736   .172
1AY7.A      0.1        8         31  9   76   .888   .407
1AY7.B      0.1        7         9   9   58   .777   .155
1BGX.H      0.1        10        14  17  162  .588   .086
1DE4.E      0.1        17        12  21  66   .809   .181
1DFJ.E      0.1        0         19  18  85   0      .223
1DFJ.I      0.1        11        6   18  307  .611   .019
1DQJ.A      0.1        4         16  8   173  .500   .092
1E4K.C      0.1        11        30  12  129  .916   .232
1E6J.H      0.1        3         26  5   177  .600   .146
1EXB.E      0.1        3         9   3   73   1.000  .123
1F34.A      0.1        4         48  23  212  .173   .226
1FC2.D      0.1        9         37  10  164  .900   .225
1FFW.A      0.1        5         26  8   90   .625   .288
1FFW.B      0.1        6         17  10  49   .600   .346
1FLE.E      0.1        4         26  11  156  .363   .166
1GHQ.A      0.1        0         40  5   192  0      .208
1GXD.A      0.1        0         26  21  483  0      .053
1GXD.C      0.1        11        18  18  149  .611   .120
1IRA.X      0.1        13        11  23  90   .565   .122
1JIW.I      0.1        7         38  15  69   .466   .550
1JIW.P      0.1        7         45  20  312  .350   .144
1JPS.H      0.1        2         13  8   168  .250   .077
1KAC.A      0.1        3         31  9   134  .333   .231
1KAC.B      0.1        8         21  12  89   .666   .235
1KLU.D      0.1        8         27  11  154  .727   .175
Global_TPR  =          .535
Global_FPR  =          .153
avg_TPR     =          0.548613
avg_FPR     =          0.178581
Protein  Threshold  TP  FP  N   Neg  TPR    FPR
1ACB.E   0.15       5   9   13  159  .384   .056
1ACB.I   0.15       9   5   11  44   .818   .113
1AHW.A   0.15       8   9   9   163  .888   .055
1AK4.A   0.15       4   24  9   110  .444   .218
1AVX.A   0.15       14  15  19  139  .736   .107
1AY7.A   0.15       6   24  9   76   .666   .315
1AY7.B   0.15       7   8   9   58   .777   .137
1BGX.H   0.15       7   8   17  162  .411   .049
1DE4.E   0.15       17  10  21  66   .809   .151
1DFJ.E   0.15       0   12  18  85   0      .141
1DFJ.I   0.15       8   5   18  307  .444   .016
1DQJ.A   0.15       4   12  8   173  .500   .069
1E4K.C   0.15       10  23  12  129  .833   .178
1E6J.H   0.15       2   24  5   177  .400   .135
1EXB.E   0.15       3   8   3   73   1.000  .109
1F34.A   0.15       4   44  23  212  .173   .207
1FC2.D   0.15       9   36  10  164  .900   .219
1FFW.A   0.15       1   12  8   90   .125   .133
1FFW.B   0.15       6   12  10  49   .600   .244
1FLE.E   0.15       4   20  11  156  .363   .128
1GHQ.A   0.15       0   22  5   192  0      .114
1GXD.A   0.15       0   25  21  483  0      .051
1GXD.C   0.15       10  15  18  149  .555   .100
1IRA.X   0.15       11  9   23  90   .478   .100
1JIW.I   0.15       7   38  15  69   .466   .550
1JIW.P   0.15       7   37  20  312  .350   .118
1JPS.H   0.15       2   12  8   168  .250   .071
1KAC.A   0.15       3   27  9   134  .333   .201
1KAC.B   0.15       8   12  12  89   .666   .134
1KLU.D   0.15       7   23  11  154  .636   .149
Protein     Threshold  TP        FP  N   Neg  TPR    FPR
1ACB.E      0.15       5         9   13  159  .384   .056
1ACB.I      0.15       9         5   11  44   .818   .113
1AHW.A      0.15       8         9   9   163  .888   .055
1AK4.A      0.15       4         24  9   110  .444   .218
1AVX.A      0.15       14        15  19  139  .736   .107
1AY7.A      0.15       6         24  9   76   .666   .315
1AY7.B      0.15       7         8   9   58   .777   .137
1BGX.H      0.15       7         8   17  162  .411   .049
1DE4.E      0.15       17        10  21  66   .809   .151
1DFJ.E      0.15       0         12  18  85   0      .141
1DFJ.I      0.15       8         5   18  307  .444   .016
1DQJ.A      0.15       4         12  8   173  .500   .069
1E4K.C      0.15       10        23  12  129  .833   .178
1E6J.H      0.15       2         24  5   177  .400   .135
1EXB.E      0.15       3         8   3   73   1.000  .109
1F34.A      0.15       4         44  23  212  .173   .207
1FC2.D      0.15       9         36  10  164  .900   .219
1FFW.A      0.15       1         12  8   90   .125   .133
1FFW.B      0.15       6         12  10  49   .600   .244
1FLE.E      0.15       4         20  11  156  .363   .128
1GHQ.A      0.15       0         22  5   192  0      .114
1GXD.A      0.15       0         25  21  483  0      .051
1GXD.C      0.15       10        15  18  149  .555   .100
1IRA.X      0.15       11        9   23  90   .478   .100
1JIW.I      0.15       7         38  15  69   .466   .550
1JIW.P      0.15       7         37  20  312  .350   .118
1JPS.H      0.15       2         12  8   168  .250   .071
1KAC.A      0.15       3         27  9   134  .333   .201
1KAC.B      0.15       8         12  12  89   .666   .134
1KLU.D      0.15       7         23  11  154  .636   .149
Global_TPR  =          .475
Global_FPR  =          .121
avg_TPR     =          0.484032
avg_FPR     =          0.140903
Protein  Threshold  TP  FP  N   Neg  TPR    FPR
1ACB.E   0.2        3   3   13  159  .230   .018
1ACB.I   0.2        6   4   11  44   .545   .090
1AHW.A   0.2        7   7   9   163  .777   .042
1AK4.A   0.2        3   22  9   110  .333   .200
1AVX.A   0.2        14  6   19  139  .736   .043
1AY7.A   0.2        5   15  9   76   .555   .197
1AY7.B   0.2        7   5   9   58   .777   .086
1BGX.H   0.2        7   6   17  162  .411   .037
1DE4.E   0.2        16  9   21  66   .761   .136
1DFJ.E   0.2        0   9   18  85   0      .105
1DFJ.I   0.2        5   3   18  307  .277   .009
1DQJ.A   0.2        3   7   8   173  .375   .040
1E4K.C   0.2        10  16  12  129  .833   .124
1E6J.H   0.2        1   22  5   177  .200   .124
1EXB.E   0.2        3   8   3   73   1.000  .109
1F34.A   0.2        3   36  23  212  .130   .169
1FC2.D   0.2        8   28  10  164  .800   .170
1FFW.A   0.2        0   9   8   90   0      .100
1FFW.B   0.2        4   9   10  49   .400   .183
1FLE.E   0.2        4   16  11  156  .363   .102
1GHQ.A   0.2        0   13  5   192  0      .067
1GXD.A   0.2        0   20  21  483  0      .041
1GXD.C   0.2        8   12  18  149  .444   .080
1IRA.X   0.2        8   3   23  90   .347   .033
1JIW.I   0.2        7   38  15  69   .466   .550
1JIW.P   0.2        7   34  20  312  .350   .108
1JPS.H   0.2        1   11  8   168  .125   .065
1KAC.A   0.2        3   27  9   134  .333   .201
1KAC.B   0.2        7   8   12  89   .583   .089
1KLU.D   0.2        4   16  11  154  .363   .103
Protein     Threshold  TP        FP  N   Neg  TPR    FPR
1ACB.E      0.2        3         3   13  159  .230   .018
1ACB.I      0.2        6         4   11  44   .545   .090
1AHW.A      0.2        7         7   9   163  .777   .042
1AK4.A      0.2        3         22  9   110  .333   .200
1AVX.A      0.2        14        6   19  139  .736   .043
1AY7.A      0.2        5         15  9   76   .555   .197
1AY7.B      0.2        7         5   9   58   .777   .086
1BGX.H      0.2        7         6   17  162  .411   .037
1DE4.E      0.2        16        9   21  66   .761   .136
1DFJ.E      0.2        0         9   18  85   0      .105
1DFJ.I      0.2        5         3   18  307  .277   .009
1DQJ.A      0.2        3         7   8   173  .375   .040
1E4K.C      0.2        10        16  12  129  .833   .124
1E6J.H      0.2        1         22  5   177  .200   .124
1EXB.E      0.2        3         8   3   73   1.000  .109
1F34.A      0.2        3         36  23  212  .130   .169
1FC2.D      0.2        8         28  10  164  .800   .170
1FFW.A      0.2        0         9   8   90   0      .100
1FFW.B      0.2        4         9   10  49   .400   .183
1FLE.E      0.2        4         16  11  156  .363   .102
1GHQ.A      0.2        0         13  5   192  0      .067
1GXD.A      0.2        0         20  21  483  0      .041
1GXD.C      0.2        8         12  18  149  .444   .080
1IRA.X      0.2        8         3   23  90   .347   .033
1JIW.I      0.2        7         38  15  69   .466   .550
1JIW.P      0.2        7         34  20  312  .350   .108
1JPS.H      0.2        1         11  8   168  .125   .065
1KAC.A      0.2        3         27  9   134  .333   .201
1KAC.B      0.2        7         8   12  89   .583   .089
1KLU.D      0.2        4         16  11  154  .363   .103
Global_TPR  =          .400
Global_FPR  =          .095
avg_TPR     =          0.403677
avg_FPR     =          0.110355
Protein  Threshold  TP  FP  N   Neg  TPR    FPR
1ACB.E   0.25       3   1   13  159  .230   .006
1ACB.I   0.25       4   3   11  44   .363   .068
1AHW.A   0.25       5   3   9   163  .555   .018
1AK4.A   0.25       3   18  9   110  .333   .163
1AVX.A   0.25       14  6   19  139  .736   .043
1AY7.A   0.25       5   12  9   76   .555   .157
1AY7.B   0.25       7   5   9   58   .777   .086
1BGX.H   0.25       6   3   17  162  .352   .018
1DE4.E   0.25       14  5   21  66   .666   .075
1DFJ.E   0.25       0   6   18  85   0      .070
1DFJ.I   0.25       2   3   18  307  .111   .009
1DQJ.A   0.25       2   7   8   173  .250   .040
1E4K.C   0.25       10  16  12  129  .833   .124
1E6J.H   0.25       1   22  5   177  .200   .124
1EXB.E   0.25       3   3   3   73   1.000  .041
1F34.A   0.25       3   32  23  212  .130   .150
1FC2.D   0.25       8   28  10  164  .800   .170
1FFW.A   0.25       0   8   8   90   0      .088
1FFW.B   0.25       3   5   10  49   .300   .102
1FLE.E   0.25       4   15  11  156  .363   .096
1GHQ.A   0.25       0   13  5   192  0      .067
1GXD.A   0.25       0   20  21  483  0      .041
1GXD.C   0.25       8   12  18  149  .444   .080
1IRA.X   0.25       6   3   23  90   .260   .033
1JIW.I   0.25       7   30  15  69   .466   .434
1JIW.P   0.25       7   34  20  312  .350   .108
1JPS.H   0.25       1   9   8   168  .125   .053
1KAC.A   0.25       2   23  9   134  .222   .171
1KAC.B   0.25       6   3   12  89   .500   .033
1KLU.D   0.25       3   13  11  154  .272   .084
Protein     Threshold  TP         FP  N   Neg  TPR    FPR
1ACB.E      0.25       3          1   13  159  .230   .006
1ACB.I      0.25       4          3   11  44   .363   .068
1AHW.A      0.25       5          3   9   163  .555   .018
1AK4.A      0.25       3          18  9   110  .333   .163
1AVX.A      0.25       14         6   19  139  .736   .043
1AY7.A      0.25       5          12  9   76   .555   .157
1AY7.B      0.25       7          5   9   58   .777   .086
1BGX.H      0.25       6          3   17  162  .352   .018
1DE4.E      0.25       14         5   21  66   .666   .075
1DFJ.E      0.25       0          6   18  85   0      .070
1DFJ.I      0.25       2          3   18  307  .111   .009
1DQJ.A      0.25       2          7   8   173  .250   .040
1E4K.C      0.25       10         16  12  129  .833   .124
1E6J.H      0.25       1          22  5   177  .200   .124
1EXB.E      0.25       3          3   3   73   1.000  .041
1F34.A      0.25       3          32  23  212  .130   .150
1FC2.D      0.25       8          28  10  164  .800   .170
1FFW.A      0.25       0          8   8   90   0      .088
1FFW.B      0.25       3          5   10  49   .300   .102
1FLE.E      0.25       4          15  11  156  .363   .096
1GHQ.A      0.25       0          13  5   192  0      .067
1GXD.A      0.25       0          20  21  483  0      .041
1GXD.C      0.25       8          12  18  149  .444   .080
1IRA.X      0.25       6          3   23  90   .260   .033
1JIW.I      0.25       7          30  15  69   .466   .434
1JIW.P      0.25       7          34  20  312  .350   .108
1JPS.H      0.25       1          9   8   168  .125   .053
1KAC.A      0.25       2          23  9   134  .222   .171
1KAC.B      0.25       6          3   12  89   .500   .033
1KLU.D      0.25       3          13  11  154  .272   .084
Global_TPR  =          .355
Global_FPR  =          .081
avg_TPR     =          0.361065
avg_FPR     =          0.0887742
Protein  Threshold  TP  FP  N   Neg  TPR    FPR
1ACB.E   0.3        3   0   13  159  .230   0
1ACB.I   0.3        3   2   11  44   .272   .045
1AHW.A   0.3        5   3   9   163  .555   .018
1AK4.A   0.3        3   14  9   110  .333   .127
1AVX.A   0.3        13  5   19  139  .684   .035
1AY7.A   0.3        3   10  9   76   .333   .131
1AY7.B   0.3        6   5   9   58   .666   .086
1BGX.H   0.3        6   3   17  162  .352   .018
1DE4.E   0.3        11  4   21  66   .523   .060
1DFJ.E   0.3        0   5   18  85   0      .058
1DFJ.I   0.3        2   2   18  307  .111   .006
1DQJ.A   0.3        2   6   8   173  .250   .034
1E4K.C   0.3        10  12  12  129  .833   .093
1E6J.H   0.3        1   16  5   177  .200   .090
1EXB.E   0.3        3   3   3   73   1.000  .041
1F34.A   0.3        2   24  23  212  .086   .113
1FC2.D   0.3        8   28  10  164  .800   .170
1FFW.A   0.3        0   7   8   90   0      .077
1FFW.B   0.3        3   4   10  49   .300   .081
1FLE.E   0.3        2   9   11  156  .181   .057
1GHQ.A   0.3        0   8   5   192  0      .041
1GXD.A   0.3        0   18  21  483  0      .037
1GXD.C   0.3        8   10  18  149  .444   .067
1IRA.X   0.3        3   2   23  90   .130   .022
1JIW.I   0.3        7   30  15  69   .466   .434
1JIW.P   0.3        7   26  20  312  .350   .083
1JPS.H   0.3        1   9   8   168  .125   .053
1KAC.A   0.3        2   23  9   134  .222   .171
1KAC.B   0.3        6   3   12  89   .500   .033
1KLU.D   0.3        1   8   11  154  .090   .051
Protein     Threshold  TP         FP  N   Neg  TPR    FPR
1ACB.E      0.3        3          0   13  159  .230   0
1ACB.I      0.3        3          2   11  44   .272   .045
1AHW.A      0.3        5          3   9   163  .555   .018
1AK4.A      0.3        3          14  9   110  .333   .127
1AVX.A      0.3        13         5   19  139  .684   .035
1AY7.A      0.3        3          10  9   76   .333   .131
1AY7.B      0.3        6          5   9   58   .666   .086
1BGX.H      0.3        6          3   17  162  .352   .018
1DE4.E      0.3        11         4   21  66   .523   .060
1DFJ.E      0.3        0          5   18  85   0      .058
1DFJ.I      0.3        2          2   18  307  .111   .006
1DQJ.A      0.3        2          6   8   173  .250   .034
1E4K.C      0.3        10         12  12  129  .833   .093
1E6J.H      0.3        1          16  5   177  .200   .090
1EXB.E      0.3        3          3   3   73   1.000  .041
1F34.A      0.3        2          24  23  212  .086   .113
1FC2.D      0.3        8          28  10  164  .800   .170
1FFW.A      0.3        0          7   8   90   0      .077
1FFW.B      0.3        3          4   10  49   .300   .081
1FLE.E      0.3        2          9   11  156  .181   .057
1GHQ.A      0.3        0          8   5   192  0      .041
1GXD.A      0.3        0          18  21  483  0      .037
1GXD.C      0.3        8          10  18  149  .444   .067
1IRA.X      0.3        3          2   23  90   .130   .022
1JIW.I      0.3        7          30  15  69   .466   .434
1JIW.P      0.3        7          26  20  312  .350   .083
1JPS.H      0.3        1          9   8   168  .125   .053
1KAC.A      0.3        2          23  9   134  .222   .171
1KAC.B      0.3        6          3   12  89   .500   .033
1KLU.D      0.3        1          8   11  154  .090   .051
Global_TPR  =          .314
Global_FPR  =          .067
avg_TPR     =          0.323742
avg_FPR     =          0.0752258
Protein  Threshold  TP  FP  N   Neg  TPR    FPR
1ACB.E   0.35       3   0   13  159  .230   0
1ACB.I   0.35       3   0   11  44   .272   0
1AHW.A   0.35       5   3   9   163  .555   .018
1AK4.A   0.35       3   14  9   110  .333   .127
1AVX.A   0.35       10  4   19  139  .526   .028
1AY7.A   0.35       2   8   9   76   .222   .105
1AY7.B   0.35       5   5   9   58   .555   .086
1BGX.H   0.35       6   2   17  162  .352   .012
1DE4.E   0.35       11  3   21  66   .523   .045
1DFJ.E   0.35       0   5   18  85   0      .058
1DFJ.I   0.35       1   2   18  307  .055   .006
1DQJ.A   0.35       2   5   8   173  .250   .028
1E4K.C   0.35       10  7   12  129  .833   .054
1E6J.H   0.35       1   16  5   177  .200   .090
1EXB.E   0.35       3   2   3   73   1.000  .027
1F34.A   0.35       2   24  23  212  .086   .113
1FC2.D   0.35       8   23  10  164  .800   .140
1FFW.A   0.35       0   5   8   90   0      .055
1FFW.B   0.35       0   2   10  49   0      .040
1FLE.E   0.35       2   8   11  156  .181   .051
1GHQ.A   0.35       0   8   5   192  0      .041
1GXD.A   0.35       0   13  21  483  0      .026
1GXD.C   0.35       8   10  18  149  .444   .067
1IRA.X   0.35       3   2   23  90   .130   .022
1JIW.I   0.35       5   16  15  69   .333   .231
1JIW.P   0.35       7   26  20  312  .350   .083
1JPS.H   0.35       1   8   8   168  .125   .047
1KAC.A   0.35       1   15  9   134  .111   .111
1KAC.B   0.35       5   3   12  89   .416   .033
1KLU.D   0.35       1   8   11  154  .090   .051
Protein     Threshold  TP         FP  N   Neg  TPR    FPR
1ACB.E      0.35       3          0   13  159  .230   0
1ACB.I      0.35       3          0   11  44   .272   0
1AHW.A      0.35       5          3   9   163  .555   .018
1AK4.A      0.35       3          14  9   110  .333   .127
1AVX.A      0.35       10         4   19  139  .526   .028
1AY7.A      0.35       2          8   9   76   .222   .105
1AY7.B      0.35       5          5   9   58   .555   .086
1BGX.H      0.35       6          2   17  162  .352   .012
1DE4.E      0.35       11         3   21  66   .523   .045
1DFJ.E      0.35       0          5   18  85   0      .058
1DFJ.I      0.35       1          2   18  307  .055   .006
1DQJ.A      0.35       2          5   8   173  .250   .028
1E4K.C      0.35       10         7   12  129  .833   .054
1E6J.H      0.35       1          16  5   177  .200   .090
1EXB.E      0.35       3          2   3   73   1.000  .027
1F34.A      0.35       2          24  23  212  .086   .113
1FC2.D      0.35       8          23  10  164  .800   .140
1FFW.A      0.35       0          5   8   90   0      .055
1FFW.B      0.35       0          2   10  49   0      .040
1FLE.E      0.35       2          8   11  156  .181   .051
1GHQ.A      0.35       0          8   5   192  0      .041
1GXD.A      0.35       0          13  21  483  0      .026
1GXD.C      0.35       8          10  18  149  .444   .067
1IRA.X      0.35       3          2   23  90   .130   .022
1JIW.I      0.35       5          16  15  69   .333   .231
1JIW.P      0.35       7          26  20  312  .350   .083
1JPS.H      0.35       1          8   8   168  .125   .047
1KAC.A      0.35       1          15  9   134  .111   .111
1KAC.B      0.35       5          3   12  89   .416   .033
1KLU.D      0.35       1          8   11  154  .090   .051
Global_TPR  =          .280
Global_FPR  =          .055
avg_TPR     =          0.289419
avg_FPR     =          0.0579032
Protein  Threshold  TP  FP  N   Neg  TPR   FPR
1ACB.E   0.4        3   0   13  159  .230  0
1ACB.I   0.4        3   0   11  44   .272  0
1AHW.A   0.4        5   2   9   163  .555  .012
1AK4.A   0.4        3   14  9   110  .333  .127
1AVX.A   0.4        10  4   19  139  .526  .028
1AY7.A   0.4        0   5   9   76   0     .065
1AY7.B   0.4        4   5   9   58   .444  .086
1BGX.H   0.4        6   2   17  162  .352  .012
1DE4.E   0.4        7   3   21  66   .333  .045
1DFJ.E   0.4        0   3   18  85   0     .035
1DFJ.I   0.4        1   1   18  307  .055  .003
1DQJ.A   0.4        2   4   8   173  .250  .023
1E4K.C   0.4        10  7   12  129  .833  .054
1E6J.H   0.4        1   15  5   177  .200  .084
1EXB.E   0.4        1   2   3   73   .333  .027
1F34.A   0.4        1   16  23  212  .043  .075
1FC2.D   0.4        8   23  10  164  .800  .140
1FFW.A   0.4        0   5   8   90   0     .055
1FFW.B   0.4        0   2   10  49   0     .040
1FLE.E   0.4        0   7   11  156  0     .044
1GHQ.A   0.4        0   8   5   192  0     .041
1GXD.A   0.4        0   13  21  483  0     .026
1GXD.C   0.4        8   10  18  149  .444  .067
1IRA.X   0.4        3   1   23  90   .130  .011
1JIW.I   0.4        5   16  15  69   .333  .231
1JIW.P   0.4        7   26  20  312  .350  .083
1JPS.H   0.4        0   7   8   168  0     .041
1KAC.A   0.4        1   15  9   134  .111  .111
1KAC.B   0.4        5   2   12  89   .416  .022
1KLU.D   0.4        1   7   11  154  .090  .045
Protein     Threshold  TP         FP  N   Neg  TPR   FPR
1ACB.E      0.4        3          0   13  159  .230  0
1ACB.I      0.4        3          0   11  44   .272  0
1AHW.A      0.4        5          2   9   163  .555  .012
1AK4.A      0.4        3          14  9   110  .333  .127
1AVX.A      0.4        10         4   19  139  .526  .028
1AY7.A      0.4        0          5   9   76   0     .065
1AY7.B      0.4        4          5   9   58   .444  .086
1BGX.H      0.4        6          2   17  162  .352  .012
1DE4.E      0.4        7          3   21  66   .333  .045
1DFJ.E      0.4        0          3   18  85   0     .035
1DFJ.I      0.4        1          1   18  307  .055  .003
1DQJ.A      0.4        2          4   8   173  .250  .023
1E4K.C      0.4        10         7   12  129  .833  .054
1E6J.H      0.4        1          15  5   177  .200  .084
1EXB.E      0.4        1          2   3   73   .333  .027
1F34.A      0.4        1          16  23  212  .043  .075
1FC2.D      0.4        8          23  10  164  .800  .140
1FFW.A      0.4        0          5   8   90   0     .055
1FFW.B      0.4        0          2   10  49   0     .040
1FLE.E      0.4        0          7   11  156  0     .044
1GHQ.A      0.4        0          8   5   192  0     .041
1GXD.A      0.4        0          13  21  483  0     .026
1GXD.C      0.4        8          10  18  149  .444  .067
1IRA.X      0.4        3          1   23  90   .130  .011
1JIW.I      0.4        5          16  15  69   .333  .231
1JIW.P      0.4        7          26  20  312  .350  .083
1JPS.H      0.4        0          7   8   168  0     .041
1KAC.A      0.4        1          15  9   134  .111  .111
1KAC.B      0.4        5          2   12  89   .416  .022
1KLU.D      0.4        1          7   11  154  .090  .045
Global_TPR  =          .246
Global_FPR  =          .050
avg_TPR     =          0.239774
avg_FPR     =          0.0526774
Protein  Threshold  TP  FP  N   Neg  TPR   FPR
1ACB.E   0.45       3   0   13  159  .230  0
1ACB.I   0.45       2   0   11  44   .181  0
1AHW.A   0.45       5   1   9   163  .555  .006
1AK4.A   0.45       3   12  9   110  .333  .109
1AVX.A   0.45       7   1   19  139  .368  .007
1AY7.A   0.45       0   2   9   76   0     .026
1AY7.B   0.45       3   5   9   58   .333  .086
1BGX.H   0.45       6   1   17  162  .352  .006
1DE4.E   0.45       6   2   21  66   .285  .030
1DFJ.E   0.45       0   3   18  85   0     .035
1DFJ.I   0.45       1   1   18  307  .055  .003
1DQJ.A   0.45       1   3   8   173  .125  .017
1E4K.C   0.45       8   4   12  129  .666  .031
1E6J.H   0.45       1   11  5   177  .200  .062
1EXB.E   0.45       1   2   3   73   .333  .027
1F34.A   0.45       1   13  23  212  .043  .061
1FC2.D   0.45       7   21  10  164  .700  .128
1FFW.A   0.45       0   2   8   90   0     .022
1FFW.B   0.45       0   2   10  49   0     .040
1FLE.E   0.45       0   5   11  156  0     .032
1GHQ.A   0.45       0   4   5   192  0     .020
1GXD.A   0.45       0   13  21  483  0     .026
1GXD.C   0.45       6   8   18  149  .333  .053
1IRA.X   0.45       3   1   23  90   .130  .011
1JIW.I   0.45       5   16  15  69   .333  .231
1JIW.P   0.45       4   13  20  312  .200  .041
1JPS.H   0.45       0   7   8   168  0     .041
1KAC.A   0.45       1   15  9   134  .111  .111
1KAC.B   0.45       4   2   12  89   .333  .022
1KLU.D   0.45       1   5   11  154  .090  .032
Protein     Threshold  TP         FP  N   Neg  TPR   FPR
1ACB.E      0.45       3          0   13  159  .230  0
1ACB.I      0.45       2          0   11  44   .181  0
1AHW.A      0.45       5          1   9   163  .555  .006
1AK4.A      0.45       3          12  9   110  .333  .109
1AVX.A      0.45       7          1   19  139  .368  .007
1AY7.A      0.45       0          2   9   76   0     .026
1AY7.B      0.45       3          5   9   58   .333  .086
1BGX.H      0.45       6          1   17  162  .352  .006
1DE4.E      0.45       6          2   21  66   .285  .030
1DFJ.E      0.45       0          3   18  85   0     .035
1DFJ.I      0.45       1          1   18  307  .055  .003
1DQJ.A      0.45       1          3   8   173  .125  .017
1E4K.C      0.45       8          4   12  129  .666  .031
1E6J.H      0.45       1          11  5   177  .200  .062
1EXB.E      0.45       1          2   3   73   .333  .027
1F34.A      0.45       1          13  23  212  .043  .061
1FC2.D      0.45       7          21  10  164  .700  .128
1FFW.A      0.45       0          2   8   90   0     .022
1FFW.B      0.45       0          2   10  49   0     .040
1FLE.E      0.45       0          5   11  156  0     .032
1GHQ.A      0.45       0          4   5   192  0     .020
1GXD.A      0.45       0          13  21  483  0     .026
1GXD.C      0.45       6          8   18  149  .333  .053
1IRA.X      0.45       3          1   23  90   .130  .011
1JIW.I      0.45       5          16  15  69   .333  .231
1JIW.P      0.45       4          13  20  312  .200  .041
1JPS.H      0.45       0          7   8   168  0     .041
1KAC.A      0.45       1          15  9   134  .111  .111
1KAC.B      0.45       4          2   12  89   .333  .022
1KLU.D      0.45       1          5   11  154  .090  .032
Global_TPR  =          .205
Global_FPR  =          .039
avg_TPR     =          0.202871
avg_FPR     =          0.0424516
Protein  Threshold  TP  FP  N   Neg  TPR   FPR
1ACB.E   0.5        1   0   13  159  .076  0
1ACB.I   0.5        2   0   11  44   .181  0
1AHW.A   0.5        5   1   9   163  .555  .006
1AK4.A   0.5        2   6   9   110  .222  .054
1AVX.A   0.5        6   1   19  139  .315  .007
1AY7.A   0.5        0   1   9   76   0     .013
1AY7.B   0.5        1   1   9   58   .111  .017
1BGX.H   0.5        6   1   17  162  .352  .006
1DE4.E   0.5        6   1   21  66   .285  .015
1DFJ.E   0.5        0   3   18  85   0     .035
1DFJ.I   0.5        1   1   18  307  .055  .003
1DQJ.A   0.5        1   3   8   173  .125  .017
1E4K.C   0.5        8   4   12  129  .666  .031
1E6J.H   0.5        1   10  5   177  .200  .056
1EXB.E   0.5        1   2   3   73   .333  .027
1F34.A   0.5        1   10  23  212  .043  .047
1FC2.D   0.5        6   14  10  164  .600  .085
1FFW.A   0.5        0   1   8   90   0     .011
1FFW.B   0.5        0   2   10  49   0     .040
1FLE.E   0.5        0   5   11  156  0     .032
1GHQ.A   0.5        0   4   5   192  0     .020
1GXD.A   0.5        0   12  21  483  0     .024
1GXD.C   0.5        5   8   18  149  .277  .053
1IRA.X   0.5        2   1   23  90   .086  .011
1JIW.I   0.5        5   12  15  69   .333  .173
1JIW.P   0.5        4   13  20  312  .200  .041
1JPS.H   0.5        0   6   8   168  0     .035
1KAC.A   0.5        0   12  9   134  0     .089
1KAC.B   0.5        4   2   12  89   .333  .022
1KLU.D   0.5        1   4   11  154  .090  .025
Protein     Threshold  TP         FP  N   Neg  TPR   FPR
1ACB.E      0.5        1          0   13  159  .076  0
1ACB.I      0.5        2          0   11  44   .181  0
1AHW.A      0.5        5          1   9   163  .555  .006
1AK4.A      0.5        2          6   9   110  .222  .054
1AVX.A      0.5        6          1   19  139  .315  .007
1AY7.A      0.5        0          1   9   76   0     .013
1AY7.B      0.5        1          1   9   58   .111  .017
1BGX.H      0.5        6          1   17  162  .352  .006
1DE4.E      0.5        6          1   21  66   .285  .015
1DFJ.E      0.5        0          3   18  85   0     .035
1DFJ.I      0.5        1          1   18  307  .055  .003
1DQJ.A      0.5        1          3   8   173  .125  .017
1E4K.C      0.5        8          4   12  129  .666  .031
1E6J.H      0.5        1          10  5   177  .200  .056
1EXB.E      0.5        1          2   3   73   .333  .027
1F34.A      0.5        1          10  23  212  .043  .047
1FC2.D      0.5        6          14  10  164  .600  .085
1FFW.A      0.5        0          1   8   90   0     .011
1FFW.B      0.5        0          2   10  49   0     .040
1FLE.E      0.5        0          5   11  156  0     .032
1GHQ.A      0.5        0          4   5   192  0     .020
1GXD.A      0.5        0          12  21  483  0     .024
1GXD.C      0.5        5          8   18  149  .277  .053
1IRA.X      0.5        2          1   23  90   .086  .011
1JIW.I      0.5        5          12  15  69   .333  .173
1JIW.P      0.5        4          13  20  312  .200  .041
1JPS.H      0.5        0          6   8   168  0     .035
1KAC.A      0.5        0          12  9   134  0     .089
1KAC.B      0.5        4          2   12  89   .333  .022
1KLU.D      0.5        1          4   11  154  .090  .025
Global_TPR  =          .179
Global_FPR  =          .031
avg_TPR     =          0.175419
avg_FPR     =          0.0320968
Protein  Threshold  TP  FP  N   Neg  TPR   FPR
1ACB.E   0.55       1   0   13  159  .076  0
1ACB.I   0.55       2   0   11  44   .181  0
1AHW.A   0.55       5   0   9   163  .555  0
1AK4.A   0.55       2   6   9   110  .222  .054
1AVX.A   0.55       6   1   19  139  .315  .007
1AY7.A   0.55       0   1   9   76   0     .013
1AY7.B   0.55       1   1   9   58   .111  .017
1BGX.H   0.55       4   1   17  162  .235  .006
1DE4.E   0.55       6   1   21  66   .285  .015
1DFJ.E   0.55       0   3   18  85   0     .035
1DFJ.I   0.55       1   1   18  307  .055  .003
1DQJ.A   0.55       1   3   8   173  .125  .017
1E4K.C   0.55       7   3   12  129  .583  .023
1E6J.H   0.55       1   10  5   177  .200  .056
1EXB.E   0.55       1   2   3   73   .333  .027
1F34.A   0.55       0   8   23  212  0     .037
1FC2.D   0.55       5   12  10  164  .500  .073
1FFW.A   0.55       0   1   8   90   0     .011
1FFW.B   0.55       0   2   10  49   0     .040
1FLE.E   0.55       0   5   11  156  0     .032
1GHQ.A   0.55       0   4   5   192  0     .020
1GXD.A   0.55       0   12  21  483  0     .024
1GXD.C   0.55       5   8   18  149  .277  .053
1IRA.X   0.55       2   1   23  90   .086  .011
1JIW.I   0.55       4   10  15  69   .266  .144
1JIW.P   0.55       4   13  20  312  .200  .041
1JPS.H   0.55       0   6   8   168  0     .035
1KAC.A   0.55       0   4   9   134  0     .029
1KAC.B   0.55       4   1   12  89   .333  .011
1KLU.D   0.55       1   3   11  154  .090  .019
Protein     Threshold  TP         FP  N   Neg  TPR   FPR
1ACB.E      0.55       1          0   13  159  .076  0
1ACB.I      0.55       2          0   11  44   .181  0
1AHW.A      0.55       5          0   9   163  .555  0
1AK4.A      0.55       2          6   9   110  .222  .054
1AVX.A      0.55       6          1   19  139  .315  .007
1AY7.A      0.55       0          1   9   76   0     .013
1AY7.B      0.55       1          1   9   58   .111  .017
1BGX.H      0.55       4          1   17  162  .235  .006
1DE4.E      0.55       6          1   21  66   .285  .015
1DFJ.E      0.55       0          3   18  85   0     .035
1DFJ.I      0.55       1          1   18  307  .055  .003
1DQJ.A      0.55       1          3   8   173  .125  .017
1E4K.C      0.55       7          3   12  129  .583  .023
1E6J.H      0.55       1          10  5   177  .200  .056
1EXB.E      0.55       1          2   3   73   .333  .027
1F34.A      0.55       0          8   23  212  0     .037
1FC2.D      0.55       5          12  10  164  .500  .073
1FFW.A      0.55       0          1   8   90   0     .011
1FFW.B      0.55       0          2   10  49   0     .040
1FLE.E      0.55       0          5   11  156  0     .032
1GHQ.A      0.55       0          4   5   192  0     .020
1GXD.A      0.55       0          12  21  483  0     .024
1GXD.C      0.55       5          8   18  149  .277  .053
1IRA.X      0.55       2          1   23  90   .086  .011
1JIW.I      0.55       4          10  15  69   .266  .144
1JIW.P      0.55       4          13  20  312  .200  .041
1JPS.H      0.55       0          6   8   168  0     .035
1KAC.A      0.55       0          4   9   134  0     .029
1KAC.B      0.55       4          1   12  89   .333  .011
1KLU.D      0.55       1          3   11  154  .090  .019
Global_TPR  =          .163
Global_FPR  =          .027
avg_TPR     =          0.162194
avg_FPR     =          0.0275161
Protein  Threshold  TP  FP  N   Neg  TPR   FPR
1ACB.E   0.6        1   0   13  159  .076  0
1ACB.I   0.6        2   0   11  44   .181  0
1AHW.A   0.6        5   0   9   163  .555  0
1AK4.A   0.6        1   6   9   110  .111  .054
1AVX.A   0.6        6   0   19  139  .315  0
1AY7.A   0.6        0   1   9   76   0     .013
1AY7.B   0.6        1   1   9   58   .111  .017
1BGX.H   0.6        4   1   17  162  .235  .006
1DE4.E   0.6        4   1   21  66   .190  .015
1DFJ.E   0.6        0   2   18  85   0     .023
1DFJ.I   0.6        0   1   18  307  0     .003
1DQJ.A   0.6        1   3   8   173  .125  .017
1E4K.C   0.6        7   3   12  129  .583  .023
1E6J.H   0.6        1   8   5   177  .200  .045
1EXB.E   0.6        1   2   3   73   .333  .027
1F34.A   0.6        0   7   23  212  0     .033
1FC2.D   0.6        5   12  10  164  .500  .073
1FFW.A   0.6        0   1   8   90   0     .011
1FFW.B   0.6        0   2   10  49   0     .040
1FLE.E   0.6        0   4   11  156  0     .025
1GHQ.A   0.6        0   2   5   192  0     .010
1GXD.A   0.6        0   12  21  483  0     .024
1GXD.C   0.6        3   8   18  149  .166  .053
1IRA.X   0.6        2   1   23  90   .086  .011
1JIW.I   0.6        3   9   15  69   .200  .130
1JIW.P   0.6        0   3   20  312  0     .009
1JPS.H   0.6        0   4   8   168  0     .023
1KAC.A   0.6        0   4   9   134  0     .029
1KAC.B   0.6        3   1   12  89   .250  .011
1KLU.D   0.6        1   3   11  154  .090  .019
Protein     Threshold  TP        FP  N   Neg  TPR   FPR
1ACB.E      0.6        1         0   13  159  .076  0
1ACB.I      0.6        2         0   11  44   .181  0
1AHW.A      0.6        5         0   9   163  .555  0
1AK4.A      0.6        1         6   9   110  .111  .054
1AVX.A      0.6        6         0   19  139  .315  0
1AY7.A      0.6        0         1   9   76   0     .013
1AY7.B      0.6        1         1   9   58   .111  .017
1BGX.H      0.6        4         1   17  162  .235  .006
1DE4.E      0.6        4         1   21  66   .190  .015
1DFJ.E      0.6        0         2   18  85   0     .023
1DFJ.I      0.6        0         1   18  307  0     .003
1DQJ.A      0.6        1         3   8   173  .125  .017
1E4K.C      0.6        7         3   12  129  .583  .023
1E6J.H      0.6        1         8   5   177  .200  .045
1EXB.E      0.6        1         2   3   73   .333  .027
1F34.A      0.6        0         7   23  212  0     .033
1FC2.D      0.6        5         12  10  164  .500  .073
1FFW.A      0.6        0         1   8   90   0     .011
1FFW.B      0.6        0         2   10  49   0     .040
1FLE.E      0.6        0         4   11  156  0     .025
1GHQ.A      0.6        0         2   5   192  0     .010
1GXD.A      0.6        0         12  21  483  0     .024
1GXD.C      0.6        3         8   18  149  .166  .053
1IRA.X      0.6        2         1   23  90   .086  .011
1JIW.I      0.6        3         9   15  69   .200  .130
1JIW.P      0.6        0         3   20  312  0     .009
1JPS.H      0.6        0         4   8   168  0     .023
1KAC.A      0.6        0         4   9   134  0     .029
1KAC.B      0.6        3         1   12  89   .250  .011
1KLU.D      0.6        1         3   11  154  .090  .019
Global_TPR  =          .132
Global_FPR  =          .023
avg_TPR     =          0.138935
avg_FPR     =          0.024
Protein  Threshold  TP  FP  N   Neg  TPR   FPR
1ACB.E   0.65       1   0   13  159  .076  0
1ACB.I   0.65       1   0   11  44   .090  0
1AHW.A   0.65       5   0   9   163  .555  0
1AK4.A   0.65       1   6   9   110  .111  .054
1AVX.A   0.65       6   0   19  139  .315  0
1AY7.A   0.65       0   1   9   76   0     .013
1AY7.B   0.65       1   1   9   58   .111  .017
1BGX.H   0.65       3   1   17  162  .176  .006
1DE4.E   0.65       4   1   21  66   .190  .015
1DFJ.E   0.65       0   2   18  85   0     .023
1DFJ.I   0.65       0   1   18  307  0     .003
1DQJ.A   0.65       1   1   8   173  .125  .005
1E4K.C   0.65       5   2   12  129  .416  .015
1E6J.H   0.65       1   8   5   177  .200  .045
1EXB.E   0.65       1   2   3   73   .333  .027
1F34.A   0.65       0   4   23  212  0     .018
1FC2.D   0.65       4   11  10  164  .400  .067
1FFW.A   0.65       0   1   8   90   0     .011
1FFW.B   0.65       0   1   10  49   0     .020
1FLE.E   0.65       0   3   11  156  0     .019
1GHQ.A   0.65       0   2   5   192  0     .010
1GXD.A   0.65       0   10  21  483  0     .020
1GXD.C   0.65       3   4   18  149  .166  .026
1IRA.X   0.65       1   1   23  90   .043  .011
1JIW.I   0.65       3   9   15  69   .200  .130
1JIW.P   0.65       0   2   20  312  0     .006
1JPS.H   0.65       0   4   8   168  0     .023
1KAC.A   0.65       0   4   9   134  0     .029
1KAC.B   0.65       3   1   12  89   .250  .011
1KLU.D   0.65       1   1   11  154  .090  .006
Protein     Threshold  TP         FP  N   Neg  TPR   FPR
1ACB.E      0.65       1          0   13  159  .076  0
1ACB.I      0.65       1          0   11  44   .090  0
1AHW.A      0.65       5          0   9   163  .555  0
1AK4.A      0.65       1          6   9   110  .111  .054
1AVX.A      0.65       6          0   19  139  .315  0
1AY7.A      0.65       0          1   9   76   0     .013
1AY7.B      0.65       1          1   9   58   .111  .017
1BGX.H      0.65       3          1   17  162  .176  .006
1DE4.E      0.65       4          1   21  66   .190  .015
1DFJ.E      0.65       0          2   18  85   0     .023
1DFJ.I      0.65       0          1   18  307  0     .003
1DQJ.A      0.65       1          1   8   173  .125  .005
1E4K.C      0.65       5          2   12  129  .416  .015
1E6J.H      0.65       1          8   5   177  .200  .045
1EXB.E      0.65       1          2   3   73   .333  .027
1F34.A      0.65       0          4   23  212  0     .018
1FC2.D      0.65       4          11  10  164  .400  .067
1FFW.A      0.65       0          1   8   90   0     .011
1FFW.B      0.65       0          1   10  49   0     .020
1FLE.E      0.65       0          3   11  156  0     .019
1GHQ.A      0.65       0          2   5   192  0     .010
1GXD.A      0.65       0          10  21  483  0     .020
1GXD.C      0.65       3          4   18  149  .166  .026
1IRA.X      0.65       1          1   23  90   .043  .011
1JIW.I      0.65       3          9   15  69   .200  .130
1JIW.P      0.65       0          2   20  312  0     .006
1JPS.H      0.65       0          4   8   168  0     .023
1KAC.A      0.65       0          4   9   134  0     .029
1KAC.B      0.65       3          1   12  89   .250  .011
1KLU.D      0.65       1          1   11  154  .090  .006
Global_TPR  =          .116
Global_FPR  =          .018
avg_TPR     =          0.124097
avg_FPR     =          0.0203226
Protein  Threshold  TP  FP  N   Neg  TPR   FPR
1ACB.E   0.7        1   0   13  159  .076  0
1ACB.I   0.7        1   0   11  44   .090  0
1AHW.A   0.7        5   0   9   163  .555  0
1AK4.A   0.7        1   4   9   110  .111  .036
1AVX.A   0.7        3   0   19  139  .157  0
1AY7.A   0.7        0   1   9   76   0     .013
1AY7.B   0.7        1   1   9   58   .111  .017
1BGX.H   0.7        3   1   17  162  .176  .006
1DE4.E   0.7        2   1   21  66   .095  .015
1DFJ.E   0.7        0   2   18  85   0     .023
1DFJ.I   0.7        0   1   18  307  0     .003
1DQJ.A   0.7        1   1   8   173  .125  .005
1E4K.C   0.7        4   1   12  129  .333  .007
1E6J.H   0.7        1   7   5   177  .200  .039
1EXB.E   0.7        1   2   3   73   .333  .027
1F34.A   0.7        0   4   23  212  0     .018
1FC2.D   0.7        2   8   10  164  .200  .048
1FFW.A   0.7        0   1   8   90   0     .011
1FFW.B   0.7        0   1   10  49   0     .020
1FLE.E   0.7        0   3   11  156  0     .019
1GHQ.A   0.7        0   1   5   192  0     .005
1GXD.A   0.7        0   8   21  483  0     .016
1GXD.C   0.7        3   4   18  149  .166  .026
1IRA.X   0.7        1   1   23  90   .043  .011
1JIW.I   0.7        3   9   15  69   .200  .130
1JIW.P   0.7        0   2   20  312  0     .006
1JPS.H   0.7        0   4   8   168  0     .023
1KAC.A   0.7        0   2   9   134  0     .014
1KAC.B   0.7        3   1   12  89   .250  .011
1KLU.D   0.7        1   1   11  154  .090  .006
Protein     Threshold  TP         FP  N   Neg  TPR   FPR
1ACB.E      0.7        1          0   13  159  .076  0
1ACB.I      0.7        1          0   11  44   .090  0
1AHW.A      0.7        5          0   9   163  .555  0
1AK4.A      0.7        1          4   9   110  .111  .036
1AVX.A      0.7        3          0   19  139  .157  0
1AY7.A      0.7        0          1   9   76   0     .013
1AY7.B      0.7        1          1   9   58   .111  .017
1BGX.H      0.7        3          1   17  162  .176  .006
1DE4.E      0.7        2          1   21  66   .095  .015
1DFJ.E      0.7        0          2   18  85   0     .023
1DFJ.I      0.7        0          1   18  307  0     .003
1DQJ.A      0.7        1          1   8   173  .125  .005
1E4K.C      0.7        4          1   12  129  .333  .007
1E6J.H      0.7        1          7   5   177  .200  .039
1EXB.E      0.7        1          2   3   73   .333  .027
1F34.A      0.7        0          4   23  212  0     .018
1FC2.D      0.7        2          8   10  164  .200  .048
1FFW.A      0.7        0          1   8   90   0     .011
1FFW.B      0.7        0          1   10  49   0     .020
1FLE.E      0.7        0          3   11  156  0     .019
1GHQ.A      0.7        0          1   5   192  0     .005
1GXD.A      0.7        0          8   21  483  0     .016
1GXD.C      0.7        3          4   18  149  .166  .026
1IRA.X      0.7        1          1   23  90   .043  .011
1JIW.I      0.7        3          9   15  69   .200  .130
1JIW.P      0.7        0          2   20  312  0     .006
1JPS.H      0.7        0          4   8   168  0     .023
1KAC.A      0.7        0          2   9   134  0     .014
1KAC.B      0.7        3          1   12  89   .250  .011
1KLU.D      0.7        1          1   11  154  .090  .006
Global_TPR  =          .096
Global_FPR  =          .016
avg_TPR     =          0.106806
avg_FPR     =          0.0179032
Protein  Threshold  TP  FP  N   Neg  TPR   FPR
1ACB.E   0.75       1   0   13  159  .076  0
1ACB.I   0.75       1   0   11  44   .090  0
1AHW.A   0.75       5   0   9   163  .555  0
1AK4.A   0.75       1   4   9   110  .111  .036
1AVX.A   0.75       3   0   19  139  .157  0
1AY7.A   0.75       0   1   9   76   0     .013
1AY7.B   0.75       1   1   9   58   .111  .017
1BGX.H   0.75       3   1   17  162  .176  .006
1DE4.E   0.75       2   1   21  66   .095  .015
1DFJ.E   0.75       0   2   18  85   0     .023
1DFJ.I   0.75       0   1   18  307  0     .003
1DQJ.A   0.75       1   1   8   173  .125  .005
1E4K.C   0.75       1   1   12  129  .083  .007
1E6J.H   0.75       1   4   5   177  .200  .022
1EXB.E   0.75       1   1   3   73   .333  .013
1F34.A   0.75       0   4   23  212  0     .018
1FC2.D   0.75       1   1   10  164  .100  .006
1FFW.A   0.75       0   1   8   90   0     .011
1FFW.B   0.75       0   1   10  49   0     .020
1FLE.E   0.75       0   3   11  156  0     .019
1GHQ.A   0.75       0   1   5   192  0     .005
1GXD.A   0.75       0   2   21  483  0     .004
1GXD.C   0.75       3   3   18  149  .166  .020
1IRA.X   0.75       1   1   23  90   .043  .011
1JIW.I   0.75       3   8   15  69   .200  .115
1JIW.P   0.75       0   2   20  312  0     .006
1JPS.H   0.75       0   4   8   168  0     .023
1KAC.A   0.75       0   1   9   134  0     .007
1KAC.B   0.75       3   1   12  89   .250  .011
1KLU.D   0.75       1   0   11  154  .090  0
Protein     Threshold  TP         FP  N   Neg  TPR   FPR
1ACB.E      0.75       1          0   13  159  .076  0
1ACB.I      0.75       1          0   11  44   .090  0
1AHW.A      0.75       5          0   9   163  .555  0
1AK4.A      0.75       1          4   9   110  .111  .036
1AVX.A      0.75       3          0   19  139  .157  0
1AY7.A      0.75       0          1   9   76   0     .013
1AY7.B      0.75       1          1   9   58   .111  .017
1BGX.H      0.75       3          1   17  162  .176  .006
1DE4.E      0.75       2          1   21  66   .095  .015
1DFJ.E      0.75       0          2   18  85   0     .023
1DFJ.I      0.75       0          1   18  307  0     .003
1DQJ.A      0.75       1          1   8   173  .125  .005
1E4K.C      0.75       1          1   12  129  .083  .007
1E6J.H      0.75       1          4   5   177  .200  .022
1EXB.E      0.75       1          1   3   73   .333  .013
1F34.A      0.75       0          4   23  212  0     .018
1FC2.D      0.75       1          1   10  164  .100  .006
1FFW.A      0.75       0          1   8   90   0     .011
1FFW.B      0.75       0          1   10  49   0     .020
1FLE.E      0.75       0          3   11  156  0     .019
1GHQ.A      0.75       0          1   5   192  0     .005
1GXD.A      0.75       0          2   21  483  0     .004
1GXD.C      0.75       3          3   18  149  .166  .020
1IRA.X      0.75       1          1   23  90   .043  .011
1JIW.I      0.75       3          8   15  69   .200  .115
1JIW.P      0.75       0          2   20  312  0     .006
1JPS.H      0.75       0          4   8   168  0     .023
1KAC.A      0.75       0          1   9   134  0     .007
1KAC.B      0.75       3          1   12  89   .250  .011
1KLU.D      0.75       1          0   11  154  .090  0
Global_TPR  =          .085
Global_FPR  =          .011
avg_TPR     =          0.0955161
avg_FPR     =          0.0140645
Protein  Threshold  TP  FP  N   Neg  TPR   FPR
1ACB.E   0.8        1   0   13  159  .076  0
1ACB.I   0.8        1   0   11  44   .090  0
1AHW.A   0.8        5   0   9   163  .555  0
1AK4.A   0.8        1   3   9   110  .111  .027
1AVX.A   0.8        3   0   19  139  .157  0
1AY7.A   0.8        0   1   9   76   0     .013
1AY7.B   0.8        0   1   9   58   0     .017
1BGX.H   0.8        2   1   17  162  .117  .006
1DE4.E   0.8        2   1   21  66   .095  .015
1DFJ.E   0.8        0   2   18  85   0     .023
1DFJ.I   0.8        0   1   18  307  0     .003
1DQJ.A   0.8        1   1   8   173  .125  .005
1E4K.C   0.8        1   0   12  129  .083  0
1E6J.H   0.8        1   4   5   177  .200  .022
1EXB.E   0.8        1   1   3   73   .333  .013
1F34.A   0.8        0   4   23  212  0     .018
1FC2.D   0.8        1   1   10  164  .100  .006
1FFW.A   0.8        0   1   8   90   0     .011
1FFW.B   0.8        0   1   10  49   0     .020
1FLE.E   0.8        0   3   11  156  0     .019
1GHQ.A   0.8        0   1   5   192  0     .005
1GXD.A   0.8        0   1   21  483  0     .002
1GXD.C   0.8        3   3   18  149  .166  .020
1IRA.X   0.8        0   1   23  90   0     .011
1JIW.I   0.8        1   5   15  69   .066  .072
1JIW.P   0.8        0   2   20  312  0     .006
1JPS.H   0.8        0   1   8   168  0     .005
1KAC.A   0.8        0   1   9   134  0     .007
1KAC.B   0.8        3   1   12  89   .250  .011
1KLU.D   0.8        1   0   11  154  .090  0
Protein     Threshold  TP         FP  N   Neg  TPR   FPR
1ACB.E      0.8        1          0   13  159  .076  0
1ACB.I      0.8        1          0   11  44   .090  0
1AHW.A      0.8        5          0   9   163  .555  0
1AK4.A      0.8        1          3   9   110  .111  .027
1AVX.A      0.8        3          0   19  139  .157  0
1AY7.A      0.8        0          1   9   76   0     .013
1AY7.B      0.8        0          1   9   58   0     .017
1BGX.H      0.8        2          1   17  162  .117  .006
1DE4.E      0.8        2          1   21  66   .095  .015
1DFJ.E      0.8        0          2   18  85   0     .023
1DFJ.I      0.8        0          1   18  307  0     .003
1DQJ.A      0.8        1          1   8   173  .125  .005
1E4K.C      0.8        1          0   12  129  .083  0
1E6J.H      0.8        1          4   5   177  .200  .022
1EXB.E      0.8        1          1   3   73   .333  .013
1F34.A      0.8        0          4   23  212  0     .018
1FC2.D      0.8        1          1   10  164  .100  .006
1FFW.A      0.8        0          1   8   90   0     .011
1FFW.B      0.8        0          1   10  49   0     .020
1FLE.E      0.8        0          3   11  156  0     .019
1GHQ.A      0.8        0          1   5   192  0     .005
1GXD.A      0.8        0          1   21  483  0     .002
1GXD.C      0.8        3          3   18  149  .166  .020
1IRA.X      0.8        0          1   23  90   0     .011
1JIW.I      0.8        1          5   15  69   .066  .072
1JIW.P      0.8        0          2   20  312  0     .006
1JPS.H      0.8        0          1   8   168  0     .005
1KAC.A      0.8        0          1   9   134  0     .007
1KAC.B      0.8        3          1   12  89   .250  .011
1KLU.D      0.8        1          0   11  154  .090  0
Global_TPR  =          .072
Global_FPR  =          .009
avg_TPR     =          0.0843226
avg_FPR     =          0.0115161
Protein  Threshold  TP  FP  N   Neg  TPR   FPR
1ACB.E   0.85       1   0   13  159  .076  0
1ACB.I   0.85       1   0   11  44   .090  0
1AHW.A   0.85       2   0   9   163  .222  0
1AK4.A   0.85       1   3   9   110  .111  .027
1AVX.A   0.85       3   0   19  139  .157  0
1AY7.A   0.85       0   1   9   76   0     .013
1AY7.B   0.85       0   1   9   58   0     .017
1BGX.H   0.85       2   1   17  162  .117  .006
1DE4.E   0.85       2   1   21  66   .095  .015
1DFJ.E   0.85       0   2   18  85   0     .023
1DFJ.I   0.85       0   1   18  307  0     .003
1DQJ.A   0.85       1   1   8   173  .125  .005
1E4K.C   0.85       1   0   12  129  .083  0
1E6J.H   0.85       1   4   5   177  .200  .022
1EXB.E   0.85       1   1   3   73   .333  .013
1F34.A   0.85       0   3   23  212  0     .014
1FC2.D   0.85       1   1   10  164  .100  .006
1FFW.A   0.85       0   1   8   90   0     .011
1FFW.B   0.85       0   1   10  49   0     .020
1FLE.E   0.85       0   3   11  156  0     .019
1GHQ.A   0.85       0   1   5   192  0     .005
1GXD.A   0.85       0   1   21  483  0     .002
1GXD.C   0.85       3   3   18  149  .166  .020
1IRA.X   0.85       0   1   23  90   0     .011
1JIW.I   0.85       1   4   15  69   .066  .057
1JIW.P   0.85       0   2   20  312  0     .006
1JPS.H   0.85       0   1   8   168  0     .005
1KAC.A   0.85       0   1   9   134  0     .007
1KAC.B   0.85       3   1   12  89   .250  .011
1KLU.D   0.85       1   0   11  154  .090  0
Protein     Threshold  TP         FP  N   Neg  TPR   FPR
1ACB.E      0.85       1          0   13  159  .076  0
1ACB.I      0.85       1          0   11  44   .090  0
1AHW.A      0.85       2          0   9   163  .222  0
1AK4.A      0.85       1          3   9   110  .111  .027
1AVX.A      0.85       3          0   19  139  .157  0
1AY7.A      0.85       0          1   9   76   0     .013
1AY7.B      0.85       0          1   9   58   0     .017
1BGX.H      0.85       2          1   17  162  .117  .006
1DE4.E      0.85       2          1   21  66   .095  .015
1DFJ.E      0.85       0          2   18  85   0     .023
1DFJ.I      0.85       0          1   18  307  0     .003
1DQJ.A      0.85       1          1   8   173  .125  .005
1E4K.C      0.85       1          0   12  129  .083  0
1E6J.H      0.85       1          4   5   177  .200  .022
1EXB.E      0.85       1          1   3   73   .333  .013
1F34.A      0.85       0          3   23  212  0     .014
1FC2.D      0.85       1          1   10  164  .100  .006
1FFW.A      0.85       0          1   8   90   0     .011
1FFW.B      0.85       0          1   10  49   0     .020
1FLE.E      0.85       0          3   11  156  0     .019
1GHQ.A      0.85       0          1   5   192  0     .005
1GXD.A      0.85       0          1   21  483  0     .002
1GXD.C      0.85       3          3   18  149  .166  .020
1IRA.X      0.85       0          1   23  90   0     .011
1JIW.I      0.85       1          4   15  69   .066  .057
1JIW.P      0.85       0          2   20  312  0     .006
1JPS.H      0.85       0          1   8   168  0     .005
1KAC.A      0.85       0          1   9   134  0     .007
1KAC.B      0.85       3          1   12  89   .250  .011
1KLU.D      0.85       1          0   11  154  .090  0
Global_TPR  =          .064
Global_FPR  =          .009
avg_TPR     =          0.0735806
avg_FPR     =          0.0109032
Protein  Threshold  TP  FP  N   Neg  TPR   FPR
1ACB.E   0.9        1   0   13  159  .076  0
1ACB.I   0.9        1   0   11  44   .090  0
1AHW.A   0.9        1   0   9   163  .111  0
1AK4.A   0.9        1   3   9   110  .111  .027
1AVX.A   0.9        1   0   19  139  .052  0
1AY7.A   0.9        0   1   9   76   0     .013
1AY7.B   0.9        0   1   9   58   0     .017
1BGX.H   0.9        1   1   17  162  .058  .006
1DE4.E   0.9        2   1   21  66   .095  .015
1DFJ.E   0.9        0   2   18  85   0     .023
1DFJ.I   0.9        0   1   18  307  0     .003
1DQJ.A   0.9        1   1   8   173  .125  .005
1E4K.C   0.9        1   0   12  129  .083  0
1E6J.H   0.9        1   4   5   177  .200  .022
1EXB.E   0.9        1   1   3   73   .333  .013
1F34.A   0.9        0   3   23  212  0     .014
1FC2.D   0.9        1   1   10  164  .100  .006
1FFW.A   0.9        0   1   8   90   0     .011
1FFW.B   0.9        0   1   10  49   0     .020
1FLE.E   0.9        0   3   11  156  0     .019
1GHQ.A   0.9        0   1   5   192  0     .005
1GXD.A   0.9        0   1   21  483  0     .002
1GXD.C   0.9        3   2   18  149  .166  .013
1IRA.X   0.9        0   1   23  90   0     .011
1JIW.I   0.9        0   2   15  69   0     .028
1JIW.P   0.9        0   2   20  312  0     .006
1JPS.H   0.9        0   1   8   168  0     .005
1KAC.A   0.9        0   1   9   134  0     .007
1KAC.B   0.9        2   0   12  89   .166  0
1KLU.D   0.9        1   0   11  154  .090  0
Protein     Threshold  TP         FP  N   Neg  TPR   FPR
1ACB.E      0.9        1          0   13  159  .076  0
1ACB.I      0.9        1          0   11  44   .090  0
1AHW.A      0.9        1          0   9   163  .111  0
1AK4.A      0.9        1          3   9   110  .111  .027
1AVX.A      0.9        1          0   19  139  .052  0
1AY7.A      0.9        0          1   9   76   0     .013
1AY7.B      0.9        0          1   9   58   0     .017
1BGX.H      0.9        1          1   17  162  .058  .006
1DE4.E      0.9        2          1   21  66   .095  .015
1DFJ.E      0.9        0          2   18  85   0     .023
1DFJ.I      0.9        0          1   18  307  0     .003
1DQJ.A      0.9        1          1   8   173  .125  .005
1E4K.C      0.9        1          0   12  129  .083  0
1E6J.H      0.9        1          4   5   177  .200  .022
1EXB.E      0.9        1          1   3   73   .333  .013
1F34.A      0.9        0          3   23  212  0     .014
1FC2.D      0.9        1          1   10  164  .100  .006
1FFW.A      0.9        0          1   8   90   0     .011
1FFW.B      0.9        0          1   10  49   0     .020
1FLE.E      0.9        0          3   11  156  0     .019
1GHQ.A      0.9        0          1   5   192  0     .005
1GXD.A      0.9        0          1   21  483  0     .002
1GXD.C      0.9        3          2   18  149  .166  .013
1IRA.X      0.9        0          1   23  90   0     .011
1JIW.I      0.9        0          2   15  69   0     .028
1JIW.P      0.9        0          2   20  312  0     .006
1JPS.H      0.9        0          1   8   168  0     .005
1KAC.A      0.9        0          1   9   134  0     .007
1KAC.B      0.9        2          0   12  89   .166  0
1KLU.D      0.9        1          0   11  154  .090  0
Global_TPR  =          .049
Global_FPR  =          .008
avg_TPR     =          0.059871
avg_FPR     =          0.0093871
Protein  Threshold  TP  FP  N   Neg  TPR   FPR
1ACB.E   0.95       1   0   13  159  .076  0
1ACB.I   0.95       1   0   11  44   .090  0
1AHW.A   0.95       1   0   9   163  .111  0
1AK4.A   0.95       1   3   9   110  .111  .027
1AVX.A   0.95       1   0   19  139  .052  0
1AY7.A   0.95       0   1   9   76   0     .013
1AY7.B   0.95       0   1   9   58   0     .017
1BGX.H   0.95       0   1   17  162  0     .006
1DE4.E   0.95       1   0   21  66   .047  0
1DFJ.E   0.95       0   2   18  85   0     .023
1DFJ.I   0.95       0   1   18  307  0     .003
1DQJ.A   0.95       0   1   8   173  0     .005
1E4K.C   0.95       1   0   12  129  .083  0
1E6J.H   0.95       1   1   5   177  .200  .005
1EXB.E   0.95       1   1   3   73   .333  .013
1F34.A   0.95       0   2   23  212  0     .009
1FC2.D   0.95       1   0   10  164  .100  0
1FFW.A   0.95       0   1   8   90   0     .011
1FFW.B   0.95       0   1   10  49   0     .020
1FLE.E   0.95       0   2   11  156  0     .012
1GHQ.A   0.95       0   1   5   192  0     .005
1GXD.A   0.95       0   1   21  483  0     .002
1GXD.C   0.95       0   2   18  149  0     .013
1IRA.X   0.95       0   1   23  90   0     .011
1JIW.I   0.95       0   2   15  69   0     .028
1JIW.P   0.95       0   1   20  312  0     .003
1JPS.H   0.95       0   1   8   168  0     .005
1KAC.A   0.95       0   1   9   134  0     .007
1KAC.B   0.95       1   0   12  89   .083  0
1KLU.D   0.95       1   0   11  154  .090  0
Protein     Threshold  TP          FP  N   Neg  TPR   FPR
1ACB.E      0.95       1           0   13  159  .076  0
1ACB.I      0.95       1           0   11  44   .090  0
1AHW.A      0.95       1           0   9   163  .111  0
1AK4.A      0.95       1           3   9   110  .111  .027
1AVX.A      0.95       1           0   19  139  .052  0
1AY7.A      0.95       0           1   9   76   0     .013
1AY7.B      0.95       0           1   9   58   0     .017
1BGX.H      0.95       0           1   17  162  0     .006
1DE4.E      0.95       1           0   21  66   .047  0
1DFJ.E      0.95       0           2   18  85   0     .023
1DFJ.I      0.95       0           1   18  307  0     .003
1DQJ.A      0.95       0           1   8   173  0     .005
1E4K.C      0.95       1           0   12  129  .083  0
1E6J.H      0.95       1           1   5   177  .200  .005
1EXB.E      0.95       1           1   3   73   .333  .013
1F34.A      0.95       0           2   23  212  0     .009
1FC2.D      0.95       1           0   10  164  .100  0
1FFW.A      0.95       0           1   8   90   0     .011
1FFW.B      0.95       0           1   10  49   0     .020
1FLE.E      0.95       0           2   11  156  0     .012
1GHQ.A      0.95       0           1   5   192  0     .005
1GXD.A      0.95       0           1   21  483  0     .002
1GXD.C      0.95       0           2   18  149  0     .013
1IRA.X      0.95       0           1   23  90   0     .011
1JIW.I      0.95       0           2   15  69   0     .028
1JIW.P      0.95       0           1   20  312  0     .003
1JPS.H      0.95       0           1   8   168  0     .005
1KAC.A      0.95       0           1   9   134  0     .007
1KAC.B      0.95       1           0   12  89   .083  0
1KLU.D      0.95       1           0   11  154  .090  0
Global_TPR  =          .031
Global_FPR  =          .006
avg_TPR     =          0.0443871
avg_FPR     =          0.00767742
Protein     Threshold  TP        FP   N   Neg  TPR    FPR
1ACB.E      0          13        228  13  159  1.000  1.433
1ACB.I      0          11        52   11  44   1.000  1.181
1AHW.A      0          8         206  9   163  .888   1.263
1AK4.A      0          9         156  9   110  1.000  1.418
1AVX.A      0          22        201  19  139  1.157  1.446
1AY7.A      0          9         87   9   76   1.000  1.144
1AY7.B      0          9         80   9   58   1.000  1.379
1BGX.H      0          19        190  17  162  1.117  1.172
1DE4.E      0          21        78   21  66   1.000  1.181
1DFJ.E      0          18        106  18  85   1.000  1.247
1DFJ.I      0          18        438  18  307  1.000  1.426
1DQJ.A      0          7         207  8   173  .875   1.196
1E4K.C      0          12        160  12  129  1.000  1.240
1E6J.H      0          4         215  5   177  .800   1.214
1EXB.E      0          3         88   3   73   1.000  1.205
1F34.A      0          22        303  23  212  .956   1.429
1FC2.D      0          10        197  10  164  1.000  1.201
1FFW.A      0          8         120  8   90   1.000  1.333
1FFW.B      0          10        58   10  49   1.000  1.183
1FLE.E      0          15        222  11  156  1.363  1.423
1GHQ.A      0          5         302  5   192  1.000  1.572
1GXD.A      0          21        603  21  483  1.000  1.248
1GXD.C      0          18        174  18  149  1.000  1.167
1IRA.X      0          23        122  23  90   1.000  1.355
1JIW.I      0          15        90   15  69   1.000  1.304
1JIW.P      0          20        450  20  312  1.000  1.442
1JPS.H      0          8         205  8   168  1.000  1.220
1KAC.A      0          9         176  9   134  1.000  1.313
1KAC.B      0          12        112  12  89   1.000  1.258
1KLU.D      0          11        219  11  154  1.000  1.422
Global_TPR  =          1.012
Global_FPR  =          1.318
avg_TPR     =          0.972774
avg_FPR     =          1.25855
Protein  Threshold  TP  FP  N   Neg  TPR   FPR
1ACB.E   1          1   0   13  159  .076  0
1ACB.I   1          1   0   11  44   .090  0
1AHW.A   1          1   0   9   163  .111  0
1AK4.A   1          0   1   9   110  0     .009
1AVX.A   1          1   0   19  139  .052  0
1AY7.A   1          0   1   9   76   0     .013
1AY7.B   1          0   1   9   58   0     .017
1BGX.H   1          0   1   17  162  0     .006
1DE4.E   1          1   0   21  66   .047  0
1DFJ.E   1          0   2   18  85   0     .023
1DFJ.I   1          0   1   18  307  0     .003
1DQJ.A   1          0   1   8   173  0     .005
1E4K.C   1          1   0   12  129  .083  0
1E6J.H   1          0   1   5   177  0     .005
1EXB.E   1          0   1   3   73   0     .013
1F34.A   1          0   2   23  212  0     .009
1FC2.D   1          1   0   10  164  .100  0
1FFW.A   1          0   1   8   90   0     .011
1FFW.B   1          0   1   10  49   0     .020
1FLE.E   1          0   2   11  156  0     .012
1GHQ.A   1          0   1   5   192  0     .005
1GXD.A   1          0   1   21  483  0     .002
1GXD.C   1          0   2   18  149  0     .013
1IRA.X   1          0   1   23  90   0     .011
1JIW.I   1          0   2   15  69   0     .028
1JIW.P   1          0   1   20  312  0     .003
1JPS.H   1          0   1   8   168  0     .005
1KAC.A   1          0   1   9   134  0     .007
1KAC.B   1          1   0   12  89   .083  0
1KLU.D   1          1   0   11  154  .090  0
Protein     Threshold  TP          FP  N   Neg  TPR   FPR
1ACB.E      1          1           0   13  159  .076  0
1ACB.I      1          1           0   11  44   .090  0
1AHW.A      1          1           0   9   163  .111  0
1AK4.A      1          0           1   9   110  0     .009
1AVX.A      1          1           0   19  139  .052  0
1AY7.A      1          0           1   9   76   0     .013
1AY7.B      1          0           1   9   58   0     .017
1BGX.H      1          0           1   17  162  0     .006
1DE4.E      1          1           0   21  66   .047  0
1DFJ.E      1          0           2   18  85   0     .023
1DFJ.I      1          0           1   18  307  0     .003
1DQJ.A      1          0           1   8   173  0     .005
1E4K.C      1          1           0   12  129  .083  0
1E6J.H      1          0           1   5   177  0     .005
1EXB.E      1          0           1   3   73   0     .013
1F34.A      1          0           2   23  212  0     .009
1FC2.D      1          1           0   10  164  .100  0
1FFW.A      1          0           1   8   90   0     .011
1FFW.B      1          0           1   10  49   0     .020
1FLE.E      1          0           2   11  156  0     .012
1GHQ.A      1          0           1   5   192  0     .005
1GXD.A      1          0           1   21  483  0     .002
1GXD.C      1          0           2   18  149  0     .013
1IRA.X      1          0           1   23  90   0     .011
1JIW.I      1          0           2   15  69   0     .028
1JIW.P      1          0           1   20  312  0     .003
1JPS.H      1          0           1   8   168  0     .005
1KAC.A      1          0           1   9   134  0     .007
1KAC.B      1          1           0   12  89   .083  0
1KLU.D      1          1           0   11  154  .090  0
Global_TPR  =          .023
Global_FPR  =          .005
avg_TPR     =          0.0236129
avg_FPR     =          0.00709677
