Protein Threshold TP FP N Neg TPR FPR
1ACB.E 0.93 4 3 13 228 .307 .013
1ACB.I 0.93 4 0 11 52 .363 0
1AHW.A 0.93 6 28 8 206 .750 .135
1AK4.A 0.93 2 1 9 156 .222 .006
1AVX.A 0.93 2 1 19 201 .105 .004
1AY7.A 0.93 4 2 9 87 .444 .022
1AY7.B 0.93 0 1 9 80 0 .012
1BGX.H 0.93 7 20 16 189 .437 .105
1DE4.E 0.93 0 0 21 78 0 0
1DFJ.E 0.93 0 0 18 106 0 0
1DFJ.I 0.93 6 4 18 438 .333 .009
1DQJ.A 0.93 5 38 7 207 .714 .183
1E4K.C 0.93 0 0 12 160 0 0
1E6J.H 0.93 3 22 5 214 .600 .102
1EXB.E 0.93 2 11 3 88 .666 .125
1F34.A 0.93 6 9 22 303 .272 .029
1FC2.D 0.93 0 13 10 196 0 .066
1FFW.A 0.93 2 5 8 120 .250 .041
1FFW.B 0.93 4 5 10 58 .400 .086
1FLE.E 0.93 0 16 11 218 0 .073
1GHQ.A 0.93 0 16 5 302 0 .052
1GXD.A 0.93 1 1 21 603 .047 .001
1GXD.C 0.93 5 6 18 174 .277 .034
1IRA.X 0.93 2 3 23 122 .086 .024
1JIW.I 0.93 6 13 15 90 .400 .144
1JIW.P 0.93 7 10 20 450 .350 .022
1JPS.H 0.93 7 33 10 203 .700 .162
1KAC.A 0.93 1 4 9 176 .111 .022
1KAC.B 0.93 0 2 12 112 0 .017
1KLU.D 0.93 2 0 11 219 .181 0
