Protein Threshold TP FP N Neg TPR FPR
1ACB.E 0.65 5 20 13 228 .384 .087
1ACB.I 0.65 5 0 11 52 .454 0
1AHW.A 0.65 7 40 8 206 .875 .194
1AK4.A 0.65 5 6 9 156 .555 .038
1AVX.A 0.65 7 4 19 201 .368 .019
1AY7.A 0.65 5 8 9 87 .555 .091
1AY7.B 0.65 0 1 9 80 0 .012
1BGX.H 0.65 11 34 16 189 .687 .179
1DE4.E 0.65 1 2 21 78 .047 .025
1DFJ.E 0.65 0 0 18 106 0 0
1DFJ.I 0.65 9 11 18 438 .500 .025
1DQJ.A 0.65 7 48 7 207 1.000 .231
1E4K.C 0.65 0 0 12 160 0 0
1E6J.H 0.65 3 31 5 214 .600 .144
1EXB.E 0.65 2 28 3 88 .666 .318
1F34.A 0.65 13 22 22 303 .590 .072
1FC2.D 0.65 0 28 10 196 0 .142
1FFW.A 0.65 2 15 8 120 .250 .125
1FFW.B 0.65 7 17 10 58 .700 .293
1FLE.E 0.65 4 54 11 218 .363 .247
1GHQ.A 0.65 0 32 5 302 0 .105
1GXD.A 0.65 1 4 21 603 .047 .006
1GXD.C 0.65 6 13 18 174 .333 .074
1IRA.X 0.65 10 9 23 122 .434 .073
1JIW.I 0.65 14 36 15 90 .933 .400
1JIW.P 0.65 12 23 20 450 .600 .051
1JPS.H 0.65 8 44 10 203 .800 .216
1KAC.A 0.65 5 8 9 176 .555 .045
1KAC.B 0.65 0 4 12 112 0 .035
1KLU.D 0.65 2 1 11 219 .181 .004
