Protein Threshold TP FP N Neg TPR FPR
1ACB.E 0.58 8 22 13 228 .615 .096
1ACB.I 0.58 5 0 11 52 .454 0
1AHW.A 0.58 7 40 8 206 .875 .194
1AK4.A 0.58 6 9 9 156 .666 .057
1AVX.A 0.58 7 4 19 201 .368 .019
1AY7.A 0.58 5 8 9 87 .555 .091
1AY7.B 0.58 1 2 9 80 .111 .025
1BGX.H 0.58 11 35 16 189 .687 .185
1DE4.E 0.58 1 3 21 78 .047 .038
1DFJ.E 0.58 0 0 18 106 0 0
1DFJ.I 0.58 9 11 18 438 .500 .025
1DQJ.A 0.58 7 48 7 207 1.000 .231
1E4K.C 0.58 0 0 12 160 0 0
1E6J.H 0.58 3 33 5 214 .600 .154
1EXB.E 0.58 2 34 3 88 .666 .386
1F34.A 0.58 15 23 22 303 .681 .075
1FC2.D 0.58 0 28 10 196 0 .142
1FFW.A 0.58 3 18 8 120 .375 .150
1FFW.B 0.58 7 22 10 58 .700 .379
1FLE.E 0.58 5 58 11 218 .454 .266
1GHQ.A 0.58 0 34 5 302 0 .112
1GXD.A 0.58 1 6 21 603 .047 .009
1GXD.C 0.58 6 16 18 174 .333 .091
1IRA.X 0.58 11 10 23 122 .478 .081
1JIW.I 0.58 14 37 15 90 .933 .411
1JIW.P 0.58 12 26 20 450 .600 .057
1JPS.H 0.58 8 45 10 203 .800 .221
1KAC.A 0.58 6 10 9 176 .666 .056
1KAC.B 0.58 0 4 12 112 0 .035
1KLU.D 0.58 2 1 11 219 .181 .004
