Protein Threshold TP FP N Neg TPR FPR
1ACB.E 0.04 10 104 13 228 .769 .456
1ACB.I 0.04 10 12 11 52 .909 .230
1AHW.A 0.04 8 75 8 206 1.000 .364
1AK4.A 0.04 7 74 9 156 .777 .474
1AVX.A 0.04 12 42 19 201 .631 .208
1AY7.A 0.04 7 34 9 87 .777 .390
1AY7.B 0.04 2 12 9 80 .222 .150
1BGX.H 0.04 15 75 16 189 .937 .396
1DE4.E 0.04 13 39 21 78 .619 .500
1DFJ.E 0.04 4 18 18 106 .222 .169
1DFJ.I 0.04 15 51 18 438 .833 .116
1DQJ.A 0.04 7 84 7 207 1.000 .405
1E4K.C 0.04 4 34 12 160 .333 .212
1E6J.H 0.04 4 69 5 214 .800 .322
1EXB.E 0.04 2 60 3 88 .666 .681
1F34.A 0.04 19 95 22 303 .863 .313
1FC2.D 0.04 3 69 10 196 .300 .352
1FFW.A 0.04 6 63 8 120 .750 .525
1FFW.B 0.04 9 42 10 58 .900 .724
1FLE.E 0.04 8 116 11 218 .727 .532
1GHQ.A 0.04 2 120 5 302 .400 .397
1GXD.A 0.04 6 98 21 603 .285 .162
1GXD.C 0.04 15 77 18 174 .833 .442
1IRA.X 0.04 22 39 23 122 .956 .319
1JIW.I 0.04 15 56 15 90 1.000 .622
1JIW.P 0.04 15 158 20 450 .750 .351
1JPS.H 0.04 9 72 10 203 .900 .354
1KAC.A 0.04 9 63 9 176 1.000 .357
1KAC.B 0.04 6 25 12 112 .500 .223
1KLU.D 0.04 5 33 11 219 .454 .150
