Protein Threshold TP FP N Neg TPR FPR
1ACB.E 0.88 5 7 13 228 .384 .030
1ACB.I 0.88 4 0 11 52 .363 0
1AHW.A 0.88 6 32 8 206 .750 .155
1AK4.A 0.88 3 4 9 156 .333 .025
1AVX.A 0.88 2 1 19 201 .105 .004
1AY7.A 0.88 4 4 9 87 .444 .045
1AY7.B 0.88 0 1 9 80 0 .012
1BGX.H 0.88 7 23 16 189 .437 .121
1DE4.E 0.88 0 0 21 78 0 0
1DFJ.E 0.88 0 0 18 106 0 0
1DFJ.I 0.88 8 5 18 438 .444 .011
1DQJ.A 0.88 7 40 7 207 1.000 .193
1E4K.C 0.88 0 0 12 160 0 0
1E6J.H 0.88 3 25 5 214 .600 .116
1EXB.E 0.88 2 16 3 88 .666 .181
1F34.A 0.88 8 11 22 303 .363 .036
1FC2.D 0.88 0 17 10 196 0 .086
1FFW.A 0.88 2 7 8 120 .250 .058
1FFW.B 0.88 5 7 10 58 .500 .120
1FLE.E 0.88 2 23 11 218 .181 .105
1GHQ.A 0.88 0 21 5 302 0 .069
1GXD.A 0.88 1 1 21 603 .047 .001
1GXD.C 0.88 6 7 18 174 .333 .040
1IRA.X 0.88 3 3 23 122 .130 .024
1JIW.I 0.88 11 18 15 90 .733 .200
1JIW.P 0.88 10 13 20 450 .500 .028
1JPS.H 0.88 8 36 10 203 .800 .177
1KAC.A 0.88 1 5 9 176 .111 .028
1KAC.B 0.88 0 2 12 112 0 .017
1KLU.D 0.88 2 0 11 219 .181 0
