Protein Threshold TP FP N Neg TPR FPR
1ACB.E 0.15 10 64 13 228 .769 .280
1ACB.I 0.15 10 3 11 52 .909 .057
1AHW.A 0.15 8 53 8 206 1.000 .257
1AK4.A 0.15 7 39 9 156 .777 .250
1AVX.A 0.15 11 19 19 201 .578 .094
1AY7.A 0.15 6 23 9 87 .666 .264
1AY7.B 0.15 1 5 9 80 .111 .062
1BGX.H 0.15 14 54 16 189 .875 .285
1DE4.E 0.15 10 13 21 78 .476 .166
1DFJ.E 0.15 0 3 18 106 0 .028
1DFJ.I 0.15 12 22 18 438 .666 .050
1DQJ.A 0.15 7 59 7 207 1.000 .285
1E4K.C 0.15 0 6 12 160 0 .037
1E6J.H 0.15 4 40 5 214 .800 .186
1EXB.E 0.15 2 57 3 88 .666 .647
1F34.A 0.15 17 49 22 303 .772 .161
1FC2.D 0.15 0 51 10 196 0 .260
1FFW.A 0.15 5 32 8 120 .625 .266
1FFW.B 0.15 9 42 10 58 .900 .724
1FLE.E 0.15 8 100 11 218 .727 .458
1GHQ.A 0.15 1 80 5 302 .200 .264
1GXD.A 0.15 4 34 21 603 .190 .056
1GXD.C 0.15 9 36 18 174 .500 .206
1IRA.X 0.15 18 19 23 122 .782 .155
1JIW.I 0.15 15 55 15 90 1.000 .611
1JIW.P 0.15 14 67 20 450 .700 .148
1JPS.H 0.15 9 54 10 203 .900 .266
1KAC.A 0.15 8 34 9 176 .888 .193
1KAC.B 0.15 3 6 12 112 .250 .053
1KLU.D 0.15 2 5 11 219 .181 .022
