Protein Threshold TP FP N Neg TPR FPR
1ACB.E 0.95 4 2 13 228 .307 .008
1ACB.I 0.95 4 0 11 52 .363 0
1AHW.A 0.95 6 25 8 206 .750 .121
1AK4.A 0.95 1 1 9 156 .111 .006
1AVX.A 0.95 2 0 19 201 .105 0
1AY7.A 0.95 4 2 9 87 .444 .022
1AY7.B 0.95 0 0 9 80 0 0
1BGX.H 0.95 7 18 16 189 .437 .095
1DE4.E 0.95 0 0 21 78 0 0
1DFJ.E 0.95 0 0 18 106 0 0
1DFJ.I 0.95 4 3 18 438 .222 .006
1DQJ.A 0.95 5 38 7 207 .714 .183
1E4K.C 0.95 0 0 12 160 0 0
1E6J.H 0.95 3 22 5 214 .600 .102
1EXB.E 0.95 2 9 3 88 .666 .102
1F34.A 0.95 6 8 22 303 .272 .026
1FC2.D 0.95 0 9 10 196 0 .045
1FFW.A 0.95 2 5 8 120 .250 .041
1FFW.B 0.95 2 3 10 58 .200 .051
1FLE.E 0.95 0 13 11 218 0 .059
1GHQ.A 0.95 0 14 5 302 0 .046
1GXD.A 0.95 0 1 21 603 0 .001
1GXD.C 0.95 4 5 18 174 .222 .028
1IRA.X 0.95 1 2 23 122 .043 .016
1JIW.I 0.95 6 11 15 90 .400 .122
1JIW.P 0.95 4 10 20 450 .200 .022
1JPS.H 0.95 7 33 10 203 .700 .162
1KAC.A 0.95 0 1 9 176 0 .005
1KAC.B 0.95 0 2 12 112 0 .017
1KLU.D 0.95 2 0 11 219 .181 0
