Protein Threshold TP FP N Neg TPR FPR
1ACB.E 0.02 10 121 13 228 .769 .530
1ACB.I 0.02 10 24 11 52 .909 .461
1AHW.A 0.02 8 90 8 206 1.000 .436
1AK4.A 0.02 7 81 9 156 .777 .519
1AVX.A 0.02 12 70 19 201 .631 .348
1AY7.A 0.02 7 43 9 87 .777 .494
1AY7.B 0.02 6 28 9 80 .666 .350
1BGX.H 0.02 15 92 16 189 .937 .486
1DE4.E 0.02 16 47 21 78 .761 .602
1DFJ.E 0.02 11 51 18 106 .611 .481
1DFJ.I 0.02 16 90 18 438 .888 .205
1DQJ.A 0.02 7 103 7 207 1.000 .497
1E4K.C 0.02 10 65 12 160 .833 .406
1E6J.H 0.02 4 95 5 214 .800 .443
1EXB.E 0.02 2 60 3 88 .666 .681
1F34.A 0.02 19 128 22 303 .863 .422
1FC2.D 0.02 8 93 10 196 .800 .474
1FFW.A 0.02 8 73 8 120 1.000 .608
1FFW.B 0.02 9 42 10 58 .900 .724
1FLE.E 0.02 8 116 11 218 .727 .532
1GHQ.A 0.02 3 147 5 302 .600 .486
1GXD.A 0.02 14 185 21 603 .666 .306
1GXD.C 0.02 17 99 18 174 .944 .568
1IRA.X 0.02 23 50 23 122 1.000 .409
1JIW.I 0.02 15 56 15 90 1.000 .622
1JIW.P 0.02 15 224 20 450 .750 .497
1JPS.H 0.02 9 89 10 203 .900 .438
1KAC.A 0.02 9 86 9 176 1.000 .488
1KAC.B 0.02 9 41 12 112 .750 .366
1KLU.D 0.02 6 69 11 219 .545 .315
