Protein Threshold TP FP N Neg TPR FPR
1ACB.E 0.52 8 29 13 228 .615 .127
1ACB.I 0.52 5 0 11 52 .454 0
1AHW.A 0.52 7 41 8 206 .875 .199
1AK4.A 0.52 6 10 9 156 .666 .064
1AVX.A 0.52 8 4 19 201 .421 .019
1AY7.A 0.52 5 8 9 87 .555 .091
1AY7.B 0.52 1 2 9 80 .111 .025
1BGX.H 0.52 12 38 16 189 .750 .201
1DE4.E 0.52 3 3 21 78 .142 .038
1DFJ.E 0.52 0 0 18 106 0 0
1DFJ.I 0.52 9 14 18 438 .500 .031
1DQJ.A 0.52 7 49 7 207 1.000 .236
1E4K.C 0.52 0 0 12 160 0 0
1E6J.H 0.52 4 34 5 214 .800 .158
1EXB.E 0.52 2 36 3 88 .666 .409
1F34.A 0.52 16 24 22 303 .727 .079
1FC2.D 0.52 0 31 10 196 0 .158
1FFW.A 0.52 3 19 8 120 .375 .158
1FFW.B 0.52 8 28 10 58 .800 .482
1FLE.E 0.52 6 64 11 218 .545 .293
1GHQ.A 0.52 0 41 5 302 0 .135
1GXD.A 0.52 1 7 21 603 .047 .011
1GXD.C 0.52 6 17 18 174 .333 .097
1IRA.X 0.52 13 10 23 122 .565 .081
1JIW.I 0.52 14 39 15 90 .933 .433
1JIW.P 0.52 13 33 20 450 .650 .073
1JPS.H 0.52 8 45 10 203 .800 .221
1KAC.A 0.52 6 11 9 176 .666 .062
1KAC.B 0.52 0 4 12 112 0 .035
1KLU.D 0.52 2 3 11 219 .181 .013
