Protein Threshold TP FP N Neg TPR FPR
1ACB.E 0.76 5 13 13 228 .384 .057
1ACB.I 0.76 4 0 11 52 .363 0
1AHW.A 0.76 6 37 8 206 .750 .179
1AK4.A 0.76 4 5 9 156 .444 .032
1AVX.A 0.76 5 2 19 201 .263 .009
1AY7.A 0.76 4 7 9 87 .444 .080
1AY7.B 0.76 0 1 9 80 0 .012
1BGX.H 0.76 10 26 16 189 .625 .137
1DE4.E 0.76 1 2 21 78 .047 .025
1DFJ.E 0.76 0 0 18 106 0 0
1DFJ.I 0.76 9 8 18 438 .500 .018
1DQJ.A 0.76 7 45 7 207 1.000 .217
1E4K.C 0.76 0 0 12 160 0 0
1E6J.H 0.76 3 29 5 214 .600 .135
1EXB.E 0.76 2 20 3 88 .666 .227
1F34.A 0.76 11 20 22 303 .500 .066
1FC2.D 0.76 0 26 10 196 0 .132
1FFW.A 0.76 2 13 8 120 .250 .108
1FFW.B 0.76 7 11 10 58 .700 .189
1FLE.E 0.76 4 38 11 218 .363 .174
1GHQ.A 0.76 0 27 5 302 0 .089
1GXD.A 0.76 1 2 21 603 .047 .003
1GXD.C 0.76 6 11 18 174 .333 .063
1IRA.X 0.76 5 7 23 122 .217 .057
1JIW.I 0.76 13 31 15 90 .866 .344
1JIW.P 0.76 11 21 20 450 .550 .046
1JPS.H 0.76 8 40 10 203 .800 .197
1KAC.A 0.76 4 5 9 176 .444 .028
1KAC.B 0.76 0 4 12 112 0 .035
1KLU.D 0.76 2 1 11 219 .181 .004
