Protein Threshold TP FP N Neg TPR FPR
1ACB.E 0.09 10 75 13 228 .769 .328
1ACB.I 0.09 10 5 11 52 .909 .096
1AHW.A 0.09 8 67 8 206 1.000 .325
1AK4.A 0.09 7 50 9 156 .777 .320
1AVX.A 0.09 12 26 19 201 .631 .129
1AY7.A 0.09 7 29 9 87 .777 .333
1AY7.B 0.09 1 9 9 80 .111 .112
1BGX.H 0.09 14 60 16 189 .875 .317
1DE4.E 0.09 13 21 21 78 .619 .269
1DFJ.E 0.09 0 4 18 106 0 .037
1DFJ.I 0.09 13 27 18 438 .722 .061
1DQJ.A 0.09 7 72 7 207 1.000 .347
1E4K.C 0.09 2 13 12 160 .166 .081
1E6J.H 0.09 4 49 5 214 .800 .228
1EXB.E 0.09 2 59 3 88 .666 .670
1F34.A 0.09 18 61 22 303 .818 .201
1FC2.D 0.09 1 58 10 196 .100 .295
1FFW.A 0.09 5 43 8 120 .625 .358
1FFW.B 0.09 9 42 10 58 .900 .724
1FLE.E 0.09 8 109 11 218 .727 .500
1GHQ.A 0.09 1 98 5 302 .200 .324
1GXD.A 0.09 4 53 21 603 .190 .087
1GXD.C 0.09 14 50 18 174 .777 .287
1IRA.X 0.09 20 24 23 122 .869 .196
1JIW.I 0.09 15 55 15 90 1.000 .611
1JIW.P 0.09 14 92 20 450 .700 .204
1JPS.H 0.09 9 62 10 203 .900 .305
1KAC.A 0.09 8 46 9 176 .888 .261
1KAC.B 0.09 4 11 12 112 .333 .098
1KLU.D 0.09 3 16 11 219 .272 .073
