Protein Threshold TP FP N Neg TPR FPR
1ACB.E 0.32 9 46 13 228 .692 .201
1ACB.I 0.32 6 0 11 52 .545 0
1AHW.A 0.32 8 44 8 206 1.000 .213
1AK4.A 0.32 6 24 9 156 .666 .153
1AVX.A 0.32 9 8 19 201 .473 .039
1AY7.A 0.32 5 13 9 87 .555 .149
1AY7.B 0.32 1 3 9 80 .111 .037
1BGX.H 0.32 13 42 16 189 .812 .222
1DE4.E 0.32 5 8 21 78 .238 .102
1DFJ.E 0.32 0 0 18 106 0 0
1DFJ.I 0.32 11 16 18 438 .611 .036
1DQJ.A 0.32 7 52 7 207 1.000 .251
1E4K.C 0.32 0 1 12 160 0 .006
1E6J.H 0.32 4 37 5 214 .800 .172
1EXB.E 0.32 2 46 3 88 .666 .522
1F34.A 0.32 16 34 22 303 .727 .112
1FC2.D 0.32 0 41 10 196 0 .209
1FFW.A 0.32 3 23 8 120 .375 .191
1FFW.B 0.32 9 41 10 58 .900 .706
1FLE.E 0.32 6 75 11 218 .545 .344
1GHQ.A 0.32 0 52 5 302 0 .172
1GXD.A 0.32 2 15 21 603 .095 .024
1GXD.C 0.32 9 22 18 174 .500 .126
1IRA.X 0.32 15 11 23 122 .652 .090
1JIW.I 0.32 15 51 15 90 1.000 .566
1JIW.P 0.32 14 43 20 450 .700 .095
1JPS.H 0.32 9 48 10 203 .900 .236
1KAC.A 0.32 7 19 9 176 .777 .107
1KAC.B 0.32 0 4 12 112 0 .035
1KLU.D 0.32 2 4 11 219 .181 .018
