Protein Threshold TP FP N Neg TPR FPR
1ACB.E 0.97 4 0 13 228 .307 0
1ACB.I 0.97 2 0 11 52 .181 0
1AHW.A 0.97 5 21 8 206 .625 .101
1AK4.A 0.97 1 1 9 156 .111 .006
1AVX.A 0.97 1 0 19 201 .052 0
1AY7.A 0.97 4 1 9 87 .444 .011
1AY7.B 0.97 0 0 9 80 0 0
1BGX.H 0.97 6 15 16 189 .375 .079
1DE4.E 0.97 0 0 21 78 0 0
1DFJ.E 0.97 0 0 18 106 0 0
1DFJ.I 0.97 4 3 18 438 .222 .006
1DQJ.A 0.97 5 35 7 207 .714 .169
1E4K.C 0.97 0 0 12 160 0 0
1E6J.H 0.97 3 14 5 214 .600 .065
1EXB.E 0.97 2 5 3 88 .666 .056
1F34.A 0.97 5 6 22 303 .227 .019
1FC2.D 0.97 0 8 10 196 0 .040
1FFW.A 0.97 1 3 8 120 .125 .025
1FFW.B 0.97 2 2 10 58 .200 .034
1FLE.E 0.97 0 8 11 218 0 .036
1GHQ.A 0.97 0 8 5 302 0 .026
1GXD.A 0.97 0 0 21 603 0 0
1GXD.C 0.97 3 2 18 174 .166 .011
1IRA.X 0.97 1 0 23 122 .043 0
1JIW.I 0.97 5 3 15 90 .333 .033
1JIW.P 0.97 1 6 20 450 .050 .013
1JPS.H 0.97 6 31 10 203 .600 .152
1KAC.A 0.97 0 0 9 176 0 0
1KAC.B 0.97 0 0 12 112 0 0
1KLU.D 0.97 2 0 11 219 .181 0
