Protein Threshold TP FP N Neg TPR FPR
1ACB.E 0.47 8 32 13 228 .615 .140
1ACB.I 0.47 5 0 11 52 .454 0
1AHW.A 0.47 8 42 8 206 1.000 .203
1AK4.A 0.47 6 12 9 156 .666 .076
1AVX.A 0.47 8 4 19 201 .421 .019
1AY7.A 0.47 5 9 9 87 .555 .103
1AY7.B 0.47 1 2 9 80 .111 .025
1BGX.H 0.47 12 38 16 189 .750 .201
1DE4.E 0.47 4 3 21 78 .190 .038
1DFJ.E 0.47 0 0 18 106 0 0
1DFJ.I 0.47 9 15 18 438 .500 .034
1DQJ.A 0.47 7 50 7 207 1.000 .241
1E4K.C 0.47 0 0 12 160 0 0
1E6J.H 0.47 4 35 5 214 .800 .163
1EXB.E 0.47 2 36 3 88 .666 .409
1F34.A 0.47 16 25 22 303 .727 .082
1FC2.D 0.47 0 33 10 196 0 .168
1FFW.A 0.47 3 21 8 120 .375 .175
1FFW.B 0.47 8 30 10 58 .800 .517
1FLE.E 0.47 6 67 11 218 .545 .307
1GHQ.A 0.47 0 45 5 302 0 .149
1GXD.A 0.47 1 7 21 603 .047 .011
1GXD.C 0.47 6 17 18 174 .333 .097
1IRA.X 0.47 13 10 23 122 .565 .081
1JIW.I 0.47 15 43 15 90 1.000 .477
1JIW.P 0.47 13 37 20 450 .650 .082
1JPS.H 0.47 9 47 10 203 .900 .231
1KAC.A 0.47 6 13 9 176 .666 .073
1KAC.B 0.47 0 4 12 112 0 .035
1KLU.D 0.47 2 3 11 219 .181 .013
