Protein Threshold TP FP N Neg TPR FPR
1ACB.E 0.81 5 11 13 228 .384 .048
1ACB.I 0.81 4 0 11 52 .363 0
1AHW.A 0.81 6 35 8 206 .750 .169
1AK4.A 0.81 4 5 9 156 .444 .032
1AVX.A 0.81 4 1 19 201 .210 .004
1AY7.A 0.81 4 5 9 87 .444 .057
1AY7.B 0.81 0 1 9 80 0 .012
1BGX.H 0.81 9 26 16 189 .562 .137
1DE4.E 0.81 1 2 21 78 .047 .025
1DFJ.E 0.81 0 0 18 106 0 0
1DFJ.I 0.81 9 6 18 438 .500 .013
1DQJ.A 0.81 7 43 7 207 1.000 .207
1E4K.C 0.81 0 0 12 160 0 0
1E6J.H 0.81 3 27 5 214 .600 .126
1EXB.E 0.81 2 18 3 88 .666 .204
1F34.A 0.81 10 16 22 303 .454 .052
1FC2.D 0.81 0 23 10 196 0 .117
1FFW.A 0.81 2 9 8 120 .250 .075
1FFW.B 0.81 7 11 10 58 .700 .189
1FLE.E 0.81 4 32 11 218 .363 .146
1GHQ.A 0.81 0 26 5 302 0 .086
1GXD.A 0.81 1 1 21 603 .047 .001
1GXD.C 0.81 6 10 18 174 .333 .057
1IRA.X 0.81 4 4 23 122 .173 .032
1JIW.I 0.81 12 29 15 90 .800 .322
1JIW.P 0.81 10 16 20 450 .500 .035
1JPS.H 0.81 8 38 10 203 .800 .187
1KAC.A 0.81 2 5 9 176 .222 .028
1KAC.B 0.81 0 3 12 112 0 .026
1KLU.D 0.81 2 1 11 219 .181 .004
