Protein Threshold TP FP N Neg TPR FPR
1ACB.E 0.25 9 51 13 228 .692 .223
1ACB.I 0.25 8 2 11 52 .727 .038
1AHW.A 0.25 8 47 8 206 1.000 .228
1AK4.A 0.25 6 27 9 156 .666 .173
1AVX.A 0.25 10 12 19 201 .526 .059
1AY7.A 0.25 5 17 9 87 .555 .195
1AY7.B 0.25 1 3 9 80 .111 .037
1BGX.H 0.25 14 44 16 189 .875 .232
1DE4.E 0.25 7 10 21 78 .333 .128
1DFJ.E 0.25 0 0 18 106 0 0
1DFJ.I 0.25 11 17 18 438 .611 .038
1DQJ.A 0.25 7 54 7 207 1.000 .260
1E4K.C 0.25 0 2 12 160 0 .012
1E6J.H 0.25 4 39 5 214 .800 .182
1EXB.E 0.25 2 48 3 88 .666 .545
1F34.A 0.25 16 39 22 303 .727 .128
1FC2.D 0.25 0 46 10 196 0 .234
1FFW.A 0.25 3 26 8 120 .375 .216
1FFW.B 0.25 9 41 10 58 .900 .706
1FLE.E 0.25 7 87 11 218 .636 .399
1GHQ.A 0.25 1 63 5 302 .200 .208
1GXD.A 0.25 2 18 21 603 .095 .029
1GXD.C 0.25 9 24 18 174 .500 .137
1IRA.X 0.25 16 15 23 122 .695 .122
1JIW.I 0.25 15 52 15 90 1.000 .577
1JIW.P 0.25 14 51 20 450 .700 .113
1JPS.H 0.25 9 50 10 203 .900 .246
1KAC.A 0.25 7 24 9 176 .777 .136
1KAC.B 0.25 0 4 12 112 0 .035
1KLU.D 0.25 2 5 11 219 .181 .022
