Protein Threshold TP FP N Neg TPR FPR
1ACB.E 0.17 10 62 13 228 .769 .271
1ACB.I 0.17 10 3 11 52 .909 .057
1AHW.A 0.17 8 51 8 206 1.000 .247
1AK4.A 0.17 7 36 9 156 .777 .230
1AVX.A 0.17 10 17 19 201 .526 .084
1AY7.A 0.17 5 22 9 87 .555 .252
1AY7.B 0.17 1 5 9 80 .111 .062
1BGX.H 0.17 14 51 16 189 .875 .269
1DE4.E 0.17 10 11 21 78 .476 .141
1DFJ.E 0.17 0 3 18 106 0 .028
1DFJ.I 0.17 12 20 18 438 .666 .045
1DQJ.A 0.17 7 57 7 207 1.000 .275
1E4K.C 0.17 0 5 12 160 0 .031
1E6J.H 0.17 4 40 5 214 .800 .186
1EXB.E 0.17 2 54 3 88 .666 .613
1F34.A 0.17 17 44 22 303 .772 .145
1FC2.D 0.17 0 50 10 196 0 .255
1FFW.A 0.17 4 32 8 120 .500 .266
1FFW.B 0.17 9 41 10 58 .900 .706
1FLE.E 0.17 8 97 11 218 .727 .444
1GHQ.A 0.17 1 78 5 302 .200 .258
1GXD.A 0.17 3 29 21 603 .142 .048
1GXD.C 0.17 9 34 18 174 .500 .195
1IRA.X 0.17 18 17 23 122 .782 .139
1JIW.I 0.17 15 54 15 90 1.000 .600
1JIW.P 0.17 14 59 20 450 .700 .131
1JPS.H 0.17 9 53 10 203 .900 .261
1KAC.A 0.17 8 30 9 176 .888 .170
1KAC.B 0.17 2 5 12 112 .166 .044
1KLU.D 0.17 2 5 11 219 .181 .022
