Protein Threshold TP FP N Neg TPR FPR
1ACB.E 0.56 8 24 13 228 .615 .105
1ACB.I 0.56 5 0 11 52 .454 0
1AHW.A 0.56 7 41 8 206 .875 .199
1AK4.A 0.56 6 10 9 156 .666 .064
1AVX.A 0.56 7 4 19 201 .368 .019
1AY7.A 0.56 5 8 9 87 .555 .091
1AY7.B 0.56 1 2 9 80 .111 .025
1BGX.H 0.56 12 35 16 189 .750 .185
1DE4.E 0.56 3 3 21 78 .142 .038
1DFJ.E 0.56 0 0 18 106 0 0
1DFJ.I 0.56 9 12 18 438 .500 .027
1DQJ.A 0.56 7 48 7 207 1.000 .231
1E4K.C 0.56 0 0 12 160 0 0
1E6J.H 0.56 3 33 5 214 .600 .154
1EXB.E 0.56 2 35 3 88 .666 .397
1F34.A 0.56 15 23 22 303 .681 .075
1FC2.D 0.56 0 28 10 196 0 .142
1FFW.A 0.56 3 18 8 120 .375 .150
1FFW.B 0.56 7 24 10 58 .700 .413
1FLE.E 0.56 5 59 11 218 .454 .270
1GHQ.A 0.56 0 37 5 302 0 .122
1GXD.A 0.56 1 6 21 603 .047 .009
1GXD.C 0.56 6 16 18 174 .333 .091
1IRA.X 0.56 12 10 23 122 .521 .081
1JIW.I 0.56 14 37 15 90 .933 .411
1JIW.P 0.56 12 28 20 450 .600 .062
1JPS.H 0.56 8 45 10 203 .800 .221
1KAC.A 0.56 6 10 9 176 .666 .056
1KAC.B 0.56 0 4 12 112 0 .035
1KLU.D 0.56 2 3 11 219 .181 .013
