Protein Threshold TP FP N Neg TPR FPR
1ACB.E 0.44 9 36 13 228 .692 .157
1ACB.I 0.44 5 0 11 52 .454 0
1AHW.A 0.44 8 42 8 206 1.000 .203
1AK4.A 0.44 6 12 9 156 .666 .076
1AVX.A 0.44 8 5 19 201 .421 .024
1AY7.A 0.44 5 9 9 87 .555 .103
1AY7.B 0.44 1 3 9 80 .111 .037
1BGX.H 0.44 12 40 16 189 .750 .211
1DE4.E 0.44 4 4 21 78 .190 .051
1DFJ.E 0.44 0 0 18 106 0 0
1DFJ.I 0.44 9 15 18 438 .500 .034
1DQJ.A 0.44 7 50 7 207 1.000 .241
1E4K.C 0.44 0 0 12 160 0 0
1E6J.H 0.44 4 35 5 214 .800 .163
1EXB.E 0.44 2 37 3 88 .666 .420
1F34.A 0.44 16 28 22 303 .727 .092
1FC2.D 0.44 0 34 10 196 0 .173
1FFW.A 0.44 3 21 8 120 .375 .175
1FFW.B 0.44 9 30 10 58 .900 .517
1FLE.E 0.44 6 68 11 218 .545 .311
1GHQ.A 0.44 0 47 5 302 0 .155
1GXD.A 0.44 2 9 21 603 .095 .014
1GXD.C 0.44 8 19 18 174 .444 .109
1IRA.X 0.44 13 10 23 122 .565 .081
1JIW.I 0.44 15 45 15 90 1.000 .500
1JIW.P 0.44 13 38 20 450 .650 .084
1JPS.H 0.44 9 47 10 203 .900 .231
1KAC.A 0.44 6 14 9 176 .666 .079
1KAC.B 0.44 0 4 12 112 0 .035
1KLU.D 0.44 2 3 11 219 .181 .013
