Protein Threshold TP FP N Neg TPR FPR
1ACB.E 0.06 10 90 13 228 .769 .394
1ACB.I 0.06 10 7 11 52 .909 .134
1AHW.A 0.06 8 71 8 206 1.000 .344
1AK4.A 0.06 7 60 9 156 .777 .384
1AVX.A 0.06 12 31 19 201 .631 .154
1AY7.A 0.06 7 33 9 87 .777 .379
1AY7.B 0.06 1 11 9 80 .111 .137
1BGX.H 0.06 14 66 16 189 .875 .349
1DE4.E 0.06 13 34 21 78 .619 .435
1DFJ.E 0.06 1 10 18 106 .055 .094
1DFJ.I 0.06 15 39 18 438 .833 .089
1DQJ.A 0.06 7 79 7 207 1.000 .381
1E4K.C 0.06 3 25 12 160 .250 .156
1E6J.H 0.06 4 58 5 214 .800 .271
1EXB.E 0.06 2 59 3 88 .666 .670
1F34.A 0.06 19 77 22 303 .863 .254
1FC2.D 0.06 1 65 10 196 .100 .331
1FFW.A 0.06 5 55 8 120 .625 .458
1FFW.B 0.06 9 42 10 58 .900 .724
1FLE.E 0.06 8 112 11 218 .727 .513
1GHQ.A 0.06 2 103 5 302 .400 .341
1GXD.A 0.06 4 71 21 603 .190 .117
1GXD.C 0.06 15 62 18 174 .833 .356
1IRA.X 0.06 21 29 23 122 .913 .237
1JIW.I 0.06 15 55 15 90 1.000 .611
1JIW.P 0.06 15 120 20 450 .750 .266
1JPS.H 0.06 9 66 10 203 .900 .325
1KAC.A 0.06 9 54 9 176 1.000 .306
1KAC.B 0.06 4 16 12 112 .333 .142
1KLU.D 0.06 5 24 11 219 .454 .109
