Protein Threshold TP FP N Neg TPR FPR
1ACB.E 0.34 9 44 13 228 .692 .192
1ACB.I 0.34 6 0 11 52 .545 0
1AHW.A 0.34 8 44 8 206 1.000 .213
1AK4.A 0.34 6 21 9 156 .666 .134
1AVX.A 0.34 9 6 19 201 .473 .029
1AY7.A 0.34 5 12 9 87 .555 .137
1AY7.B 0.34 1 3 9 80 .111 .037
1BGX.H 0.34 12 41 16 189 .750 .216
1DE4.E 0.34 5 6 21 78 .238 .076
1DFJ.E 0.34 0 0 18 106 0 0
1DFJ.I 0.34 11 15 18 438 .611 .034
1DQJ.A 0.34 7 52 7 207 1.000 .251
1E4K.C 0.34 0 1 12 160 0 .006
1E6J.H 0.34 4 37 5 214 .800 .172
1EXB.E 0.34 2 44 3 88 .666 .500
1F34.A 0.34 16 33 22 303 .727 .108
1FC2.D 0.34 0 40 10 196 0 .204
1FFW.A 0.34 3 21 8 120 .375 .175
1FFW.B 0.34 9 41 10 58 .900 .706
1FLE.E 0.34 6 74 11 218 .545 .339
1GHQ.A 0.34 0 52 5 302 0 .172
1GXD.A 0.34 2 13 21 603 .095 .021
1GXD.C 0.34 9 21 18 174 .500 .120
1IRA.X 0.34 15 11 23 122 .652 .090
1JIW.I 0.34 15 49 15 90 1.000 .544
1JIW.P 0.34 13 43 20 450 .650 .095
1JPS.H 0.34 9 47 10 203 .900 .231
1KAC.A 0.34 7 19 9 176 .777 .107
1KAC.B 0.34 0 4 12 112 0 .035
1KLU.D 0.34 2 3 11 219 .181 .013
