Protein Threshold TP FP N Neg TPR FPR
1ACB.E 0.31 9 47 13 228 .692 .206
1ACB.I 0.31 6 2 11 52 .545 .038
1AHW.A 0.31 8 44 8 206 1.000 .213
1AK4.A 0.31 6 25 9 156 .666 .160
1AVX.A 0.31 9 9 19 201 .473 .044
1AY7.A 0.31 5 14 9 87 .555 .160
1AY7.B 0.31 1 3 9 80 .111 .037
1BGX.H 0.31 13 42 16 189 .812 .222
1DE4.E 0.31 5 8 21 78 .238 .102
1DFJ.E 0.31 0 0 18 106 0 0
1DFJ.I 0.31 11 16 18 438 .611 .036
1DQJ.A 0.31 7 52 7 207 1.000 .251
1E4K.C 0.31 0 1 12 160 0 .006
1E6J.H 0.31 4 37 5 214 .800 .172
1EXB.E 0.31 2 48 3 88 .666 .545
1F34.A 0.31 16 35 22 303 .727 .115
1FC2.D 0.31 0 43 10 196 0 .219
1FFW.A 0.31 3 23 8 120 .375 .191
1FFW.B 0.31 9 41 10 58 .900 .706
1FLE.E 0.31 6 76 11 218 .545 .348
1GHQ.A 0.31 0 53 5 302 0 .175
1GXD.A 0.31 2 16 21 603 .095 .026
1GXD.C 0.31 9 22 18 174 .500 .126
1IRA.X 0.31 15 12 23 122 .652 .098
1JIW.I 0.31 15 52 15 90 1.000 .577
1JIW.P 0.31 14 43 20 450 .700 .095
1JPS.H 0.31 9 48 10 203 .900 .236
1KAC.A 0.31 7 20 9 176 .777 .113
1KAC.B 0.31 0 4 12 112 0 .035
1KLU.D 0.31 2 4 11 219 .181 .018
