Protein Threshold TP FP N Neg TPR FPR
1ACB.E 0.84 5 9 13 228 .384 .039
1ACB.I 0.84 4 0 11 52 .363 0
1AHW.A 0.84 6 35 8 206 .750 .169
1AK4.A 0.84 4 5 9 156 .444 .032
1AVX.A 0.84 3 1 19 201 .157 .004
1AY7.A 0.84 4 5 9 87 .444 .057
1AY7.B 0.84 0 1 9 80 0 .012
1BGX.H 0.84 7 25 16 189 .437 .132
1DE4.E 0.84 1 2 21 78 .047 .025
1DFJ.E 0.84 0 0 18 106 0 0
1DFJ.I 0.84 8 6 18 438 .444 .013
1DQJ.A 0.84 7 42 7 207 1.000 .202
1E4K.C 0.84 0 0 12 160 0 0
1E6J.H 0.84 3 27 5 214 .600 .126
1EXB.E 0.84 2 18 3 88 .666 .204
1F34.A 0.84 10 12 22 303 .454 .039
1FC2.D 0.84 0 19 10 196 0 .096
1FFW.A 0.84 2 8 8 120 .250 .066
1FFW.B 0.84 6 10 10 58 .600 .172
1FLE.E 0.84 4 27 11 218 .363 .123
1GHQ.A 0.84 0 24 5 302 0 .079
1GXD.A 0.84 1 1 21 603 .047 .001
1GXD.C 0.84 6 9 18 174 .333 .051
1IRA.X 0.84 3 3 23 122 .130 .024
1JIW.I 0.84 11 24 15 90 .733 .266
1JIW.P 0.84 10 15 20 450 .500 .033
1JPS.H 0.84 8 37 10 203 .800 .182
1KAC.A 0.84 2 5 9 176 .222 .028
1KAC.B 0.84 0 2 12 112 0 .017
1KLU.D 0.84 2 0 11 219 .181 0
