Protein  Threshold  TP  FP   N   Neg  TPR    FPR
1ACB.E   0          13  228  13  228  1.000  1.000
1ACB.I   0          11  52   11  52   1.000  1.000
1AHW.A   0          8   206  8   206  1.000  1.000
1AK4.A   0          9   156  9   156  1.000  1.000
1AVX.A   0          19  201  19  201  1.000  1.000
1AY7.A   0          9   87   9   87   1.000  1.000
1AY7.B   0          9   80   9   80   1.000  1.000
1BGX.H   0          16  189  16  189  1.000  1.000
1DE4.E   0          21  78   21  78   1.000  1.000
1DFJ.E   0          18  106  18  106  1.000  1.000
1DFJ.I   0          18  438  18  438  1.000  1.000
1DQJ.A   0          7   207  7   207  1.000  1.000
1E4K.C   0          12  160  12  160  1.000  1.000
1E6J.H   0          5   214  5   214  1.000  1.000
1EXB.E   0          3   88   3   88   1.000  1.000
1F34.A   0          22  303  22  303  1.000  1.000
1FC2.D   0          10  197  10  196  1.000  1.005
1FFW.A   0          8   120  8   120  1.000  1.000
1FFW.B   0          10  58   10  58   1.000  1.000
1FLE.E   0          11  218  11  218  1.000  1.000
1GHQ.A   0          5   302  5   302  1.000  1.000
1GXD.A   0          21  603  21  603  1.000  1.000
1GXD.C   0          18  174  18  174  1.000  1.000
1IRA.X   0          23  122  23  122  1.000  1.000
1JIW.I   0          15  90   15  90   1.000  1.000
1JIW.P   0          20  450  20  450  1.000  1.000
1JPS.H   0          10  203  10  203  1.000  1.000
1KAC.A   0          9   176  9   176  1.000  1.000
1KAC.B   0          12  112  12  112  1.000  1.000
1KLU.D   0          11  219  11  219  1.000  1.000
Protein  Threshold  TP  FP   N   Neg  TPR    FPR
1ACB.E   0.05       11  90   13  228  .846   .394
1ACB.I   0.05       11  16   11  52   1.000  .307
1AHW.A   0.05       8   65   8   206  1.000  .315
1AK4.A   0.05       7   59   9   156  .777   .378
1AVX.A   0.05       14  44   19  201  .736   .218
1AY7.A   0.05       8   38   9   87   .888   .436
1AY7.B   0.05       8   17   9   80   .888   .212
1BGX.H   0.05       14  62   16  189  .875   .328
1DE4.E   0.05       19  31   21  78   .904   .397
1DFJ.E   0.05       7   36   18  106  .388   .339
1DFJ.I   0.05       17  41   18  438  .944   .093
1DQJ.A   0.05       7   74   7   207  1.000  .357
1E4K.C   0.05       12  62   12  160  1.000  .387
1E6J.H   0.05       5   50   5   214  1.000  .233
1EXB.E   0.05       3   60   3   88   1.000  .681
1F34.A   0.05       18  88   22  303  .818   .290
1FC2.D   0.05       9   76   10  196  .900   .387
1FFW.A   0.05       7   49   8   120  .875   .408
1FFW.B   0.05       9   43   10  58   .900   .741
1FLE.E   0.05       9   114  11  218  .818   .522
1GHQ.A   0.05       1   135  5   302  .200   .447
1GXD.A   0.05       4   94   21  603  .190   .155
1GXD.C   0.05       16  51   18  174  .888   .293
1IRA.X   0.05       21  36   23  122  .913   .295
1JIW.I   0.05       13  76   15  90   .866   .844
1JIW.P   0.05       15  118  20  450  .750   .262
1JPS.H   0.05       10  62   10  203  1.000  .305
1KAC.A   0.05       9   83   9   176  1.000  .471
1KAC.B   0.05       9   31   12  112  .750   .276
1KLU.D   0.05       9   38   11  219  .818   .173
Protein     Threshold  TP        FP   N   Neg  TPR    FPR
1ACB.E      0.05       11        90   13  228  .846   .394
1ACB.I      0.05       11        16   11  52   1.000  .307
1AHW.A      0.05       8         65   8   206  1.000  .315
1AK4.A      0.05       7         59   9   156  .777   .378
1AVX.A      0.05       14        44   19  201  .736   .218
1AY7.A      0.05       8         38   9   87   .888   .436
1AY7.B      0.05       8         17   9   80   .888   .212
1BGX.H      0.05       14        62   16  189  .875   .328
1DE4.E      0.05       19        31   21  78   .904   .397
1DFJ.E      0.05       7         36   18  106  .388   .339
1DFJ.I      0.05       17        41   18  438  .944   .093
1DQJ.A      0.05       7         74   7   207  1.000  .357
1E4K.C      0.05       12        62   12  160  1.000  .387
1E6J.H      0.05       5         50   5   214  1.000  .233
1EXB.E      0.05       3         60   3   88   1.000  .681
1F34.A      0.05       18        88   22  303  .818   .290
1FC2.D      0.05       9         76   10  196  .900   .387
1FFW.A      0.05       7         49   8   120  .875   .408
1FFW.B      0.05       9         43   10  58   .900   .741
1FLE.E      0.05       9         114  11  218  .818   .522
1GHQ.A      0.05       1         135  5   302  .200   .447
1GXD.A      0.05       4         94   21  603  .190   .155
1GXD.C      0.05       16        51   18  174  .888   .293
1IRA.X      0.05       21        36   23  122  .913   .295
1JIW.I      0.05       13        76   15  90   .866   .844
1JIW.P      0.05       15        118  20  450  .750   .262
1JPS.H      0.05       10        62   10  203  1.000  .305
1KAC.A      0.05       9         83   9   176  1.000  .471
1KAC.B      0.05       9         31   12  112  .750   .276
1KLU.D      0.05       9         38   11  219  .818   .173
Global_TPR  =          .809
Global_FPR  =          .315
avg_TPR     =          0.804258
avg_FPR     =          0.353032
Protein  Threshold  TP  FP  N   Neg  TPR    FPR
1ACB.E   0.1        11  70  13  228  .846   .307
1ACB.I   0.1        11  8   11  52   1.000  .153
1AHW.A   0.1        8   50  8   206  1.000  .242
1AK4.A   0.1        7   43  9   156  .777   .275
1AVX.A   0.1        14  28  19  201  .736   .139
1AY7.A   0.1        8   33  9   87   .888   .379
1AY7.B   0.1        7   10  9   80   .777   .125
1BGX.H   0.1        13  50  16  189  .812   .264
1DE4.E   0.1        18  17  21  78   .857   .217
1DFJ.E   0.1        0   24  18  106  0      .226
1DFJ.I   0.1        15  26  18  438  .833   .059
1DQJ.A   0.1        7   56  7   207  1.000  .270
1E4K.C   0.1        12  43  12  160  1.000  .268
1E6J.H   0.1        5   42  5   214  1.000  .196
1EXB.E   0.1        3   54  3   88   1.000  .613
1F34.A   0.1        16  75  22  303  .727   .247
1FC2.D   0.1        9   64  10  196  .900   .326
1FFW.A   0.1        5   35  8   120  .625   .291
1FFW.B   0.1        9   43  10  58   .900   .741
1FLE.E   0.1        9   99  11  218  .818   .454
1GHQ.A   0.1        1   94  5   302  .200   .311
1GXD.A   0.1        4   62  21  603  .190   .102
1GXD.C   0.1        15  35  18  174  .833   .201
1IRA.X   0.1        19  24  23  122  .826   .196
1JIW.I   0.1        13  73  15  90   .866   .811
1JIW.P   0.1        15  86  20  450  .750   .191
1JPS.H   0.1        9   53  10  203  .900   .261
1KAC.A   0.1        8   60  9   176  .888   .340
1KAC.B   0.1        8   14  12  112  .666   .125
1KLU.D   0.1        7   27  11  219  .636   .123
Protein     Threshold  TP        FP  N   Neg  TPR    FPR
1ACB.E      0.1        11        70  13  228  .846   .307
1ACB.I      0.1        11        8   11  52   1.000  .153
1AHW.A      0.1        8         50  8   206  1.000  .242
1AK4.A      0.1        7         43  9   156  .777   .275
1AVX.A      0.1        14        28  19  201  .736   .139
1AY7.A      0.1        8         33  9   87   .888   .379
1AY7.B      0.1        7         10  9   80   .777   .125
1BGX.H      0.1        13        50  16  189  .812   .264
1DE4.E      0.1        18        17  21  78   .857   .217
1DFJ.E      0.1        0         24  18  106  0      .226
1DFJ.I      0.1        15        26  18  438  .833   .059
1DQJ.A      0.1        7         56  7   207  1.000  .270
1E4K.C      0.1        12        43  12  160  1.000  .268
1E6J.H      0.1        5         42  5   214  1.000  .196
1EXB.E      0.1        3         54  3   88   1.000  .613
1F34.A      0.1        16        75  22  303  .727   .247
1FC2.D      0.1        9         64  10  196  .900   .326
1FFW.A      0.1        5         35  8   120  .625   .291
1FFW.B      0.1        9         43  10  58   .900   .741
1FLE.E      0.1        9         99  11  218  .818   .454
1GHQ.A      0.1        1         94  5   302  .200   .311
1GXD.A      0.1        4         62  21  603  .190   .102
1GXD.C      0.1        15        35  18  174  .833   .201
1IRA.X      0.1        19        24  23  122  .826   .196
1JIW.I      0.1        13        73  15  90   .866   .811
1JIW.P      0.1        15        86  20  450  .750   .191
1JPS.H      0.1        9         53  10  203  .900   .261
1KAC.A      0.1        8         60  9   176  .888   .340
1KAC.B      0.1        8         14  12  112  .666   .125
1KLU.D      0.1        7         27  11  219  .636   .123
Global_TPR  =          .746
Global_FPR  =          .239
avg_TPR     =          0.750032
avg_FPR     =          0.272677
Protein  Threshold  TP  FP  N   Neg  TPR    FPR
1ACB.E   0.15       11  57  13  228  .846   .250
1ACB.I   0.15       10  6   11  52   .909   .115
1AHW.A   0.15       8   44  8   206  1.000  .213
1AK4.A   0.15       6   37  9   156  .666   .237
1AVX.A   0.15       14  19  19  201  .736   .094
1AY7.A   0.15       8   27  9   87   .888   .310
1AY7.B   0.15       6   6   9   80   .666   .075
1BGX.H   0.15       13  46  16  189  .812   .243
1DE4.E   0.15       18  15  21  78   .857   .192
1DFJ.E   0.15       0   16  18  106  0      .150
1DFJ.I   0.15       12  19  18  438  .666   .043
1DQJ.A   0.15       7   54  7   207  1.000  .260
1E4K.C   0.15       11  30  12  160  .916   .187
1E6J.H   0.15       4   38  5   214  .800   .177
1EXB.E   0.15       3   49  3   88   1.000  .556
1F34.A   0.15       16  67  22  303  .727   .221
1FC2.D   0.15       8   59  10  196  .800   .301
1FFW.A   0.15       4   27  8   120  .500   .225
1FFW.B   0.15       9   43  10  58   .900   .741
1FLE.E   0.15       8   84  11  218  .727   .385
1GHQ.A   0.15       1   79  5   302  .200   .261
1GXD.A   0.15       3   48  21  603  .142   .079
1GXD.C   0.15       14  28  18  174  .777   .160
1IRA.X   0.15       19  17  23  122  .826   .139
1JIW.I   0.15       13  70  15  90   .866   .777
1JIW.P   0.15       15  74  20  450  .750   .164
1JPS.H   0.15       9   49  10  203  .900   .241
1KAC.A   0.15       8   49  9   176  .888   .278
1KAC.B   0.15       7   8   12  112  .583   .071
1KLU.D   0.15       6   23  11  219  .545   .105
Protein     Threshold  TP        FP  N   Neg  TPR    FPR
1ACB.E      0.15       11        57  13  228  .846   .250
1ACB.I      0.15       10        6   11  52   .909   .115
1AHW.A      0.15       8         44  8   206  1.000  .213
1AK4.A      0.15       6         37  9   156  .666   .237
1AVX.A      0.15       14        19  19  201  .736   .094
1AY7.A      0.15       8         27  9   87   .888   .310
1AY7.B      0.15       6         6   9   80   .666   .075
1BGX.H      0.15       13        46  16  189  .812   .243
1DE4.E      0.15       18        15  21  78   .857   .192
1DFJ.E      0.15       0         16  18  106  0      .150
1DFJ.I      0.15       12        19  18  438  .666   .043
1DQJ.A      0.15       7         54  7   207  1.000  .260
1E4K.C      0.15       11        30  12  160  .916   .187
1E6J.H      0.15       4         38  5   214  .800   .177
1EXB.E      0.15       3         49  3   88   1.000  .556
1F34.A      0.15       16        67  22  303  .727   .221
1FC2.D      0.15       8         59  10  196  .800   .301
1FFW.A      0.15       4         27  8   120  .500   .225
1FFW.B      0.15       9         43  10  58   .900   .741
1FLE.E      0.15       8         84  11  218  .727   .385
1GHQ.A      0.15       1         79  5   302  .200   .261
1GXD.A      0.15       3         48  21  603  .142   .079
1GXD.C      0.15       14        28  18  174  .777   .160
1IRA.X      0.15       19        17  23  122  .826   .139
1JIW.I      0.15       13        70  15  90   .866   .777
1JIW.P      0.15       15        74  20  450  .750   .164
1JPS.H      0.15       9         49  10  203  .900   .241
1KAC.A      0.15       8         49  9   176  .888   .278
1KAC.B      0.15       7         8   12  112  .583   .071
1KLU.D      0.15       6         23  11  219  .545   .105
Global_TPR  =          .707
Global_FPR  =          .203
avg_TPR     =          0.706226
avg_FPR     =          0.233871
Protein  Threshold  TP  FP  N   Neg  TPR    FPR
1ACB.E   0.2        11  48  13  228  .846   .210
1ACB.I   0.2        9   4   11  52   .818   .076
1AHW.A   0.2        8   43  8   206  1.000  .208
1AK4.A   0.2        6   33  9   156  .666   .211
1AVX.A   0.2        14  12  19  201  .736   .059
1AY7.A   0.2        8   22  9   87   .888   .252
1AY7.B   0.2        5   6   9   80   .555   .075
1BGX.H   0.2        12  41  16  189  .750   .216
1DE4.E   0.2        15  13  21  78   .714   .166
1DFJ.E   0.2        0   12  18  106  0      .113
1DFJ.I   0.2        12  18  18  438  .666   .041
1DQJ.A   0.2        7   53  7   207  1.000  .256
1E4K.C   0.2        10  22  12  160  .833   .137
1E6J.H   0.2        4   37  5   214  .800   .172
1EXB.E   0.2        3   40  3   88   1.000  .454
1F34.A   0.2        16  57  22  303  .727   .188
1FC2.D   0.2        8   49  10  196  .800   .250
1FFW.A   0.2        3   21  8   120  .375   .175
1FFW.B   0.2        9   42  10  58   .900   .724
1FLE.E   0.2        8   78  11  218  .727   .357
1GHQ.A   0.2        1   69  5   302  .200   .228
1GXD.A   0.2        3   37  21  603  .142   .061
1GXD.C   0.2        14  25  18  174  .777   .143
1IRA.X   0.2        18  17  23  122  .782   .139
1JIW.I   0.2        12  58  15  90   .800   .644
1JIW.P   0.2        14  62  20  450  .700   .137
1JPS.H   0.2        9   48  10  203  .900   .236
1KAC.A   0.2        8   42  9   176  .888   .238
1KAC.B   0.2        5   6   12  112  .416   .053
1KLU.D   0.2        5   17  11  219  .454   .077
Protein     Threshold  TP        FP  N   Neg  TPR    FPR
1ACB.E      0.2        11        48  13  228  .846   .210
1ACB.I      0.2        9         4   11  52   .818   .076
1AHW.A      0.2        8         43  8   206  1.000  .208
1AK4.A      0.2        6         33  9   156  .666   .211
1AVX.A      0.2        14        12  19  201  .736   .059
1AY7.A      0.2        8         22  9   87   .888   .252
1AY7.B      0.2        5         6   9   80   .555   .075
1BGX.H      0.2        12        41  16  189  .750   .216
1DE4.E      0.2        15        13  21  78   .714   .166
1DFJ.E      0.2        0         12  18  106  0      .113
1DFJ.I      0.2        12        18  18  438  .666   .041
1DQJ.A      0.2        7         53  7   207  1.000  .256
1E4K.C      0.2        10        22  12  160  .833   .137
1E6J.H      0.2        4         37  5   214  .800   .172
1EXB.E      0.2        3         40  3   88   1.000  .454
1F34.A      0.2        16        57  22  303  .727   .188
1FC2.D      0.2        8         49  10  196  .800   .250
1FFW.A      0.2        3         21  8   120  .375   .175
1FFW.B      0.2        9         42  10  58   .900   .724
1FLE.E      0.2        8         78  11  218  .727   .357
1GHQ.A      0.2        1         69  5   302  .200   .228
1GXD.A      0.2        3         37  21  603  .142   .061
1GXD.C      0.2        14        25  18  174  .777   .143
1IRA.X      0.2        18        17  23  122  .782   .139
1JIW.I      0.2        12        58  15  90   .800   .644
1JIW.P      0.2        14        62  20  450  .700   .137
1JPS.H      0.2        9         48  10  203  .900   .236
1KAC.A      0.2        8         42  9   176  .888   .238
1KAC.B      0.2        5         6   12  112  .416   .053
1KLU.D      0.2        5         17  11  219  .454   .077
Global_TPR  =          .671
Global_FPR  =          .176
avg_TPR     =          0.672903
avg_FPR     =          0.203097
Protein  Threshold  TP  FP  N   Neg  TPR    FPR
1ACB.E   0.25       11  43  13  228  .846   .188
1ACB.I   0.25       8   1   11  52   .727   .019
1AHW.A   0.25       8   42  8   206  1.000  .203
1AK4.A   0.25       6   25  9   156  .666   .160
1AVX.A   0.25       13  9   19  201  .684   .044
1AY7.A   0.25       6   18  9   87   .666   .206
1AY7.B   0.25       3   5   9   80   .333   .062
1BGX.H   0.25       12  38  16  189  .750   .201
1DE4.E   0.25       12  9   21  78   .571   .115
1DFJ.E   0.25       0   6   18  106  0      .056
1DFJ.I   0.25       11  15  18  438  .611   .034
1DQJ.A   0.25       7   51  7   207  1.000  .246
1E4K.C   0.25       10  18  12  160  .833   .112
1E6J.H   0.25       4   34  5   214  .800   .158
1EXB.E   0.25       3   36  3   88   1.000  .409
1F34.A   0.25       16  47  22  303  .727   .155
1FC2.D   0.25       8   44  10  196  .800   .224
1FFW.A   0.25       3   21  8   120  .375   .175
1FFW.B   0.25       9   40  10  58   .900   .689
1FLE.E   0.25       8   70  11  218  .727   .321
1GHQ.A   0.25       1   61  5   302  .200   .201
1GXD.A   0.25       2   33  21  603  .095   .054
1GXD.C   0.25       9   24  18  174  .500   .137
1IRA.X   0.25       17  14  23  122  .739   .114
1JIW.I   0.25       12  55  15  90   .800   .611
1JIW.P   0.25       14  56  20  450  .700   .124
1JPS.H   0.25       9   45  10  203  .900   .221
1KAC.A   0.25       7   34  9   176  .777   .193
1KAC.B   0.25       5   5   12  112  .416   .044
1KLU.D   0.25       4   12  11  219  .363   .054
Protein     Threshold  TP        FP  N   Neg  TPR    FPR
1ACB.E      0.25       11        43  13  228  .846   .188
1ACB.I      0.25       8         1   11  52   .727   .019
1AHW.A      0.25       8         42  8   206  1.000  .203
1AK4.A      0.25       6         25  9   156  .666   .160
1AVX.A      0.25       13        9   19  201  .684   .044
1AY7.A      0.25       6         18  9   87   .666   .206
1AY7.B      0.25       3         5   9   80   .333   .062
1BGX.H      0.25       12        38  16  189  .750   .201
1DE4.E      0.25       12        9   21  78   .571   .115
1DFJ.E      0.25       0         6   18  106  0      .056
1DFJ.I      0.25       11        15  18  438  .611   .034
1DQJ.A      0.25       7         51  7   207  1.000  .246
1E4K.C      0.25       10        18  12  160  .833   .112
1E6J.H      0.25       4         34  5   214  .800   .158
1EXB.E      0.25       3         36  3   88   1.000  .409
1F34.A      0.25       16        47  22  303  .727   .155
1FC2.D      0.25       8         44  10  196  .800   .224
1FFW.A      0.25       3         21  8   120  .375   .175
1FFW.B      0.25       9         40  10  58   .900   .689
1FLE.E      0.25       8         70  11  218  .727   .321
1GHQ.A      0.25       1         61  5   302  .200   .201
1GXD.A      0.25       2         33  21  603  .095   .054
1GXD.C      0.25       9         24  18  174  .500   .137
1IRA.X      0.25       17        14  23  122  .739   .114
1JIW.I      0.25       12        55  15  90   .800   .611
1JIW.P      0.25       14        56  20  450  .700   .124
1JPS.H      0.25       9         45  10  203  .900   .221
1KAC.A      0.25       7         34  9   176  .777   .193
1KAC.B      0.25       5         5   12  112  .416   .044
1KLU.D      0.25       4         12  11  219  .363   .054
Global_TPR  =          .621
Global_FPR  =          .156
avg_TPR     =          0.629226
avg_FPR     =          0.178387
Protein  Threshold  TP  FP  N   Neg  TPR    FPR
1ACB.E   0.3        11  40  13  228  .846   .175
1ACB.I   0.3        7   0   11  52   .636   0
1AHW.A   0.3        8   41  8   206  1.000  .199
1AK4.A   0.3        6   22  9   156  .666   .141
1AVX.A   0.3        11  7   19  201  .578   .034
1AY7.A   0.3        6   13  9   87   .666   .149
1AY7.B   0.3        2   3   9   80   .222   .037
1BGX.H   0.3        12  34  16  189  .750   .179
1DE4.E   0.3        11  7   21  78   .523   .089
1DFJ.E   0.3        0   5   18  106  0      .047
1DFJ.I   0.3        11  15  18  438  .611   .034
1DQJ.A   0.3        7   48  7   207  1.000  .231
1E4K.C   0.3        10  13  12  160  .833   .081
1E6J.H   0.3        3   32  5   214  .600   .149
1EXB.E   0.3        3   32  3   88   1.000  .363
1F34.A   0.3        16  36  22  303  .727   .118
1FC2.D   0.3        5   38  10  196  .500   .193
1FFW.A   0.3        3   19  8   120  .375   .158
1FFW.B   0.3        9   35  10  58   .900   .603
1FLE.E   0.3        5   59  11  218  .454   .270
1GHQ.A   0.3        1   56  5   302  .200   .185
1GXD.A   0.3        2   30  21  603  .095   .049
1GXD.C   0.3        9   21  18  174  .500   .120
1IRA.X   0.3        16  13  23  122  .695   .106
1JIW.I   0.3        11  51  15  90   .733   .566
1JIW.P   0.3        14  48  20  450  .700   .106
1JPS.H   0.3        8   44  10  203  .800   .216
1KAC.A   0.3        7   29  9   176  .777   .164
1KAC.B   0.3        5   4   12  112  .416   .035
1KLU.D   0.3        3   10  11  219  .272   .045
Protein     Threshold  TP        FP  N   Neg  TPR    FPR
1ACB.E      0.3        11        40  13  228  .846   .175
1ACB.I      0.3        7         0   11  52   .636   0
1AHW.A      0.3        8         41  8   206  1.000  .199
1AK4.A      0.3        6         22  9   156  .666   .141
1AVX.A      0.3        11        7   19  201  .578   .034
1AY7.A      0.3        6         13  9   87   .666   .149
1AY7.B      0.3        2         3   9   80   .222   .037
1BGX.H      0.3        12        34  16  189  .750   .179
1DE4.E      0.3        11        7   21  78   .523   .089
1DFJ.E      0.3        0         5   18  106  0      .047
1DFJ.I      0.3        11        15  18  438  .611   .034
1DQJ.A      0.3        7         48  7   207  1.000  .231
1E4K.C      0.3        10        13  12  160  .833   .081
1E6J.H      0.3        3         32  5   214  .600   .149
1EXB.E      0.3        3         32  3   88   1.000  .363
1F34.A      0.3        16        36  22  303  .727   .118
1FC2.D      0.3        5         38  10  196  .500   .193
1FFW.A      0.3        3         19  8   120  .375   .158
1FFW.B      0.3        9         35  10  58   .900   .603
1FLE.E      0.3        5         59  11  218  .454   .270
1GHQ.A      0.3        1         56  5   302  .200   .185
1GXD.A      0.3        2         30  21  603  .095   .049
1GXD.C      0.3        9         21  18  174  .500   .120
1IRA.X      0.3        16        13  23  122  .695   .106
1JIW.I      0.3        11        51  15  90   .733   .566
1JIW.P      0.3        14        48  20  450  .700   .106
1JPS.H      0.3        8         44  10  203  .800   .216
1KAC.A      0.3        7         29  9   176  .777   .164
1KAC.B      0.3        5         4   12  112  .416   .035
1KLU.D      0.3        3         10  11  219  .272   .045
Global_TPR  =          .579
Global_FPR  =          .137
avg_TPR     =          0.583065
avg_FPR     =          0.156194
Protein  Threshold  TP  FP  N   Neg  TPR    FPR
1ACB.E   0.35       11  33  13  228  .846   .144
1ACB.I   0.35       7   0   11  52   .636   0
1AHW.A   0.35       7   39  8   206  .875   .189
1AK4.A   0.35       6   19  9   156  .666   .121
1AVX.A   0.35       11  5   19  201  .578   .024
1AY7.A   0.35       5   12  9   87   .555   .137
1AY7.B   0.35       2   2   9   80   .222   .025
1BGX.H   0.35       11  30  16  189  .687   .158
1DE4.E   0.35       9   6   21  78   .428   .076
1DFJ.E   0.35       0   5   18  106  0      .047
1DFJ.I   0.35       10  15  18  438  .555   .034
1DQJ.A   0.35       7   46  7   207  1.000  .222
1E4K.C   0.35       10  11  12  160  .833   .068
1E6J.H   0.35       3   31  5   214  .600   .144
1EXB.E   0.35       3   25  3   88   1.000  .284
1F34.A   0.35       14  32  22  303  .636   .105
1FC2.D   0.35       4   36  10  196  .400   .183
1FFW.A   0.35       3   17  8   120  .375   .141
1FFW.B   0.35       9   32  10  58   .900   .551
1FLE.E   0.35       4   48  11  218  .363   .220
1GHQ.A   0.35       1   51  5   302  .200   .168
1GXD.A   0.35       2   24  21  603  .095   .039
1GXD.C   0.35       9   17  18  174  .500   .097
1IRA.X   0.35       16  13  23  122  .695   .106
1JIW.I   0.35       11  49  15  90   .733   .544
1JIW.P   0.35       13  36  20  450  .650   .080
1JPS.H   0.35       8   42  10  203  .800   .206
1KAC.A   0.35       6   21  9   176  .666   .119
1KAC.B   0.35       3   4   12  112  .250   .035
1KLU.D   0.35       3   9   11  219  .272   .041
Protein     Threshold  TP        FP  N   Neg  TPR    FPR
1ACB.E      0.35       11        33  13  228  .846   .144
1ACB.I      0.35       7         0   11  52   .636   0
1AHW.A      0.35       7         39  8   206  .875   .189
1AK4.A      0.35       6         19  9   156  .666   .121
1AVX.A      0.35       11        5   19  201  .578   .024
1AY7.A      0.35       5         12  9   87   .555   .137
1AY7.B      0.35       2         2   9   80   .222   .025
1BGX.H      0.35       11        30  16  189  .687   .158
1DE4.E      0.35       9         6   21  78   .428   .076
1DFJ.E      0.35       0         5   18  106  0      .047
1DFJ.I      0.35       10        15  18  438  .555   .034
1DQJ.A      0.35       7         46  7   207  1.000  .222
1E4K.C      0.35       10        11  12  160  .833   .068
1E6J.H      0.35       3         31  5   214  .600   .144
1EXB.E      0.35       3         25  3   88   1.000  .284
1F34.A      0.35       14        32  22  303  .636   .105
1FC2.D      0.35       4         36  10  196  .400   .183
1FFW.A      0.35       3         17  8   120  .375   .141
1FFW.B      0.35       9         32  10  58   .900   .551
1FLE.E      0.35       4         48  11  218  .363   .220
1GHQ.A      0.35       1         51  5   302  .200   .168
1GXD.A      0.35       2         24  21  603  .095   .039
1GXD.C      0.35       9         17  18  174  .500   .097
1IRA.X      0.35       16        13  23  122  .695   .106
1JIW.I      0.35       11        49  15  90   .733   .544
1JIW.P      0.35       13        36  20  450  .650   .080
1JPS.H      0.35       8         42  10  203  .800   .206
1KAC.A      0.35       6         21  9   176  .666   .119
1KAC.B      0.35       3         4   12  112  .250   .035
1KLU.D      0.35       3         9   11  219  .272   .041
Global_TPR  =          .543
Global_FPR  =          .121
avg_TPR     =          0.548903
avg_FPR     =          0.138968
Protein  Threshold  TP  FP  N   Neg  TPR    FPR
1ACB.E   0.4        10  28  13  228  .769   .122
1ACB.I   0.4        7   0   11  52   .636   0
1AHW.A   0.4        7   36  8   206  .875   .174
1AK4.A   0.4        5   15  9   156  .555   .096
1AVX.A   0.4        10  4   19  201  .526   .019
1AY7.A   0.4        5   12  9   87   .555   .137
1AY7.B   0.4        2   2   9   80   .222   .025
1BGX.H   0.4        11  25  16  189  .687   .132
1DE4.E   0.4        8   5   21  78   .380   .064
1DFJ.E   0.4        0   3   18  106  0      .028
1DFJ.I   0.4        9   13  18  438  .500   .029
1DQJ.A   0.4        7   44  7   207  1.000  .212
1E4K.C   0.4        9   9   12  160  .750   .056
1E6J.H   0.4        3   29  5   214  .600   .135
1EXB.E   0.4        3   19  3   88   1.000  .215
1F34.A   0.4        12  28  22  303  .545   .092
1FC2.D   0.4        3   33  10  196  .300   .168
1FFW.A   0.4        2   15  8   120  .250   .125
1FFW.B   0.4        8   25  10  58   .800   .431
1FLE.E   0.4        4   38  11  218  .363   .174
1GHQ.A   0.4        1   44  5   302  .200   .145
1GXD.A   0.4        1   21  21  603  .047   .034
1GXD.C   0.4        7   15  18  174  .388   .086
1IRA.X   0.4        15  12  23  122  .652   .098
1JIW.I   0.4        10  46  15  90   .666   .511
1JIW.P   0.4        13  31  20  450  .650   .068
1JPS.H   0.4        8   37  10  203  .800   .182
1KAC.A   0.4        6   16  9   176  .666   .090
1KAC.B   0.4        3   4   12  112  .250   .035
1KLU.D   0.4        3   7   11  219  .272   .031
Protein     Threshold  TP        FP  N   Neg  TPR    FPR
1ACB.E      0.4        10        28  13  228  .769   .122
1ACB.I      0.4        7         0   11  52   .636   0
1AHW.A      0.4        7         36  8   206  .875   .174
1AK4.A      0.4        5         15  9   156  .555   .096
1AVX.A      0.4        10        4   19  201  .526   .019
1AY7.A      0.4        5         12  9   87   .555   .137
1AY7.B      0.4        2         2   9   80   .222   .025
1BGX.H      0.4        11        25  16  189  .687   .132
1DE4.E      0.4        8         5   21  78   .380   .064
1DFJ.E      0.4        0         3   18  106  0      .028
1DFJ.I      0.4        9         13  18  438  .500   .029
1DQJ.A      0.4        7         44  7   207  1.000  .212
1E4K.C      0.4        9         9   12  160  .750   .056
1E6J.H      0.4        3         29  5   214  .600   .135
1EXB.E      0.4        3         19  3   88   1.000  .215
1F34.A      0.4        12        28  22  303  .545   .092
1FC2.D      0.4        3         33  10  196  .300   .168
1FFW.A      0.4        2         15  8   120  .250   .125
1FFW.B      0.4        8         25  10  58   .800   .431
1FLE.E      0.4        4         38  11  218  .363   .174
1GHQ.A      0.4        1         44  5   302  .200   .145
1GXD.A      0.4        1         21  21  603  .047   .034
1GXD.C      0.4        7         15  18  174  .388   .086
1IRA.X      0.4        15        12  23  122  .652   .098
1JIW.I      0.4        10        46  15  90   .666   .511
1JIW.P      0.4        13        31  20  450  .650   .068
1JPS.H      0.4        8         37  10  203  .800   .182
1KAC.A      0.4        6         16  9   176  .666   .090
1KAC.B      0.4        3         4   12  112  .250   .035
1KLU.D      0.4        3         7   11  219  .272   .031
Global_TPR  =          .501
Global_FPR  =          .105
avg_TPR     =          0.513032
avg_FPR     =          0.119806
Protein  Threshold  TP  FP  N   Neg  TPR    FPR
1ACB.E   0.45       9   23  13  228  .692   .100
1ACB.I   0.45       6   0   11  52   .545   0
1AHW.A   0.45       7   30  8   206  .875   .145
1AK4.A   0.45       4   13  9   156  .444   .083
1AVX.A   0.45       10  2   19  201  .526   .009
1AY7.A   0.45       5   11  9   87   .555   .126
1AY7.B   0.45       1   2   9   80   .111   .025
1BGX.H   0.45       11  21  16  189  .687   .111
1DE4.E   0.45       7   5   21  78   .333   .064
1DFJ.E   0.45       0   3   18  106  0      .028
1DFJ.I   0.45       9   13  18  438  .500   .029
1DQJ.A   0.45       7   40  7   207  1.000  .193
1E4K.C   0.45       8   7   12  160  .666   .043
1E6J.H   0.45       3   26  5   214  .600   .121
1EXB.E   0.45       3   15  3   88   1.000  .170
1F34.A   0.45       10  25  22  303  .454   .082
1FC2.D   0.45       1   25  10  196  .100   .127
1FFW.A   0.45       2   13  8   120  .250   .108
1FFW.B   0.45       8   19  10  58   .800   .327
1FLE.E   0.45       3   24  11  218  .272   .110
1GHQ.A   0.45       1   41  5   302  .200   .135
1GXD.A   0.45       1   21  21  603  .047   .034
1GXD.C   0.45       6   10  18  174  .333   .057
1IRA.X   0.45       14  11  23  122  .608   .090
1JIW.I   0.45       9   33  15  90   .600   .366
1JIW.P   0.45       12  28  20  450  .600   .062
1JPS.H   0.45       8   33  10  203  .800   .162
1KAC.A   0.45       6   11  9   176  .666   .062
1KAC.B   0.45       3   4   12  112  .250   .035
1KLU.D   0.45       3   6   11  219  .272   .027
Protein     Threshold  TP         FP  N   Neg  TPR    FPR
1ACB.E      0.45       9          23  13  228  .692   .100
1ACB.I      0.45       6          0   11  52   .545   0
1AHW.A      0.45       7          30  8   206  .875   .145
1AK4.A      0.45       4          13  9   156  .444   .083
1AVX.A      0.45       10         2   19  201  .526   .009
1AY7.A      0.45       5          11  9   87   .555   .126
1AY7.B      0.45       1          2   9   80   .111   .025
1BGX.H      0.45       11         21  16  189  .687   .111
1DE4.E      0.45       7          5   21  78   .333   .064
1DFJ.E      0.45       0          3   18  106  0      .028
1DFJ.I      0.45       9          13  18  438  .500   .029
1DQJ.A      0.45       7          40  7   207  1.000  .193
1E4K.C      0.45       8          7   12  160  .666   .043
1E6J.H      0.45       3          26  5   214  .600   .121
1EXB.E      0.45       3          15  3   88   1.000  .170
1F34.A      0.45       10         25  22  303  .454   .082
1FC2.D      0.45       1          25  10  196  .100   .127
1FFW.A      0.45       2          13  8   120  .250   .108
1FFW.B      0.45       8          19  10  58   .800   .327
1FLE.E      0.45       3          24  11  218  .272   .110
1GHQ.A      0.45       1          41  5   302  .200   .135
1GXD.A      0.45       1          21  21  603  .047   .034
1GXD.C      0.45       6          10  18  174  .333   .057
1IRA.X      0.45       14         11  23  122  .608   .090
1JIW.I      0.45       9          33  15  90   .600   .366
1JIW.P      0.45       12         28  20  450  .600   .062
1JPS.H      0.45       8          33  10  203  .800   .162
1KAC.A      0.45       6          11  9   176  .666   .062
1KAC.B      0.45       3          4   12  112  .250   .035
1KLU.D      0.45       3          6   11  219  .272   .027
Global_TPR  =          .462
Global_FPR  =          .088
avg_TPR     =          0.476968
avg_FPR     =          0.0977742
Protein  Threshold  TP  FP  N   Neg  TPR   FPR
1ACB.E   0.5        9   16  13  228  .692  .070
1ACB.I   0.5        6   0   11  52   .545  0
1AHW.A   0.5        6   10  8   206  .750  .048
1AK4.A   0.5        4   10  9   156  .444  .064
1AVX.A   0.5        10  2   19  201  .526  .009
1AY7.A   0.5        5   9   9   87   .555  .103
1AY7.B   0.5        1   2   9   80   .111  .025
1BGX.H   0.5        6   3   16  189  .375  .015
1DE4.E   0.5        7   4   21  78   .333  .051
1DFJ.E   0.5        0   3   18  106  0     .028
1DFJ.I   0.5        9   8   18  438  .500  .018
1DQJ.A   0.5        5   23  7   207  .714  .111
1E4K.C   0.5        8   5   12  160  .666  .031
1E6J.H   0.5        3   20  5   214  .600  .093
1EXB.E   0.5        2   7   3   88   .666  .079
1F34.A   0.5        9   19  22  303  .409  .062
1FC2.D   0.5        1   19  10  196  .100  .096
1FFW.A   0.5        2   11  8   120  .250  .091
1FFW.B   0.5        7   14  10  58   .700  .241
1FLE.E   0.5        1   10  11  218  .090  .045
1GHQ.A   0.5        0   38  5   302  0     .125
1GXD.A   0.5        1   18  21  603  .047  .029
1GXD.C   0.5        6   9   18  174  .333  .051
1IRA.X   0.5        12  11  23  122  .521  .090
1JIW.I   0.5        4   19  15  90   .266  .211
1JIW.P   0.5        10  25  20  450  .500  .055
1JPS.H   0.5        7   10  10  203  .700  .049
1KAC.A   0.5        5   10  9   176  .555  .056
1KAC.B   0.5        3   4   12  112  .250  .035
1KLU.D   0.5        3   5   11  219  .272  .022
Protein     Threshold  TP         FP  N   Neg  TPR   FPR
1ACB.E      0.5        9          16  13  228  .692  .070
1ACB.I      0.5        6          0   11  52   .545  0
1AHW.A      0.5        6          10  8   206  .750  .048
1AK4.A      0.5        4          10  9   156  .444  .064
1AVX.A      0.5        10         2   19  201  .526  .009
1AY7.A      0.5        5          9   9   87   .555  .103
1AY7.B      0.5        1          2   9   80   .111  .025
1BGX.H      0.5        6          3   16  189  .375  .015
1DE4.E      0.5        7          4   21  78   .333  .051
1DFJ.E      0.5        0          3   18  106  0     .028
1DFJ.I      0.5        9          8   18  438  .500  .018
1DQJ.A      0.5        5          23  7   207  .714  .111
1E4K.C      0.5        8          5   12  160  .666  .031
1E6J.H      0.5        3          20  5   214  .600  .093
1EXB.E      0.5        2          7   3   88   .666  .079
1F34.A      0.5        9          19  22  303  .409  .062
1FC2.D      0.5        1          19  10  196  .100  .096
1FFW.A      0.5        2          11  8   120  .250  .091
1FFW.B      0.5        7          14  10  58   .700  .241
1FLE.E      0.5        1          10  11  218  .090  .045
1GHQ.A      0.5        0          38  5   302  0     .125
1GXD.A      0.5        1          18  21  603  .047  .029
1GXD.C      0.5        6          9   18  174  .333  .051
1IRA.X      0.5        12         11  23  122  .521  .090
1JIW.I      0.5        4          19  15  90   .266  .211
1JIW.P      0.5        10         25  20  450  .500  .055
1JPS.H      0.5        7          10  10  203  .700  .049
1KAC.A      0.5        5          10  9   176  .555  .056
1KAC.B      0.5        3          4   12  112  .250  .035
1KLU.D      0.5        3          5   11  219  .272  .022
Global_TPR  =          .396
Global_FPR  =          .058
avg_TPR     =          0.402258
avg_FPR     =          0.0646129
Protein  Threshold  TP  FP  N   Neg  TPR   FPR
1ACB.E   0.55       7   11  13  228  .538  .048
1ACB.I   0.55       6   0   11  52   .545  0
1AHW.A   0.55       6   7   8   206  .750  .033
1AK4.A   0.55       4   8   9   156  .444  .051
1AVX.A   0.55       10  1   19  201  .526  .004
1AY7.A   0.55       5   5   9   87   .555  .057
1AY7.B   0.55       0   1   9   80   0     .012
1BGX.H   0.55       6   3   16  189  .375  .015
1DE4.E   0.55       6   4   21  78   .285  .051
1DFJ.E   0.55       0   3   18  106  0     .028
1DFJ.I   0.55       9   8   18  438  .500  .018
1DQJ.A   0.55       4   11  7   207  .571  .053
1E4K.C   0.55       7   3   12  160  .583  .018
1E6J.H   0.55       2   19  5   214  .400  .088
1EXB.E   0.55       2   7   3   88   .666  .079
1F34.A   0.55       7   14  22  303  .318  .046
1FC2.D   0.55       1   14  10  196  .100  .071
1FFW.A   0.55       1   4   8   120  .125  .033
1FFW.B   0.55       6   9   10  58   .600  .155
1FLE.E   0.55       1   6   11  218  .090  .027
1GHQ.A   0.55       0   33  5   302  0     .109
1GXD.A   0.55       1   17  21  603  .047  .028
1GXD.C   0.55       6   7   18  174  .333  .040
1IRA.X   0.55       11  10  23  122  .478  .081
1JIW.I   0.55       4   14  15  90   .266  .155
1JIW.P   0.55       10  19  20  450  .500  .042
1JPS.H   0.55       4   9   10  203  .400  .044
1KAC.A   0.55       4   8   9   176  .444  .045
1KAC.B   0.55       2   3   12  112  .166  .026
1KLU.D   0.55       3   4   11  219  .272  .018
Protein     Threshold  TP         FP  N   Neg  TPR   FPR
1ACB.E      0.55       7          11  13  228  .538  .048
1ACB.I      0.55       6          0   11  52   .545  0
1AHW.A      0.55       6          7   8   206  .750  .033
1AK4.A      0.55       4          8   9   156  .444  .051
1AVX.A      0.55       10         1   19  201  .526  .004
1AY7.A      0.55       5          5   9   87   .555  .057
1AY7.B      0.55       0          1   9   80   0     .012
1BGX.H      0.55       6          3   16  189  .375  .015
1DE4.E      0.55       6          4   21  78   .285  .051
1DFJ.E      0.55       0          3   18  106  0     .028
1DFJ.I      0.55       9          8   18  438  .500  .018
1DQJ.A      0.55       4          11  7   207  .571  .053
1E4K.C      0.55       7          3   12  160  .583  .018
1E6J.H      0.55       2          19  5   214  .400  .088
1EXB.E      0.55       2          7   3   88   .666  .079
1F34.A      0.55       7          14  22  303  .318  .046
1FC2.D      0.55       1          14  10  196  .100  .071
1FFW.A      0.55       1          4   8   120  .125  .033
1FFW.B      0.55       6          9   10  58   .600  .155
1FLE.E      0.55       1          6   11  218  .090  .027
1GHQ.A      0.55       0          33  5   302  0     .109
1GXD.A      0.55       1          17  21  603  .047  .028
1GXD.C      0.55       6          7   18  174  .333  .040
1IRA.X      0.55       11         10  23  122  .478  .081
1JIW.I      0.55       4          14  15  90   .266  .155
1JIW.P      0.55       10         19  20  450  .500  .042
1JPS.H      0.55       4          9   10  203  .400  .044
1KAC.A      0.55       4          8   9   176  .444  .045
1KAC.B      0.55       2          3   12  112  .166  .026
1KLU.D      0.55       3          4   11  219  .272  .018
Global_TPR  =          .352
Global_FPR  =          .044
avg_TPR     =          0.350871
avg_FPR     =          0.0475806
Protein  Threshold  TP  FP  N   Neg  TPR   FPR
1ACB.E   0.6        6   8   13  228  .461  .035
1ACB.I   0.6        5   0   11  52   .454  0
1AHW.A   0.6        6   5   8   206  .750  .024
1AK4.A   0.6        3   6   9   156  .333  .038
1AVX.A   0.6        8   0   19  201  .421  0
1AY7.A   0.6        4   5   9   87   .444  .057
1AY7.B   0.6        0   1   9   80   0     .012
1BGX.H   0.6        5   3   16  189  .312  .015
1DE4.E   0.6        5   2   21  78   .238  .025
1DFJ.E   0.6        0   3   18  106  0     .028
1DFJ.I   0.6        7   4   18  438  .388  .009
1DQJ.A   0.6        3   5   7   207  .428  .024
1E4K.C   0.6        7   3   12  160  .583  .018
1E6J.H   0.6        2   18  5   214  .400  .084
1EXB.E   0.6        2   4   3   88   .666  .045
1F34.A   0.6        4   10  22  303  .181  .033
1FC2.D   0.6        0   12  10  196  0     .061
1FFW.A   0.6        0   4   8   120  0     .033
1FFW.B   0.6        6   5   10  58   .600  .086
1FLE.E   0.6        0   6   11  218  0     .027
1GHQ.A   0.6        0   28  5   302  0     .092
1GXD.A   0.6        1   16  21  603  .047  .026
1GXD.C   0.6        3   6   18  174  .166  .034
1IRA.X   0.6        10  8   23  122  .434  .065
1JIW.I   0.6        4   12  15  90   .266  .133
1JIW.P   0.6        6   16  20  450  .300  .035
1JPS.H   0.6        3   6   10  203  .300  .029
1KAC.A   0.6        2   6   9   176  .222  .034
1KAC.B   0.6        2   2   12  112  .166  .017
1KLU.D   0.6        3   4   11  219  .272  .018
Protein     Threshold  TP         FP  N   Neg  TPR   FPR
1ACB.E      0.6        6          8   13  228  .461  .035
1ACB.I      0.6        5          0   11  52   .454  0
1AHW.A      0.6        6          5   8   206  .750  .024
1AK4.A      0.6        3          6   9   156  .333  .038
1AVX.A      0.6        8          0   19  201  .421  0
1AY7.A      0.6        4          5   9   87   .444  .057
1AY7.B      0.6        0          1   9   80   0     .012
1BGX.H      0.6        5          3   16  189  .312  .015
1DE4.E      0.6        5          2   21  78   .238  .025
1DFJ.E      0.6        0          3   18  106  0     .028
1DFJ.I      0.6        7          4   18  438  .388  .009
1DQJ.A      0.6        3          5   7   207  .428  .024
1E4K.C      0.6        7          3   12  160  .583  .018
1E6J.H      0.6        2          18  5   214  .400  .084
1EXB.E      0.6        2          4   3   88   .666  .045
1F34.A      0.6        4          10  22  303  .181  .033
1FC2.D      0.6        0          12  10  196  0     .061
1FFW.A      0.6        0          4   8   120  0     .033
1FFW.B      0.6        6          5   10  58   .600  .086
1FLE.E      0.6        0          6   11  218  0     .027
1GHQ.A      0.6        0          28  5   302  0     .092
1GXD.A      0.6        1          16  21  603  .047  .026
1GXD.C      0.6        3          6   18  174  .166  .034
1IRA.X      0.6        10         8   23  122  .434  .065
1JIW.I      0.6        4          12  15  90   .266  .133
1JIW.P      0.6        6          16  20  450  .300  .035
1JPS.H      0.6        3          6   10  203  .300  .029
1KAC.A      0.6        2          6   9   176  .222  .034
1KAC.B      0.6        2          2   12  112  .166  .017
1KLU.D      0.6        3          4   11  219  .272  .018
Global_TPR  =          .279
Global_FPR  =          .035
avg_TPR     =          0.284903
avg_FPR     =          0.0366774
Protein  Threshold  TP  FP  N   Neg  TPR   FPR
1ACB.E   0.65       6   3   13  228  .461  .013
1ACB.I   0.65       5   0   11  52   .454  0
1AHW.A   0.65       5   1   8   206  .625  .004
1AK4.A   0.65       3   2   9   156  .333  .012
1AVX.A   0.65       6   0   19  201  .315  0
1AY7.A   0.65       1   4   9   87   .111  .045
1AY7.B   0.65       0   1   9   80   0     .012
1BGX.H   0.65       5   2   16  189  .312  .010
1DE4.E   0.65       4   2   21  78   .190  .025
1DFJ.E   0.65       0   3   18  106  0     .028
1DFJ.I   0.65       5   3   18  438  .277  .006
1DQJ.A   0.65       2   5   7   207  .285  .024
1E4K.C   0.65       6   2   12  160  .500  .012
1E6J.H   0.65       2   14  5   214  .400  .065
1EXB.E   0.65       2   2   3   88   .666  .022
1F34.A   0.65       4   6   22  303  .181  .019
1FC2.D   0.65       0   11  10  196  0     .056
1FFW.A   0.65       0   4   8   120  0     .033
1FFW.B   0.65       4   5   10  58   .400  .086
1FLE.E   0.65       0   5   11  218  0     .022
1GHQ.A   0.65       0   24  5   302  0     .079
1GXD.A   0.65       1   13  21  603  .047  .021
1GXD.C   0.65       3   4   18  174  .166  .022
1IRA.X   0.65       7   6   23  122  .304  .049
1JIW.I   0.65       4   8   15  90   .266  .088
1JIW.P   0.65       6   13  20  450  .300  .028
1JPS.H   0.65       3   6   10  203  .300  .029
1KAC.A   0.65       1   2   9   176  .111  .011
1KAC.B   0.65       1   2   12  112  .083  .017
1KLU.D   0.65       3   4   11  219  .272  .018
Protein     Threshold  TP         FP  N   Neg  TPR   FPR
1ACB.E      0.65       6          3   13  228  .461  .013
1ACB.I      0.65       5          0   11  52   .454  0
1AHW.A      0.65       5          1   8   206  .625  .004
1AK4.A      0.65       3          2   9   156  .333  .012
1AVX.A      0.65       6          0   19  201  .315  0
1AY7.A      0.65       1          4   9   87   .111  .045
1AY7.B      0.65       0          1   9   80   0     .012
1BGX.H      0.65       5          2   16  189  .312  .010
1DE4.E      0.65       4          2   21  78   .190  .025
1DFJ.E      0.65       0          3   18  106  0     .028
1DFJ.I      0.65       5          3   18  438  .277  .006
1DQJ.A      0.65       2          5   7   207  .285  .024
1E4K.C      0.65       6          2   12  160  .500  .012
1E6J.H      0.65       2          14  5   214  .400  .065
1EXB.E      0.65       2          2   3   88   .666  .022
1F34.A      0.65       4          6   22  303  .181  .019
1FC2.D      0.65       0          11  10  196  0     .056
1FFW.A      0.65       0          4   8   120  0     .033
1FFW.B      0.65       4          5   10  58   .400  .086
1FLE.E      0.65       0          5   11  218  0     .022
1GHQ.A      0.65       0          24  5   302  0     .079
1GXD.A      0.65       1          13  21  603  .047  .021
1GXD.C      0.65       3          4   18  174  .166  .022
1IRA.X      0.65       7          6   23  122  .304  .049
1JIW.I      0.65       4          8   15  90   .266  .088
1JIW.P      0.65       6          13  20  450  .300  .028
1JPS.H      0.65       3          6   10  203  .300  .029
1KAC.A      0.65       1          2   9   176  .111  .011
1KAC.B      0.65       1          2   12  112  .083  .017
1KLU.D      0.65       3          4   11  219  .272  .018
Global_TPR  =          .232
Global_FPR  =          .026
avg_TPR     =          0.237387
avg_FPR     =          0.0276129
Protein  Threshold  TP  FP  N   Neg  TPR   FPR
1ACB.E   0.7        4   3   13  228  .307  .013
1ACB.I   0.7        3   0   11  52   .272  0
1AHW.A   0.7        5   1   8   206  .625  .004
1AK4.A   0.7        3   2   9   156  .333  .012
1AVX.A   0.7        5   0   19  201  .263  0
1AY7.A   0.7        1   2   9   87   .111  .022
1AY7.B   0.7        0   1   9   80   0     .012
1BGX.H   0.7        5   1   16  189  .312  .005
1DE4.E   0.7        2   1   21  78   .095  .012
1DFJ.E   0.7        0   2   18  106  0     .018
1DFJ.I   0.7        4   2   18  438  .222  .004
1DQJ.A   0.7        2   4   7   207  .285  .019
1E4K.C   0.7        6   1   12  160  .500  .006
1E6J.H   0.7        2   9   5   214  .400  .042
1EXB.E   0.7        0   2   3   88   0     .022
1F34.A   0.7        3   5   22  303  .136  .016
1FC2.D   0.7        0   8   10  196  0     .040
1FFW.A   0.7        0   3   8   120  0     .025
1FFW.B   0.7        4   2   10  58   .400  .034
1FLE.E   0.7        0   4   11  218  0     .018
1GHQ.A   0.7        0   21  5   302  0     .069
1GXD.A   0.7        1   8   21  603  .047  .013
1GXD.C   0.7        3   4   18  174  .166  .022
1IRA.X   0.7        6   6   23  122  .260  .049
1JIW.I   0.7        3   6   15  90   .200  .066
1JIW.P   0.7        6   11  20  450  .300  .024
1JPS.H   0.7        1   5   10  203  .100  .024
1KAC.A   0.7        1   2   9   176  .111  .011
1KAC.B   0.7        0   2   12  112  0     .017
1KLU.D   0.7        3   3   11  219  .272  .013
Protein     Threshold  TP         FP  N   Neg  TPR   FPR
1ACB.E      0.7        4          3   13  228  .307  .013
1ACB.I      0.7        3          0   11  52   .272  0
1AHW.A      0.7        5          1   8   206  .625  .004
1AK4.A      0.7        3          2   9   156  .333  .012
1AVX.A      0.7        5          0   19  201  .263  0
1AY7.A      0.7        1          2   9   87   .111  .022
1AY7.B      0.7        0          1   9   80   0     .012
1BGX.H      0.7        5          1   16  189  .312  .005
1DE4.E      0.7        2          1   21  78   .095  .012
1DFJ.E      0.7        0          2   18  106  0     .018
1DFJ.I      0.7        4          2   18  438  .222  .004
1DQJ.A      0.7        2          4   7   207  .285  .019
1E4K.C      0.7        6          1   12  160  .500  .006
1E6J.H      0.7        2          9   5   214  .400  .042
1EXB.E      0.7        0          2   3   88   0     .022
1F34.A      0.7        3          5   22  303  .136  .016
1FC2.D      0.7        0          8   10  196  0     .040
1FFW.A      0.7        0          3   8   120  0     .025
1FFW.B      0.7        4          2   10  58   .400  .034
1FLE.E      0.7        0          4   11  218  0     .018
1GHQ.A      0.7        0          21  5   302  0     .069
1GXD.A      0.7        1          8   21  603  .047  .013
1GXD.C      0.7        3          4   18  174  .166  .022
1IRA.X      0.7        6          6   23  122  .260  .049
1JIW.I      0.7        3          6   15  90   .200  .066
1JIW.P      0.7        6          11  20  450  .300  .024
1JPS.H      0.7        1          5   10  203  .100  .024
1KAC.A      0.7        1          2   9   176  .111  .011
1KAC.B      0.7        0          2   12  112  0     .017
1KLU.D      0.7        3          3   11  219  .272  .013
Global_TPR  =          .190
Global_FPR  =          .020
avg_TPR     =          0.184419
avg_FPR     =          0.0203871
Protein  Threshold  TP  FP  N   Neg  TPR   FPR
1ACB.E   0.75       3   2   13  228  .230  .008
1ACB.I   0.75       1   0   11  52   .090  0
1AHW.A   0.75       5   1   8   206  .625  .004
1AK4.A   0.75       2   1   9   156  .222  .006
1AVX.A   0.75       5   0   19  201  .263  0
1AY7.A   0.75       0   2   9   87   0     .022
1AY7.B   0.75       0   1   9   80   0     .012
1BGX.H   0.75       4   1   16  189  .250  .005
1DE4.E   0.75       2   0   21  78   .095  0
1DFJ.E   0.75       0   2   18  106  0     .018
1DFJ.I   0.75       2   1   18  438  .111  .002
1DQJ.A   0.75       1   3   7   207  .142  .014
1E4K.C   0.75       1   1   12  160  .083  .006
1E6J.H   0.75       2   7   5   214  .400  .032
1EXB.E   0.75       0   2   3   88   0     .022
1F34.A   0.75       2   4   22  303  .090  .013
1FC2.D   0.75       0   8   10  196  0     .040
1FFW.A   0.75       0   1   8   120  0     .008
1FFW.B   0.75       2   2   10  58   .200  .034
1FLE.E   0.75       0   3   11  218  0     .013
1GHQ.A   0.75       0   9   5   302  0     .029
1GXD.A   0.75       1   6   21  603  .047  .009
1GXD.C   0.75       2   3   18  174  .111  .017
1IRA.X   0.75       5   4   23  122  .217  .032
1JIW.I   0.75       3   5   15  90   .200  .055
1JIW.P   0.75       6   8   20  450  .300  .017
1JPS.H   0.75       1   5   10  203  .100  .024
1KAC.A   0.75       1   2   9   176  .111  .011
1KAC.B   0.75       0   2   12  112  0     .017
1KLU.D   0.75       3   3   11  219  .272  .013
Protein     Threshold  TP         FP  N   Neg  TPR   FPR
1ACB.E      0.75       3          2   13  228  .230  .008
1ACB.I      0.75       1          0   11  52   .090  0
1AHW.A      0.75       5          1   8   206  .625  .004
1AK4.A      0.75       2          1   9   156  .222  .006
1AVX.A      0.75       5          0   19  201  .263  0
1AY7.A      0.75       0          2   9   87   0     .022
1AY7.B      0.75       0          1   9   80   0     .012
1BGX.H      0.75       4          1   16  189  .250  .005
1DE4.E      0.75       2          0   21  78   .095  0
1DFJ.E      0.75       0          2   18  106  0     .018
1DFJ.I      0.75       2          1   18  438  .111  .002
1DQJ.A      0.75       1          3   7   207  .142  .014
1E4K.C      0.75       1          1   12  160  .083  .006
1E6J.H      0.75       2          7   5   214  .400  .032
1EXB.E      0.75       0          2   3   88   0     .022
1F34.A      0.75       2          4   22  303  .090  .013
1FC2.D      0.75       0          8   10  196  0     .040
1FFW.A      0.75       0          1   8   120  0     .008
1FFW.B      0.75       2          2   10  58   .200  .034
1FLE.E      0.75       0          3   11  218  0     .013
1GHQ.A      0.75       0          9   5   302  0     .029
1GXD.A      0.75       1          6   21  603  .047  .009
1GXD.C      0.75       2          3   18  174  .111  .017
1IRA.X      0.75       5          4   23  122  .217  .032
1JIW.I      0.75       3          5   15  90   .200  .055
1JIW.P      0.75       6          8   20  450  .300  .017
1JPS.H      0.75       1          5   10  203  .100  .024
1KAC.A      0.75       1          2   9   176  .111  .011
1KAC.B      0.75       0          2   12  112  0     .017
1KLU.D      0.75       3          3   11  219  .272  .013
Global_TPR  =          .140
Global_FPR  =          .015
avg_TPR     =          0.134161
avg_FPR     =          0.0155806
Protein  Threshold  TP  FP  N   Neg  TPR   FPR
1ACB.E   0.8        2   0   13  228  .153  0
1ACB.I   0.8        1   0   11  52   .090  0
1AHW.A   0.8        5   0   8   206  .625  0
1AK4.A   0.8        2   1   9   156  .222  .006
1AVX.A   0.8        3   0   19  201  .157  0
1AY7.A   0.8        0   1   9   87   0     .011
1AY7.B   0.8        0   1   9   80   0     .012
1BGX.H   0.8        3   1   16  189  .187  .005
1DE4.E   0.8        2   0   21  78   .095  0
1DFJ.E   0.8        0   2   18  106  0     .018
1DFJ.I   0.8        1   1   18  438  .055  .002
1DQJ.A   0.8        1   3   7   207  .142  .014
1E4K.C   0.8        1   0   12  160  .083  0
1E6J.H   0.8        2   7   5   214  .400  .032
1EXB.E   0.8        0   1   3   88   0     .011
1F34.A   0.8        1   4   22  303  .045  .013
1FC2.D   0.8        0   5   10  196  0     .025
1FFW.A   0.8        0   1   8   120  0     .008
1FFW.B   0.8        0   1   10  58   0     .017
1FLE.E   0.8        0   3   11  218  0     .013
1GHQ.A   0.8        0   7   5   302  0     .023
1GXD.A   0.8        0   4   21  603  0     .006
1GXD.C   0.8        2   3   18  174  .111  .017
1IRA.X   0.8        5   3   23  122  .217  .024
1JIW.I   0.8        1   4   15  90   .066  .044
1JIW.P   0.8        6   6   20  450  .300  .013
1JPS.H   0.8        0   4   10  203  0     .019
1KAC.A   0.8        0   2   9   176  0     .011
1KAC.B   0.8        0   2   12  112  0     .017
1KLU.D   0.8        3   3   11  219  .272  .013
Protein     Threshold  TP         FP  N   Neg  TPR   FPR
1ACB.E      0.8        2          0   13  228  .153  0
1ACB.I      0.8        1          0   11  52   .090  0
1AHW.A      0.8        5          0   8   206  .625  0
1AK4.A      0.8        2          1   9   156  .222  .006
1AVX.A      0.8        3          0   19  201  .157  0
1AY7.A      0.8        0          1   9   87   0     .011
1AY7.B      0.8        0          1   9   80   0     .012
1BGX.H      0.8        3          1   16  189  .187  .005
1DE4.E      0.8        2          0   21  78   .095  0
1DFJ.E      0.8        0          2   18  106  0     .018
1DFJ.I      0.8        1          1   18  438  .055  .002
1DQJ.A      0.8        1          3   7   207  .142  .014
1E4K.C      0.8        1          0   12  160  .083  0
1E6J.H      0.8        2          7   5   214  .400  .032
1EXB.E      0.8        0          1   3   88   0     .011
1F34.A      0.8        1          4   22  303  .045  .013
1FC2.D      0.8        0          5   10  196  0     .025
1FFW.A      0.8        0          1   8   120  0     .008
1FFW.B      0.8        0          1   10  58   0     .017
1FLE.E      0.8        0          3   11  218  0     .013
1GHQ.A      0.8        0          7   5   302  0     .023
1GXD.A      0.8        0          4   21  603  0     .006
1GXD.C      0.8        2          3   18  174  .111  .017
1IRA.X      0.8        5          3   23  122  .217  .024
1JIW.I      0.8        1          4   15  90   .066  .044
1JIW.P      0.8        6          6   20  450  .300  .013
1JPS.H      0.8        0          4   10  203  0     .019
1KAC.A      0.8        0          2   9   176  0     .011
1KAC.B      0.8        0          2   12  112  0     .017
1KLU.D      0.8        3          3   11  219  .272  .013
Global_TPR  =          .107
Global_FPR  =          .011
avg_TPR     =          0.103871
avg_FPR     =          0.0120645
Protein  Threshold  TP  FP  N   Neg  TPR   FPR
1ACB.E   0.85       2   0   13  228  .153  0
1ACB.I   0.85       1   0   11  52   .090  0
1AHW.A   0.85       5   0   8   206  .625  0
1AK4.A   0.85       2   1   9   156  .222  .006
1AVX.A   0.85       3   0   19  201  .157  0
1AY7.A   0.85       0   1   9   87   0     .011
1AY7.B   0.85       0   1   9   80   0     .012
1BGX.H   0.85       2   1   16  189  .125  .005
1DE4.E   0.85       2   0   21  78   .095  0
1DFJ.E   0.85       0   2   18  106  0     .018
1DFJ.I   0.85       1   1   18  438  .055  .002
1DQJ.A   0.85       1   1   7   207  .142  .004
1E4K.C   0.85       1   0   12  160  .083  0
1E6J.H   0.85       1   4   5   214  .200  .018
1EXB.E   0.85       0   1   3   88   0     .011
1F34.A   0.85       1   3   22  303  .045  .009
1FC2.D   0.85       0   4   10  196  0     .020
1FFW.A   0.85       0   1   8   120  0     .008
1FFW.B   0.85       0   1   10  58   0     .017
1FLE.E   0.85       0   2   11  218  0     .009
1GHQ.A   0.85       0   3   5   302  0     .009
1GXD.A   0.85       0   3   21  603  0     .004
1GXD.C   0.85       2   2   18  174  .111  .011
1IRA.X   0.85       4   3   23  122  .173  .024
1JIW.I   0.85       1   2   15  90   .066  .022
1JIW.P   0.85       5   6   20  450  .250  .013
1JPS.H   0.85       0   4   10  203  0     .019
1KAC.A   0.85       0   1   9   176  0     .005
1KAC.B   0.85       0   1   12  112  0     .008
1KLU.D   0.85       3   3   11  219  .272  .013
Protein     Threshold  TP          FP  N   Neg  TPR   FPR
1ACB.E      0.85       2           0   13  228  .153  0
1ACB.I      0.85       1           0   11  52   .090  0
1AHW.A      0.85       5           0   8   206  .625  0
1AK4.A      0.85       2           1   9   156  .222  .006
1AVX.A      0.85       3           0   19  201  .157  0
1AY7.A      0.85       0           1   9   87   0     .011
1AY7.B      0.85       0           1   9   80   0     .012
1BGX.H      0.85       2           1   16  189  .125  .005
1DE4.E      0.85       2           0   21  78   .095  0
1DFJ.E      0.85       0           2   18  106  0     .018
1DFJ.I      0.85       1           1   18  438  .055  .002
1DQJ.A      0.85       1           1   7   207  .142  .004
1E4K.C      0.85       1           0   12  160  .083  0
1E6J.H      0.85       1           4   5   214  .200  .018
1EXB.E      0.85       0           1   3   88   0     .011
1F34.A      0.85       1           3   22  303  .045  .009
1FC2.D      0.85       0           4   10  196  0     .020
1FFW.A      0.85       0           1   8   120  0     .008
1FFW.B      0.85       0           1   10  58   0     .017
1FLE.E      0.85       0           2   11  218  0     .009
1GHQ.A      0.85       0           3   5   302  0     .009
1GXD.A      0.85       0           3   21  603  0     .004
1GXD.C      0.85       2           2   18  174  .111  .011
1IRA.X      0.85       4           3   23  122  .173  .024
1JIW.I      0.85       1           2   15  90   .066  .022
1JIW.P      0.85       5           6   20  450  .250  .013
1JPS.H      0.85       0           4   10  203  0     .019
1KAC.A      0.85       0           1   9   176  0     .005
1KAC.B      0.85       0           1   12  112  0     .008
1KLU.D      0.85       3           3   11  219  .272  .013
Global_TPR  =          .096
Global_FPR  =          .008
avg_TPR     =          0.0923871
avg_FPR     =          0.00896774
Protein  Threshold  TP  FP  N   Neg  TPR   FPR
1ACB.E   0.9        1   0   13  228  .076  0
1ACB.I   0.9        1   0   11  52   .090  0
1AHW.A   0.9        4   0   8   206  .500  0
1AK4.A   0.9        1   0   9   156  .111  0
1AVX.A   0.9        2   0   19  201  .105  0
1AY7.A   0.9        0   1   9   87   0     .011
1AY7.B   0.9        0   1   9   80   0     .012
1BGX.H   0.9        2   1   16  189  .125  .005
1DE4.E   0.9        1   0   21  78   .047  0
1DFJ.E   0.9        0   2   18  106  0     .018
1DFJ.I   0.9        1   1   18  438  .055  .002
1DQJ.A   0.9        1   1   7   207  .142  .004
1E4K.C   0.9        1   0   12  160  .083  0
1E6J.H   0.9        1   4   5   214  .200  .018
1EXB.E   0.9        0   1   3   88   0     .011
1F34.A   0.9        0   2   22  303  0     .006
1FC2.D   0.9        0   2   10  196  0     .010
1FFW.A   0.9        0   1   8   120  0     .008
1FFW.B   0.9        0   1   10  58   0     .017
1FLE.E   0.9        0   2   11  218  0     .009
1GHQ.A   0.9        0   1   5   302  0     .003
1GXD.A   0.9        0   3   21  603  0     .004
1GXD.C   0.9        2   1   18  174  .111  .005
1IRA.X   0.9        3   2   23  122  .130  .016
1JIW.I   0.9        0   2   15  90   0     .022
1JIW.P   0.9        3   5   20  450  .150  .011
1JPS.H   0.9        0   1   10  203  0     .004
1KAC.A   0.9        0   1   9   176  0     .005
1KAC.B   0.9        0   1   12  112  0     .008
1KLU.D   0.9        1   3   11  219  .090  .013
Protein     Threshold  TP          FP  N   Neg  TPR   FPR
1ACB.E      0.9        1           0   13  228  .076  0
1ACB.I      0.9        1           0   11  52   .090  0
1AHW.A      0.9        4           0   8   206  .500  0
1AK4.A      0.9        1           0   9   156  .111  0
1AVX.A      0.9        2           0   19  201  .105  0
1AY7.A      0.9        0           1   9   87   0     .011
1AY7.B      0.9        0           1   9   80   0     .012
1BGX.H      0.9        2           1   16  189  .125  .005
1DE4.E      0.9        1           0   21  78   .047  0
1DFJ.E      0.9        0           2   18  106  0     .018
1DFJ.I      0.9        1           1   18  438  .055  .002
1DQJ.A      0.9        1           1   7   207  .142  .004
1E4K.C      0.9        1           0   12  160  .083  0
1E6J.H      0.9        1           4   5   214  .200  .018
1EXB.E      0.9        0           1   3   88   0     .011
1F34.A      0.9        0           2   22  303  0     .006
1FC2.D      0.9        0           2   10  196  0     .010
1FFW.A      0.9        0           1   8   120  0     .008
1FFW.B      0.9        0           1   10  58   0     .017
1FLE.E      0.9        0           2   11  218  0     .009
1GHQ.A      0.9        0           1   5   302  0     .003
1GXD.A      0.9        0           3   21  603  0     .004
1GXD.C      0.9        2           1   18  174  .111  .005
1IRA.X      0.9        3           2   23  122  .130  .016
1JIW.I      0.9        0           2   15  90   0     .022
1JIW.P      0.9        3           5   20  450  .150  .011
1JPS.H      0.9        0           1   10  203  0     .004
1KAC.A      0.9        0           1   9   176  0     .005
1KAC.B      0.9        0           1   12  112  0     .008
1KLU.D      0.9        1           3   11  219  .090  .013
Global_TPR  =          .065
Global_FPR  =          .006
avg_TPR     =          0.065
avg_FPR     =          0.00716129
Protein  Threshold  TP  FP  N   Neg  TPR   FPR
1ACB.E   0.95       1   0   13  228  .076  0
1ACB.I   0.95       1   0   11  52   .090  0
1AHW.A   0.95       1   0   8   206  .125  0
1AK4.A   0.95       1   0   9   156  .111  0
1AVX.A   0.95       1   0   19  201  .052  0
1AY7.A   0.95       0   1   9   87   0     .011
1AY7.B   0.95       0   1   9   80   0     .012
1BGX.H   0.95       1   1   16  189  .062  .005
1DE4.E   0.95       1   0   21  78   .047  0
1DFJ.E   0.95       0   2   18  106  0     .018
1DFJ.I   0.95       1   1   18  438  .055  .002
1DQJ.A   0.95       1   0   7   207  .142  0
1E4K.C   0.95       1   0   12  160  .083  0
1E6J.H   0.95       1   1   5   214  .200  .004
1EXB.E   0.95       0   1   3   88   0     .011
1F34.A   0.95       0   1   22  303  0     .003
1FC2.D   0.95       0   1   10  196  0     .005
1FFW.A   0.95       0   1   8   120  0     .008
1FFW.B   0.95       0   1   10  58   0     .017
1FLE.E   0.95       0   2   11  218  0     .009
1GHQ.A   0.95       0   1   5   302  0     .003
1GXD.A   0.95       0   1   21  603  0     .001
1GXD.C   0.95       1   1   18  174  .055  .005
1IRA.X   0.95       1   2   23  122  .043  .016
1JIW.I   0.95       0   2   15  90   0     .022
1JIW.P   0.95       0   4   20  450  0     .008
1JPS.H   0.95       0   1   10  203  0     .004
1KAC.A   0.95       0   1   9   176  0     .005
1KAC.B   0.95       0   1   12  112  0     .008
1KLU.D   0.95       0   1   11  219  0     .004
Protein     Threshold  TP          FP  N   Neg  TPR   FPR
1ACB.E      0.95       1           0   13  228  .076  0
1ACB.I      0.95       1           0   11  52   .090  0
1AHW.A      0.95       1           0   8   206  .125  0
1AK4.A      0.95       1           0   9   156  .111  0
1AVX.A      0.95       1           0   19  201  .052  0
1AY7.A      0.95       0           1   9   87   0     .011
1AY7.B      0.95       0           1   9   80   0     .012
1BGX.H      0.95       1           1   16  189  .062  .005
1DE4.E      0.95       1           0   21  78   .047  0
1DFJ.E      0.95       0           2   18  106  0     .018
1DFJ.I      0.95       1           1   18  438  .055  .002
1DQJ.A      0.95       1           0   7   207  .142  0
1E4K.C      0.95       1           0   12  160  .083  0
1E6J.H      0.95       1           1   5   214  .200  .004
1EXB.E      0.95       0           1   3   88   0     .011
1F34.A      0.95       0           1   22  303  0     .003
1FC2.D      0.95       0           1   10  196  0     .005
1FFW.A      0.95       0           1   8   120  0     .008
1FFW.B      0.95       0           1   10  58   0     .017
1FLE.E      0.95       0           2   11  218  0     .009
1GHQ.A      0.95       0           1   5   302  0     .003
1GXD.A      0.95       0           1   21  603  0     .001
1GXD.C      0.95       1           1   18  174  .055  .005
1IRA.X      0.95       1           2   23  122  .043  .016
1JIW.I      0.95       0           2   15  90   0     .022
1JIW.P      0.95       0           4   20  450  0     .008
1JPS.H      0.95       0           1   10  203  0     .004
1KAC.A      0.95       0           1   9   176  0     .005
1KAC.B      0.95       0           1   12  112  0     .008
1KLU.D      0.95       0           1   11  219  0     .004
Global_TPR  =          .033
Global_FPR  =          .004
avg_TPR     =          0.0368065
avg_FPR     =          0.00583871
Protein     Threshold  TP        FP   N   Neg  TPR    FPR
1ACB.E      0          13        228  13  228  1.000  1.000
1ACB.I      0          11        52   11  52   1.000  1.000
1AHW.A      0          8         206  8   206  1.000  1.000
1AK4.A      0          9         156  9   156  1.000  1.000
1AVX.A      0          19        201  19  201  1.000  1.000
1AY7.A      0          9         87   9   87   1.000  1.000
1AY7.B      0          9         80   9   80   1.000  1.000
1BGX.H      0          16        189  16  189  1.000  1.000
1DE4.E      0          21        78   21  78   1.000  1.000
1DFJ.E      0          18        106  18  106  1.000  1.000
1DFJ.I      0          18        438  18  438  1.000  1.000
1DQJ.A      0          7         207  7   207  1.000  1.000
1E4K.C      0          12        160  12  160  1.000  1.000
1E6J.H      0          5         214  5   214  1.000  1.000
1EXB.E      0          3         88   3   88   1.000  1.000
1F34.A      0          22        303  22  303  1.000  1.000
1FC2.D      0          10        197  10  196  1.000  1.005
1FFW.A      0          8         120  8   120  1.000  1.000
1FFW.B      0          10        58   10  58   1.000  1.000
1FLE.E      0          11        218  11  218  1.000  1.000
1GHQ.A      0          5         302  5   302  1.000  1.000
1GXD.A      0          21        603  21  603  1.000  1.000
1GXD.C      0          18        174  18  174  1.000  1.000
1IRA.X      0          23        122  23  122  1.000  1.000
1JIW.I      0          15        90   15  90   1.000  1.000
1JIW.P      0          20        450  20  450  1.000  1.000
1JPS.H      0          10        203  10  203  1.000  1.000
1KAC.A      0          9         176  9   176  1.000  1.000
1KAC.B      0          12        112  12  112  1.000  1.000
1KLU.D      0          11        219  11  219  1.000  1.000
Global_TPR  =          1.000
Global_FPR  =          1.000
avg_TPR     =          0.967742
avg_FPR     =          0.967903
Protein  Threshold  TP  FP  N   Neg  TPR   FPR
1ACB.E   1          1   0   13  228  .076  0
1ACB.I   1          1   0   11  52   .090  0
1AHW.A   1          1   0   8   206  .125  0
1AK4.A   1          1   0   9   156  .111  0
1AVX.A   1          1   0   19  201  .052  0
1AY7.A   1          0   1   9   87   0     .011
1AY7.B   1          0   1   9   80   0     .012
1BGX.H   1          0   1   16  189  0     .005
1DE4.E   1          1   0   21  78   .047  0
1DFJ.E   1          0   2   18  106  0     .018
1DFJ.I   1          0   1   18  438  0     .002
1DQJ.A   1          1   0   7   207  .142  0
1E4K.C   1          1   0   12  160  .083  0
1E6J.H   1          0   1   5   214  0     .004
1EXB.E   1          0   1   3   88   0     .011
1F34.A   1          0   1   22  303  0     .003
1FC2.D   1          0   1   10  196  0     .005
1FFW.A   1          0   1   8   120  0     .008
1FFW.B   1          0   1   10  58   0     .017
1FLE.E   1          0   1   11  218  0     .004
1GHQ.A   1          0   1   5   302  0     .003
1GXD.A   1          0   1   21  603  0     .001
1GXD.C   1          0   1   18  174  0     .005
1IRA.X   1          0   1   23  122  0     .008
1JIW.I   1          0   1   15  90   0     .011
1JIW.P   1          0   1   20  450  0     .002
1JPS.H   1          0   1   10  203  0     .004
1KAC.A   1          0   1   9   176  0     .005
1KAC.B   1          0   1   12  112  0     .008
1KLU.D   1          0   1   11  219  0     .004
Protein  Threshold  TP  FP  N   Neg  TPR  FPR
1ACB.E   1.05       0   0   13  228  0    0
1ACB.I   1.05       0   0   11  52   0    0
1AHW.A   1.05       0   0   8   206  0    0
1AK4.A   1.05       0   0   9   156  0    0
1AVX.A   1.05       0   0   19  201  0    0
1AY7.A   1.05       0   0   9   87   0    0
1AY7.B   1.05       0   0   9   80   0    0
1BGX.H   1.05       0   0   16  189  0    0
1DE4.E   1.05       0   0   21  78   0    0
1DFJ.E   1.05       0   0   18  106  0    0
1DFJ.I   1.05       0   0   18  438  0    0
1DQJ.A   1.05       0   0   7   207  0    0
1E4K.C   1.05       0   0   12  160  0    0
1E6J.H   1.05       0   0   5   214  0    0
1EXB.E   1.05       0   0   3   88   0    0
1F34.A   1.05       0   0   22  303  0    0
1FC2.D   1.05       0   0   10  196  0    0
1FFW.A   1.05       0   0   8   120  0    0
1FFW.B   1.05       0   0   10  58   0    0
1FLE.E   1.05       0   0   11  218  0    0
1GHQ.A   1.05       0   0   5   302  0    0
1GXD.A   1.05       0   0   21  603  0    0
1GXD.C   1.05       0   0   18  174  0    0
1IRA.X   1.05       0   0   23  122  0    0
1JIW.I   1.05       0   0   15  90   0    0
1JIW.P   1.05       0   0   20  450  0    0
1JPS.H   1.05       0   0   10  203  0    0
1KAC.A   1.05       0   0   9   176  0    0
1KAC.B   1.05       0   0   12  112  0    0
1KLU.D   1.05       0   0   11  219  0    0
Protein     Threshold  TP  FP  N   Neg  TPR  FPR
1ACB.E      1.05       0   0   13  228  0    0
1ACB.I      1.05       0   0   11  52   0    0
1AHW.A      1.05       0   0   8   206  0    0
1AK4.A      1.05       0   0   9   156  0    0
1AVX.A      1.05       0   0   19  201  0    0
1AY7.A      1.05       0   0   9   87   0    0
1AY7.B      1.05       0   0   9   80   0    0
1BGX.H      1.05       0   0   16  189  0    0
1DE4.E      1.05       0   0   21  78   0    0
1DFJ.E      1.05       0   0   18  106  0    0
1DFJ.I      1.05       0   0   18  438  0    0
1DQJ.A      1.05       0   0   7   207  0    0
1E4K.C      1.05       0   0   12  160  0    0
1E6J.H      1.05       0   0   5   214  0    0
1EXB.E      1.05       0   0   3   88   0    0
1F34.A      1.05       0   0   22  303  0    0
1FC2.D      1.05       0   0   10  196  0    0
1FFW.A      1.05       0   0   8   120  0    0
1FFW.B      1.05       0   0   10  58   0    0
1FLE.E      1.05       0   0   11  218  0    0
1GHQ.A      1.05       0   0   5   302  0    0
1GXD.A      1.05       0   0   21  603  0    0
1GXD.C      1.05       0   0   18  174  0    0
1IRA.X      1.05       0   0   23  122  0    0
1JIW.I      1.05       0   0   15  90   0    0
1JIW.P      1.05       0   0   20  450  0    0
1JPS.H      1.05       0   0   10  203  0    0
1KAC.A      1.05       0   0   9   176  0    0
1KAC.B      1.05       0   0   12  112  0    0
1KLU.D      1.05       0   0   11  219  0    0
Global_TPR  =          0
Global_FPR  =          0
avg_TPR     =          0
avg_FPR     =          0
Protein     Threshold  TP          FP  N   Neg  TPR   FPR
1ACB.E      1          1           0   13  228  .076  0
1ACB.I      1          1           0   11  52   .090  0
1AHW.A      1          1           0   8   206  .125  0
1AK4.A      1          1           0   9   156  .111  0
1AVX.A      1          1           0   19  201  .052  0
1AY7.A      1          0           1   9   87   0     .011
1AY7.B      1          0           1   9   80   0     .012
1BGX.H      1          0           1   16  189  0     .005
1DE4.E      1          1           0   21  78   .047  0
1DFJ.E      1          0           2   18  106  0     .018
1DFJ.I      1          0           1   18  438  0     .002
1DQJ.A      1          1           0   7   207  .142  0
1E4K.C      1          1           0   12  160  .083  0
1E6J.H      1          0           1   5   214  0     .004
1EXB.E      1          0           1   3   88   0     .011
1F34.A      1          0           1   22  303  0     .003
1FC2.D      1          0           1   10  196  0     .005
1FFW.A      1          0           1   8   120  0     .008
1FFW.B      1          0           1   10  58   0     .017
1FLE.E      1          0           1   11  218  0     .004
1GHQ.A      1          0           1   5   302  0     .003
1GXD.A      1          0           1   21  603  0     .001
1GXD.C      1          0           1   18  174  0     .005
1IRA.X      1          0           1   23  122  0     .008
1JIW.I      1          0           1   15  90   0     .011
1JIW.P      1          0           1   20  450  0     .002
1JPS.H      1          0           1   10  203  0     .004
1KAC.A      1          0           1   9   176  0     .005
1KAC.B      1          0           1   12  112  0     .008
1KLU.D      1          0           1   11  219  0     .004
Global_TPR  =          .020
Global_FPR  =          .003
avg_TPR     =          0.0234194
avg_FPR     =          0.00487097
