protien  Predus    Ispred    Vorffip
1ACB.E   .384      .307      .153
1ACB.I   .636      .818      .272
1AHW.A   .666      .150      .300
1AK4.A   .222      .333      .111
1AVX.A   .684      .473      .052
1AY7.A   .222      .555      .111
1AY7.B   .444      .333      .111
1BGX.H   .470      .225      .064
1DE4.E   .714      .380      .285
1DFJ.E   0         .111      .055
1DFJ.I   .611      .388      0
1DQJ.A   .250      .222      .055
1E4K.C   .666      .166      .166
1E6J.H   .200      .142      0
1EXB.E   .333      .333      .333
1F34.A   .043      .434      .130
1FC2.D   .200      0         .200
1FFW.A   0         .250      0
1FFW.B   .400      .400      0
1FLE.E   .181      0         0
1GHQ.A   0         0         .200
1GXD.A   0         .095      0
1GXD.C   .444      .277      .111
1IRA.X   .521      .565      .043
1JIW.I   .266      .400      .066
1JIW.P   .250      .350      0
1JPS.H   .125      .187      0
1KAC.A   0         0         0
1KAC.B   .500      .250      .083
1KLU.D   .090      .181      0
GFS      .340      .290      .090
AFS      0.307161  0.260156  0.0906563
