1
3
4
5
6
7
8
9
10
11
12
13
17
18
19
20
21
23
24
25
34
35
36
37
38
39
40
41
47
48
49
50
51
57
58
59
60
61
62
63
64
65
69
70
71
72
73
74
75
76
77
78
79
80
81
82
83
84
85
86
87
88
89
90
91
92
93
94
95
96
97
98
99
100
101
107
109
110
111
112
113
114
115
116
117
119
120
122
123
125
126
127
128
129
130
131
132
133
134
135
143
144
145
146
149
150
151
152
153
154
155
156
159
161
163
164
165
166
167
169
170
171
172
173
174
175
176
177
178
179
184
185
186
187
188
189
190
191
192
193
195
202
203
204
205
206
207
208
213
214
215
216
217
218
219
221
222
223
224
226
230
232
233
236
237
239
240
241
242
243
244
245
39	PHE
41	PHE
57	HIS
58	CYS
146	TYR
191	CYS
192	MET
193	GLY
195	SER
214	SER
215	TRP
216	GLY
218	SER
