1
3
4
5
6
7
8
9
10
11
12
14
15
16
17
18
19
20
22
24
26
27
28
30
31
32
34
36
37
38
39
40
41
42
43
44
45
46
49
50
52
53
54
55
56
57
58
59
60
61
63
64
65
66
67
68
69
70
72
74
76
77
79
80
81
83
84
85
87
89
91
92
93
94
95
96
97
98
99
100
101
103
105
107
108
109
110
111
112
113
114
115
116
117
118
119
120
121
122
123
124
125
126
127
128
129
131
133
135
137
138
141
142
143
144
145
146
147
149
151
152
153
154
155
156
157
158
159
160
161
162
163
164
165
167
168
169
170
174
176
178
180
181
182
183
184
185
187
188
189
190
191
193
195
197
198
199
200
201
202
203
204
205
206
207
208
209
210
211
212
213
214
30	ARG
32	TYR
50	TYR
91	HIS
92	GLY
93	GLU
94	SER
96	TYR
