1
2
3
4
5
6
7
8
9
10
11
12
13
14
15
16
18
19
20
22
23
25
26
29
30
31
32
34
35
36
37
38
39
40
41
42
43
44
45
46
47
52
54
56
57
58
59
60
61
62
63
67
69
70
71
72
73
75
76
77
78
79
80
81
85
90
91
92
93
94
95
96
106
107
108
117
118
119
120
121
122
123
124
125
126
127
128
129
130
132
134
136
137
138
139
140
141
142
143
144
145
146
147
148
150
152
153
162
165
166
169
170
171
172
175
176
177
178
179
180
181
182
183
185
187
189
190
191
192
193
194
195
196
197
198
199
203
204
205
206
207
208
209
210
211
212
213
215
216
218
219
220
221
222
224
226
227
229
231
233
235
236
237
238
239
43	SER
44	PHE
45	PHE
47	TRP
67	GLU
89	TYR
94	TYR
96	SER
112	TYR
211	SER
212	LYS
