T1	T2	T3	T4
0.0	0.96	0.398	0.299
0.036	0.86	0.535	0.365
0.089	0.07	0.539	0.11
0.0	0.94	0.101	0.136
0.0	0.97	0.126	0.154
0.092	0.96	0.21	0.217
0.079	0.98	0.206	0.218
0.06	0.98	0.539	0.44
0.327	0.97	0.447	0.483
1.0	0.98	1.0	0.951
0.534	0.98	0.887	0.851
0.327	0.97	0.615	0.615
0.327	0.97	0.755	0.715
0.128	0.93	0.551	0.454
0.128	0.82	0.686	0.505
0.221	0.11	0.157	0.048
0.215	0.02	0.194	0.044
0.128	0.03	0.209	0.041
0.215	0.04	0.195	0.046
0.616	0.04	0.303	0.125
0.365	0.15	0.348	0.116
0.64	0.08	0.417	0.19
0.212	0.04	0.411	0.088
0.0	0.02	0.128	0.025
0.0	0.06	0.192	0.033
0.0	0.04	0.103	0.024
0.0	0.1	0.145	0.031
0.215	0.04	0.184	0.045
0.304	0.64	0.115	0.134
0.304	0.34	0.112	0.076
0.0	0.24	0.049	0.03
1.0	0.97	0.366	0.713
0.0	0.44	0.033	0.043
0.0	0.86	0.05	0.102
0.0	0.82	0.172	0.134
0.285	0.86	0.5	0.449
0.285	0.96	0.713	0.665
0.605	0.96	0.792	0.822
0.111	0.98	0.757	0.634
0.0	0.71	0.521	0.274
0.0	0.96	0.714	0.542
0.0	0.91	0.131	0.141
1.0	0.96	0.732	0.887
0.184	0.96	0.338	0.331
0.164	0.97	0.544	0.485
0.001	0.21	0.108	0.034
0.0	0.93	0.687	0.504
0.0	0.96	1.0	0.747
0.663	0.13	0.371	0.19
0.616	0.7	0.657	0.64
0.293	0.1	0.835	0.33
0.416	0.14	0.785	0.364
0.0	0.74	0.724	0.435
0.304	0.45	0.794	0.479
0.0	0.17	1.0	0.362
0.282	0.99	0.611	0.603
0.0	0.0	0.016	0.017
0.0	0.0	0.038	0.018
0.28	0.0	0.214	0.051
0.468	0.75	0.852	0.737
0.132	0.14	0.415	0.094
0.468	0.0	0.335	0.1
0.616	0.0	0.279	0.109
0.468	0.82	0.549	0.551
0.468	0.99	0.558	0.643
0.616	0.8	0.581	0.631
0.0	0.0	0.008	0.016
0.172	0.2	0.499	0.142
0.117	0.21	0.484	0.127
0.172	0.69	0.575	0.371
0.178	0.62	0.478	0.274
0.178	0.47	0.516	0.237
0.121	0.44	0.559	0.232
0.121	0.03	0.789	0.212
0.0	0.02	0.567	0.094
0.263	0.66	0.485	0.329
0.2	0.57	0.455	0.247
0.112	0.0	0.43	0.072
0.644	0.87	0.863	0.838
0.485	0.0	0.435	0.137
0.377	0.0	0.244	0.065
0.173	0.85	0.342	0.281
0.18	0.47	0.154	0.089
0.122	0.96	0.502	0.428
0.0	0.0	0.174	0.027
0.285	0.0	0.325	0.071
0.285	0.82	0.912	0.738
0.18	0.96	1.0	0.805
0.258	0.76	0.808	0.628
0.029	0.97	0.601	0.469
0.285	0.96	0.766	0.702
0.173	0.94	0.43	0.385
0.0	0.0	0.183	0.028
0.255	0.98	0.705	0.657
0.16	0.95	0.382	0.348
0.127	0.2	0.923	0.373
0.241	0.48	0.578	0.303
0.077	0.6	0.193	0.107
0.0	0.7	0.37	0.185
0.0	0.64	0.333	0.151
0.0	0.87	0.528	0.35
0.356	0.87	0.302	0.334
0.272	0.11	0.417	0.112
0.578	0.05	0.289	0.115
0.578	0.02	0.226	0.091
0.163	0.03	0.813	0.239
0.578	0.38	0.188	0.158
0.0	0.83	0.025	0.09
0.0	0.97	0.032	0.119
0.0	0.96	0.029	0.116
0.0	0.82	0.027	0.089
0.0	0.98	0.029	0.12
0.0	0.94	0.058	0.121
0.668	0.42	0.216	0.209
0.621	0.31	0.164	0.14
0.0	0.97	0.136	0.159
0.0	0.9	0.017	0.1
0.0	0.98	0.169	0.176
0.0	0.95	0.084	0.133
0.416	0.0	0.135	0.05
0.803	0.0	0.176	0.11
0.416	0.99	0.204	0.345
0.0	0.96	0.077	0.132
0.0	0.98	0.207	0.195
0.0	0.95	0.136	0.153
0.0	0.99	0.234	0.212
0.0	0.91	0.17	0.156
0.0	0.96	0.353	0.27
0.0	0.89	0.64	0.445
0.0	0.76	0.885	0.574
0.0	0.99	1.0	0.759
0.0	0.99	0.176	0.183
0.0	0.65	0.132	0.087
0.0	0.93	0.079	0.126
0.0	0.97	0.046	0.124
0.0	0.77	0.01	0.077
0.0	0.92	0.092	0.129
0.0	0.93	0.302	0.228
0.0	0.91	0.058	0.115
0.0	0.95	0.127	0.149
0.0	0.0	0.108	0.022
0.0	0.0	0.025	0.017
0.0	0.0	0.017	0.017
0.0	0.0	0.192	0.029
0.129	0.16	0.194	0.05
0.275	0.3	0.25	0.1
0.275	0.65	0.248	0.187
0.0	0.51	0.292	0.106
0.975	0.66	0.424	0.599
0.455	0.28	0.4	0.194
0.455	0.22	0.293	0.13
0.293	0.0	0.068	0.033
0.75	0.23	0.43	0.291
1.0	0.93	0.401	0.719
0.406	0.93	0.512	0.55
0.46	0.96	0.402	0.503
0.455	0.99	0.313	0.445
0.0	0.0	0.186	0.028
0.0	0.09	0.115	0.027
0.0	0.86	0.077	0.11
0.0	0.86	0.34	0.224
0.0	0.95	0.469	0.345
0.0	0.0	0.433	0.06
0.0	0.85	0.469	0.299
0.0	0.97	0.257	0.218
0.0	0.75	0.087	0.092
0.376	0.7	0.295	0.263
0.597	0.89	0.36	0.495
0.621	0.97	0.763	0.816
1.0	0.98	1.0	0.951
0.82	0.0	0.578	0.317
0.668	0.91	0.513	0.656
0.376	0.74	0.248	0.25
0.0	0.14	0.124	0.031
0.0	0.17	0.182	0.039
0.621	0.95	0.365	0.542
0.554	0.97	0.183	0.378
0.554	0.99	0.495	0.633
0.0	0.9	0.148	0.145
0.0	0.93	0.05	0.116
0.0	0.5	0.023	0.047
0.0	0.99	0.075	0.139
0.0	0.93	0.029	0.109
0.0	0.69	0.03	0.069
0.0	0.48	0.058	0.05
0.0	0.13	0.073	0.026
0.45	0.87	0.655	0.649
0.616	0.93	0.526	0.653
0.572	0.96	0.41	0.56
0.855	0.63	0.45	0.55
0.466	0.99	0.59	0.666
0.402	0.86	0.498	0.501
0.0	0.0	0.043	0.018
0.262	0.98	0.351	0.383
0.0	0.85	0.512	0.329
0.0	0.85	0.18	0.145
0.0	0.96	0.021	0.113
0.0	0.99	0.069	0.137
0.0	0.98	0.172	0.178
0.282	0.97	0.757	0.699
0.119	0.75	0.383	0.247
0.0	0.96	0.281	0.227
0.0	0.0	0.307	0.041
0.0	0.65	0.352	0.162
0.0	0.0	0.276	0.037
0.0	0.87	0.12	0.127
0.0	0.89	0.338	0.234
0.0	0.28	0.015	0.029
0.0	0.77	0.255	0.154
0.0	0.56	0.576	0.247
0.0	0.86	0.468	0.303
0.0	0.89	0.497	0.337
0.262	0.98	0.875	0.77
0.282	0.98	0.195	0.281
0.199	0.95	0.136	0.207
0.282	0.97	0.593	0.579
1.0	0.98	1.0	0.951
1.0	0.96	0.994	0.948
0.929	0.95	0.404	0.703
0.0	0.94	0.33	0.248
0.262	0.95	0.205	0.268
0.387	0.66	0.101	0.152
0.262	0.96	0.165	0.247
0.0	0.99	0.077	0.14
0.0	0.89	0.106	0.126
0.0	0.84	0.044	0.097
0.0	0.0	0.056	0.019
0.0	0.87	0.623	0.422
0.0	0.0	0.01	0.016
0.0	0.91	0.062	0.116
0.0	0.57	0.028	0.055
0.0	0.21	0.012	0.025
0.262	0.98	0.225	0.293
0.416	0.96	0.075	0.246
0.433	0.98	0.167	0.32
0.282	0.97	0.076	0.207
0.262	0.0	0.042	0.029
0.262	0.95	0.58	0.549
0.199	0.0	0.019	0.024
0.282	0.95	0.037	0.181
0.262	0.98	0.38	0.406
0.0	0.95	0.749	0.564
0.135	0.43	0.071	0.06
0.186	0.94	0.059	0.163
0.173	0.93	0.057	0.156
0.194	0.92	0.06	0.16
0.173	0.7	0.07	0.107
0.186	0.95	0.086	0.178
0.186	0.75	0.086	0.125
0.217	0.94	0.09	0.186
0.194	0.96	0.07	0.176
0.255	0.52	0.073	0.088
0.0	0.47	0.059	0.049
0.0	0.87	0.065	0.109
0.0	0.8	0.114	0.109
0.0	0.6	0.071	0.066
0.0	0.49	0.07	0.053
0.0	0.0	0.042	0.018
0.0	0.22	0.037	0.028
0.0	0.02	0.044	0.019
0.0	0.0	0.037	0.018
0.0	0.99	0.107	0.152
0.0	0.0	0.078	0.02
0.186	0.72	0.255	0.187
0.285	0.88	0.634	0.566
0.287	0.34	0.705	0.347
1.0	0.93	1.0	0.946
0.612	0.59	0.264	0.284
0.0	0.0	0.303	0.041
0.173	0.0	0.368	0.067
0.0	0.22	0.222	0.049
0.406	0.87	0.179	0.27
0.563	0.0	0.138	0.066
0.0	0.0	0.042	0.018
0.0	0.84	0.233	0.164
0.0	0.99	0.092	0.146
0.0	0.55	0.094	0.064
0.131	0.84	0.056	0.124
0.194	0.39	0.137	0.074
0.173	0.0	0.11	0.03
0.173	0.28	0.221	0.074
0.0	0.0	0.037	0.018
0.0	0.01	0.037	0.018
0.0	0.03	0.037	0.019
0.186	0.51	0.147	0.095
0.173	0.24	0.196	0.064
0.0	0.18	0.093	0.03
0.135	0.2	0.227	0.061
0.173	0.13	0.127	0.042
0.307	0.41	0.23	0.122
0.427	0.64	0.491	0.393
0.377	0.81	0.455	0.429
0.307	0.98	0.615	0.611
0.173	0.0	0.036	0.024
0.0	0.32	0.039	0.034
0.0	0.33	0.147	0.049
0.0	0.99	0.184	0.186
0.0	0.73	0.251	0.142
0.0	0.97	0.738	0.565
0.173	0.0	0.488	0.095
0.0	0.35	0.439	0.12
0.0	0.25	0.45	0.103
0.348	0.92	0.122	0.236
0.757	0.75	0.304	0.451
0.576	0.74	0.253	0.329
0.344	0.96	0.328	0.392
0.0	0.98	0.262	0.224
0.0	0.37	0.308	0.085
0.0	0.71	0.397	0.202
0.0	0.7	0.342	0.172
0.0	0.86	0.275	0.19
0.0	0.56	0.269	0.109
0.0	0.0	0.114	0.023
0.0	0.7	0.336	0.169
0.0	0.86	0.393	0.255
0.0	0.59	0.322	0.134
0.0	0.94	0.533	0.387
0.0	0.92	0.219	0.182
0.0	0.98	0.428	0.329
0.0	0.98	0.245	0.214
0.0	0.98	0.337	0.269
0.307	0.76	0.174	0.194
0.515	0.99	0.415	0.553
0.208	0.57	0.396	0.216
0.0	0.03	0.156	0.027
0.0	0.02	0.065	0.02
0.0	0.0	0.051	0.019
0.0	0.85	0.292	0.195
0.208	0.96	0.377	0.37
0.038	0.9	0.428	0.308
0.098	0.74	0.27	0.176
0.208	0.46	0.286	0.133
0.208	0.51	0.225	0.123
0.514	0.8	0.213	0.303
0.0	0.94	0.172	0.166
0.0	0.97	0.202	0.189
0.0	0.84	0.182	0.143
0.0	0.94	0.31	0.236
0.0	0.61	0.495	0.219
0.0	0.0	0.125	0.023
0.0	0.76	0.133	0.107
0.0	0.9	0.18	0.158
0.0	0.91	0.482	0.335
0.0	0.02	0.052	0.019
0.0	0.01	0.027	0.018
0.0	0.01	0.065	0.02
0.0	0.01	0.044	0.018
0.0	0.01	0.055	0.019
0.0	0.0	0.03	0.017
0.0	0.0	0.017	0.017
0.0	0.01	0.064	0.02
0.304	0.01	0.123	0.041
0.304	0.03	0.063	0.035
0.304	0.02	0.112	0.04
0.282	0.0	0.087	0.034
0.304	0.01	0.122	0.041
0.0	0.02	0.093	0.022
0.0	0.02	0.041	0.019
0.0	0.07	0.023	0.02
0.0	0.01	0.03	0.018
0.0	0.01	0.046	0.019
0.0	0.01	0.074	0.02
0.0	0.01	0.059	0.019
0.0	0.0	0.024	0.017
0.0	0.03	0.098	0.023
0.0	0.11	0.045	0.023
0.0	0.04	0.054	0.02
0.282	0.06	0.101	0.04
0.0	0.91	0.758	0.55
0.0	0.62	0.656	0.325
0.0	0.96	0.849	0.645
0.0	0.96	0.373	0.283
0.0	0.81	0.317	0.194
0.0	0.78	0.503	0.291
0.0	0.98	0.693	0.535
0.279	0.98	0.726	0.681
0.608	0.98	0.771	0.819
0.987	0.98	0.478	0.78
0.987	0.98	0.017	0.447
0.43	0.93	0.861	0.797
0.46	0.97	0.403	0.509
0.46	0.95	0.076	0.258
0.43	0.0	0.197	0.062
0.0	0.88	0.34	0.231
0.0	0.89	0.158	0.146
0.0	0.93	0.219	0.185
0.0	0.95	0.183	0.174
0.0	0.92	0.277	0.211
0.0	0.89	0.732	0.519
0.0	0.96	0.372	0.283
0.0	0.87	0.286	0.199
0.0	0.0	0.245	0.034
0.279	0.95	0.33	0.36
0.269	0.98	0.437	0.453
0.608	0.93	0.49	0.623
0.46	0.81	0.44	0.455
0.118	0.98	0.408	0.364
0.0	0.0	0.185	0.028
0.0	0.0	0.342	0.046
0.0	0.58	0.957	0.538
0.0	0.6	0.113	0.075
0.171	0.0	0.089	0.028
0.081	0.05	0.21	0.039
0.091	0.09	0.33	0.062
1.0	0.61	0.216	0.419
0.303	0.99	0.555	0.568
0.465	0.54	0.368	0.275
0.465	0.68	0.578	0.5
0.131	0.0	0.187	0.036
0.131	0.03	0.225	0.043
0.014	0.78	0.28	0.171
0.131	0.99	0.415	0.379
0.285	0.75	0.932	0.721
0.171	0.98	0.383	0.368
0.377	0.25	1.0	0.573
0.285	0.21	0.133	0.06
0.377	0.4	0.946	0.606
0.171	0.05	0.018	0.025
0.194	0.07	0.092	0.034
0.131	0.27	0.803	0.32
0.173	0.03	0.904	0.299
0.0	0.07	0.163	0.03
0.0	0.09	0.017	0.02
0.0	0.01	0.03	0.018
0.0	0.0	0.016	0.017
0.155	0.05	0.689	0.178
0.0	0.0	0.033	0.017
0.0	0.04	0.191	0.031
0.0	0.02	0.158	0.027
0.0	0.13	0.355	0.062
0.0	0.08	0.341	0.054
0.073	0.46	0.384	0.141
0.0	0.14	0.576	0.12
0.0	0.09	0.265	0.043
0.0	0.11	0.115	0.028
0.0	0.02	0.048	0.019
0.0	0.02	0.138	0.025
0.0	0.96	0.118	0.148
0.0	0.14	0.196	0.039
0.0	0.1	0.066	0.024
0.0	0.14	0.709	0.173
0.0	0.56	0.958	0.528
0.0	0.0	0.568	0.09
0.0	0.1	0.61	0.123
0.0	0.07	0.311	0.048
0.0	0.04	0.514	0.083
1.0	0.12	0.314	0.262
0.548	0.17	0.268	0.129
0.565	0.35	0.152	0.133
0.382	0.37	0.312	0.16
0.259	0.04	0.171	0.046
0.603	0.18	0.565	0.303
0.626	0.05	0.351	0.148
0.0	0.25	0.309	0.068
0.0	0.16	0.273	0.051
0.404	0.04	0.171	0.06
0.083	0.02	0.137	0.029
0.676	0.08	0.205	0.112
0.0	0.04	0.101	0.024
0.0	0.06	0.198	0.033
0.0	0.95	0.177	0.171
0.0	0.24	0.198	0.048
0.05	0.0	0.221	0.034
0.453	0.87	0.221	0.316
0.757	0.78	0.368	0.518
0.453	0.92	0.319	0.413
0.598	0.66	0.304	0.337
1.0	0.7	0.521	0.699
0.274	0.0	0.038	0.029
0.0	0.19	0.058	0.028
0.0	0.79	0.105	0.105
0.103	0.87	0.243	0.207
0.152	0.98	0.193	0.234
0.0	0.0	0.061	0.019
0.377	0.98	0.316	0.407
0.049	0.17	0.042	0.028
0.225	0.71	0.13	0.14
1.0	0.99	0.25	0.641
0.281	0.72	0.15	0.164
0.921	0.98	0.26	0.609
0.072	0.94	0.066	0.139
0.103	0.97	0.104	0.171
0.0	0.83	0.063	0.1
0.0	0.98	0.18	0.182
0.0	0.99	0.115	0.155
0.0	0.0	0.071	0.02
0.0	0.92	0.163	0.156
0.0	0.97	0.023	0.116
0.0	0.98	0.096	0.145
0.0	0.55	0.072	0.06
0.0	0.92	0.214	0.179
0.0	0.99	0.279	0.237
0.0	0.84	0.21	0.154
0.103	0.92	0.249	0.228
0.285	0.96	0.347	0.381
0.08	0.94	0.592	0.47
0.171	0.96	1.0	0.802
0.0	0.9	0.599	0.419
0.0	0.21	0.211	0.047
0.173	0.98	0.464	0.431
0.171	0.98	0.598	0.537
0.377	0.94	0.195	0.299
0.0	0.95	0.141	0.155
0.103	0.75	0.127	0.123
0.0	0.2	0.07	0.03
0.0	0.92	0.21	0.177
0.0	0.06	0.035	0.02
0.0	0.99	0.203	0.196
0.0	0.0	0.092	0.021
0.0	0.93	0.24	0.195
0.0	0.0	0.071	0.02
0.0	0.84	0.158	0.133
0.0	0.94	0.114	0.141
0.0	0.93	0.158	0.157
0.0	0.85	0.055	0.101
0.0	0.43	0.085	0.049
0.0	0.89	0.213	0.17
0.0	0.9	0.137	0.14
0.0	0.0	0.122	0.023
0.0	0.74	0.2	0.125
0.0	0.52	0.276	0.103
0.0	0.0	0.035	0.018
0.0	0.99	0.203	0.196
0.0	0.81	0.242	0.159
0.0	0.84	0.137	0.126
0.0	0.39	0.347	0.099
0.0	0.0	0.314	0.042
0.0	0.12	0.497	0.092
0.0	0.01	0.172	0.028
0.0	0.02	0.272	0.038
0.0	0.04	0.411	0.061
0.0	0.0	0.325	0.044
0.0	0.09	0.478	0.082
0.0	0.05	0.322	0.048
0.0	0.02	0.476	0.072
0.115	0.89	0.247	0.22
0.397	0.97	0.583	0.621
0.397	0.97	0.518	0.572
0.649	0.91	1.0	0.898
1.0	0.97	0.811	0.912
0.433	0.95	0.584	0.628
0.185	0.93	0.177	0.218
0.053	0.97	0.101	0.157
0.053	0.85	0.298	0.214
0.087	0.97	0.138	0.182
0.245	0.99	0.275	0.325
0.397	0.8	0.202	0.253
0.0	0.0	0.059	0.019
1.0	0.93	0.826	0.909
0.187	0.6	0.208	0.134
0.282	0.5	0.147	0.109
0.133	0.19	0.221	0.058
0.08	0.87	0.275	0.217
0.133	0.97	0.38	0.345
0.133	0.96	0.331	0.306
0.08	0.92	0.456	0.355
0.0	0.92	0.252	0.197
0.0	0.72	0.105	0.092
0.376	0.0	0.116	0.044
0.0	0.02	0.157	0.027
0.0	0.85	0.238	0.169
0.0	0.86	0.322	0.214
0.0	0.88	0.262	0.189
0.171	0.97	0.486	0.442
0.286	0.95	0.32	0.356
0.286	0.3	0.302	0.118
0.0	0.54	0.326	0.124
0.584	0.81	0.35	0.44
0.0	0.71	0.471	0.243
0.427	0.97	0.31	0.42
0.0	0.77	0.315	0.18
0.0	0.38	0.245	0.072
0.562	0.99	0.966	0.888
0.0	0.33	0.306	0.079
0.047	0.98	0.214	0.212
0.562	0.83	0.736	0.731
0.0	0.96	0.464	0.346
0.0	0.0	0.386	0.052
0.0	0.73	0.191	0.12
0.0	0.97	0.693	0.53
0.0	0.0	0.414	0.057
0.0	0.98	0.225	0.204
0.0	0.77	0.542	0.313
0.0	0.0	0.059	0.019
0.0	0.96	0.24	0.205
0.605	0.98	0.174	0.398
0.965	0.97	0.51	0.787
0.562	0.96	1.0	0.893
0.106	0.98	1.0	0.789
0.171	0.92	0.874	0.713
1.0	0.94	0.78	0.898
0.366	0.94	0.388	0.438
0.12	0.78	0.133	0.135
0.225	0.96	0.317	0.333
0.0	0.98	0.12	0.154
0.049	0.88	0.138	0.147
0.0	0.0	0.028	0.017
0.16	0.88	0.338	0.286
0.0	0.96	0.112	0.146
0.0	0.97	0.425	0.323
0.16	0.88	0.213	0.211
0.35	0.97	0.724	0.703
0.377	0.9	0.456	0.476
0.202	0.92	0.161	0.21
0.0	0.85	0.068	0.105
0.0	0.98	0.102	0.147
0.0	0.79	0.052	0.09
0.0	0.79	0.055	0.091
0.0	0.96	0.035	0.118
0.16	0.95	0.017	0.142
0.0	0.96	0.06	0.126
0.0	0.97	0.007	0.111
0.0	0.97	0.045	0.123
0.0	0.96	0.001	0.107
0.0	0.97	0.003	0.109
0.0	0.0	0.0	0.016
0.0	0.97	0.003	0.11
0.16	0.97	0.001	0.141
0.285	0.96	0.002	0.169
0.121	0.96	0.0	0.13
0.0	0.8	0.033	0.087
0.0	0.19	0.001	0.023
0.0	0.92	0.003	0.1
0.16	0.95	0.004	0.137
0.265	0.98	0.003	0.17
0.0	0.0	0.0	0.016
0.569	0.91	0.002	0.236
0.0	0.0	0.001	0.016
0.35	0.97	0.004	0.19
0.445	0.96	0.006	0.216
0.282	0.9	0.092	0.192
0.258	0.96	0.039	0.178
0.122	0.93	0.07	0.149
0.159	0.72	0.14	0.132
0.121	0.0	0.001	0.02
0.285	0.91	0.002	0.154
0.265	0.93	0.001	0.155
0.265	0.93	0.004	0.156
0.0	0.47	0.01	0.042
0.282	0.11	0.193	0.059
0.0	0.12	0.175	0.035
0.472	0.95	0.091	0.272
0.472	0.99	0.389	0.513
0.621	0.96	0.115	0.351
0.472	0.86	0.571	0.59
0.78	0.93	0.349	0.591
0.986	0.97	0.485	0.78
0.621	0.8	0.48	0.555
0.282	0.98	0.244	0.314
0.22	0.97	0.056	0.179
0.472	0.97	0.085	0.276
0.282	0.0	0.05	0.031
0.472	0.95	0.045	0.244
1.0	0.79	0.985	0.926
0.0	0.01	0.002	0.016
0.0	0.0	0.002	0.016
0.0	0.0	0.082	0.02
0.344	0.06	0.116	0.047
0.208	0.88	0.296	0.277
0.676	0.08	0.709	0.39
0.76	0.04	0.959	0.605
0.728	0.05	0.722	0.408
0.0	0.0	0.012	0.016
0.0	0.0	0.004	0.016
0.0	0.0	0.001	0.016
0.0	0.0	0.003	0.016
0.0	0.01	0.009	0.017
0.0	0.01	0.025	0.017
0.0	0.01	0.52	0.08
0.0	0.01	0.077	0.021
0.0	0.01	0.006	0.016
0.0	0.01	0.009	0.017
0.514	0.36	0.014	0.084
0.0	0.0	0.002	0.016
0.0	0.01	0.1	0.022
0.76	0.23	0.247	0.188
0.0	0.73	0.125	0.099
0.458	0.09	0.22	0.083
0.194	0.78	0.313	0.242
0.0	0.0	0.204	0.03
0.0	0.95	0.494	0.363
0.426	0.8	0.353	0.367
0.426	0.98	0.334	0.443
0.704	0.88	0.195	0.408
0.0	0.69	0.21	0.117
0.0	0.78	0.112	0.105
0.0	0.92	0.286	0.215
0.628	0.89	0.311	0.47
0.757	0.58	0.857	0.773
0.535	0.88	1.0	0.87
0.704	0.9	0.508	0.662
0.628	0.46	0.833	0.659
0.458	0.64	0.523	0.432
1.0	0.99	0.652	0.866
0.704	0.95	0.526	0.698
1.0	0.96	0.302	0.664
0.704	0.93	0.296	0.514
0.676	0.0	0.184	0.091
0.426	0.97	0.457	0.537
0.458	0.95	0.356	0.46
0.458	0.86	0.433	0.474
0.929	0.86	0.401	0.659
0.704	0.98	0.692	0.807
0.929	0.91	0.466	0.726
1.0	0.94	0.557	0.811
0.535	0.98	0.193	0.382
0.704	0.93	0.191	0.43
0.426	0.88	0.171	0.277
0.704	0.94	0.471	0.655
0.757	0.91	0.366	0.583
0.704	0.95	0.436	0.634
0.757	0.93	0.424	0.638
0.676	0.97	0.231	0.47
0.0	0.94	0.258	0.207
0.0	0.8	0.399	0.235
0.0	0.95	0.284	0.225
0.426	0.0	0.288	0.081
0.426	0.94	0.534	0.582
0.0	0.41	0.234	0.074
0.227	0.93	1.0	0.808
1.0	0.98	0.749	0.896
0.612	0.9	0.444	0.575
0.225	0.39	0.087	0.068
0.335	0.96	0.472	0.501
0.08	0.97	0.451	0.375
0.08	0.35	0.618	0.219
0.335	0.0	0.046	0.033
0.072	0.96	0.259	0.238
0.028	0.69	0.518	0.274
0.0	0.24	0.319	0.069
0.173	0.8	0.237	0.201
0.289	0.91	0.542	0.51
0.173	0.97	0.47	0.431
0.081	0.82	0.499	0.339
0.032	0.95	0.54	0.412
0.0	0.89	0.657	0.459
0.0	0.86	0.774	0.537
0.0	0.77	0.607	0.36
0.0	0.0	0.436	0.061
0.285	0.98	0.928	0.805
0.0	0.66	0.521	0.253
0.0	0.14	0.434	0.08
0.186	0.92	0.994	0.79
0.0	0.84	0.221	0.159
0.0	0.97	0.264	0.221
0.0	0.88	0.133	0.134
0.0	0.99	0.234	0.212
0.173	0.0	0.172	0.037
0.0	0.98	0.61	0.468
0.0	0.97	0.173	0.175
0.173	0.95	0.327	0.315
0.0	0.97	0.056	0.127
0.0	0.0	0.016	0.017
0.0	0.95	0.034	0.115
0.255	0.71	0.105	0.137
0.173	0.98	0.075	0.179
0.173	0.84	0.191	0.191
0.612	0.86	0.164	0.336
0.0	0.0	0.025	0.017
0.0	0.02	0.077	0.021
0.287	0.56	0.912	0.621
0.0	0.08	0.235	0.039
0.274	0.98	0.472	0.484
0.287	0.37	0.44	0.195
0.255	0.98	0.405	0.422
0.427	0.89	0.361	0.419
0.636	0.97	0.364	0.558
0.636	0.96	0.682	0.774
0.693	0.72	0.67	0.689
0.406	0.9	0.451	0.485
0.0	0.92	0.428	0.303
0.088	0.66	0.21	0.128
0.313	0.8	1.0	0.79
0.088	0.97	0.68	0.56
0.0	0.0	0.095	0.021
0.0	0.94	0.212	0.184
0.0	0.93	0.182	0.167
0.0	0.89	0.147	0.142
0.0	0.72	0.225	0.13
0.0	0.7	0.341	0.171
0.571	0.73	0.189	0.279
0.958	0.98	0.337	0.681
0.855	0.99	0.714	0.858
1.0	0.98	0.918	0.937
0.371	0.0	0.157	0.05
0.147	0.97	0.899	0.741
0.088	0.98	0.886	0.715
0.0	0.0	0.032	0.017
0.0	0.86	0.094	0.116
0.086	0.35	0.04	0.043
0.04	0.31	0.087	0.042
0.0	0.11	0.042	0.023
0.0	0.94	0.096	0.135
0.0	0.38	0.114	0.049
0.0	0.19	0.073	0.029
0.0	0.13	0.096	0.028
0.0	0.16	0.203	0.041
0.0	0.14	0.064	0.026
0.218	0.03	0.258	0.055
0.466	0.09	0.121	0.063
0.527	0.04	0.22	0.085
0.282	0.04	0.136	0.043
0.426	0.07	0.209	0.074
0.285	0.06	0.397	0.099
0.134	0.07	0.477	0.099
0.201	0.19	0.453	0.129
0.285	0.15	0.067	0.044
0.0	0.05	0.022	0.019
0.0	0.19	0.078	0.03
0.0	0.01	0.048	0.019
0.0	0.07	0.057	0.022
0.289	0.02	0.01	0.028
0.173	0.02	0.003	0.023
0.0	0.04	0.004	0.017
0.0	0.02	0.004	0.017
0.0	0.0	0.012	0.016
0.0	0.01	0.049	0.019
0.628	0.28	0.002	0.084
0.289	0.39	0.029	0.063
0.064	0.24	0.116	0.041
0.255	0.08	0.002	0.03
0.289	0.05	0.01	0.03
0.38	0.06	0.038	0.04
1.0	0.2	0.004	0.134
0.285	0.0	0.0	0.026
0.377	0.96	0.006	0.196
0.426	0.81	0.03	0.173
0.427	0.09	0.035	0.045
0.177	0.08	0.003	0.026
0.477	0.05	0.001	0.041
0.289	0.1	0.025	0.035
0.0	0.14	0.535	0.107
0.0	0.04	0.075	0.022
0.0	0.01	0.008	0.017
0.0	0.02	0.004	0.017
0.0	0.4	0.012	0.037
0.0	0.91	0.005	0.098
0.0	0.14	0.005	0.021
0.0	0.9	0.003	0.096
0.0	0.08	0.001	0.019
0.0	0.04	0.0	0.017
0.371	0.0	0.079	0.039
0.4	0.58	0.165	0.16
0.0	0.0	0.015	0.017
0.0	0.0	0.113	0.023
0.0	0.0	0.005	0.016
0.0	0.92	0.122	0.14
0.0	0.9	0.176	0.156
0.548	0.98	0.201	0.394
0.282	0.0	0.039	0.03
0.0	0.0	0.075	0.02
0.0	0.0	0.006	0.016
0.0	0.0	0.044	0.018
0.0	0.0	0.035	0.018
0.0	0.0	0.024	0.017
0.0	0.68	0.081	0.079
0.371	0.97	0.218	0.327
0.548	0.9	0.179	0.339
0.0	0.0	0.044	0.018
0.0	0.0	0.01	0.016
0.0	0.98	0.124	0.156
0.0	0.0	0.087	0.021
0.282	0.94	0.229	0.286
0.371	0.97	0.454	0.509
0.371	0.6	0.186	0.168
0.0	0.29	0.108	0.04
0.4	0.88	0.343	0.388
0.0	0.53	0.274	0.105
0.0	0.0	0.371	0.05
0.668	0.94	1.0	0.906
0.399	0.94	0.623	0.637
0.399	0.98	0.162	0.304
0.188	0.94	0.787	0.669
0.399	0.96	0.668	0.68
0.527	0.96	0.834	0.821
1.0	0.99	0.541	0.819
0.882	0.89	0.233	0.525
0.668	0.91	0.063	0.31
0.242	0.89	0.014	0.144
0.0	0.91	0.144	0.146
0.242	0.98	0.052	0.186
0.527	0.98	0.075	0.295
0.0	0.89	0.262	0.193
0.188	0.99	0.779	0.687
0.404	0.98	0.685	0.702
0.0	0.95	0.403	0.298
0.404	0.88	0.152	0.257
0.0	0.0	0.024	0.017
0.114	0.14	0.034	0.029
0.242	0.1	0.025	0.032
0.0	0.91	0.07	0.119
0.0	0.89	0.081	0.118
0.0	0.97	0.238	0.207
0.0	0.97	0.212	0.194
0.0	0.0	0.088	0.021
0.0	0.99	0.032	0.123
0.0	0.35	0.041	0.037
0.0	0.11	0.144	0.031
0.0	0.74	0.133	0.103
0.0	0.88	0.333	0.227
0.191	0.94	0.025	0.15
0.0	0.9	0.269	0.2
0.0	0.0	0.151	0.025
0.0	0.98	0.029	0.12
0.0	0.84	0.042	0.096
0.191	0.53	0.096	0.086
0.052	0.64	0.373	0.182
0.112	0.59	0.517	0.262
0.166	0.98	0.412	0.388
0.185	0.86	0.48	0.388
0.278	0.9	0.585	0.535
1.0	0.98	0.672	0.871
0.57	0.92	1.0	0.886
0.649	0.95	0.952	0.891
0.032	0.63	0.833	0.479
0.032	0.23	0.469	0.11
0.131	0.97	0.063	0.159
0.0	0.02	0.012	0.017
0.0	0.08	0.052	0.022
0.0	0.1	0.139	0.03
0.0	0.12	0.113	0.029
0.0	0.66	0.145	0.092
0.0	0.97	0.094	0.141
0.0	0.95	0.08	0.131
0.0	0.82	0.036	0.091
0.0	0.45	0.058	0.047
0.0	0.0	0.057	0.019
0.0	0.16	0.151	0.035
0.0	0.1	0.177	0.034
0.0	0.0	0.098	0.021
0.0	0.36	0.183	0.058
0.217	0.96	0.313	0.327
0.171	0.99	0.58	0.528
0.287	0.9	0.81	0.706
0.217	0.0	0.301	0.059
0.13	0.98	0.464	0.412
0.13	0.97	0.356	0.326
0.217	0.94	0.237	0.268
0.217	0.96	0.324	0.335
0.079	0.95	0.178	0.193
0.0	0.91	0.158	0.152
0.0	0.96	0.103	0.142
0.0	0.18	0.054	0.027
0.037	0.43	0.019	0.043
0.131	0.98	0.056	0.159
0.287	0.98	0.048	0.197
0.325	0.96	0.05	0.203
1.0	0.98	0.05	0.479
0.507	0.97	0.054	0.269
0.612	0.98	0.059	0.317
0.659	0.99	0.051	0.334
0.285	0.98	0.086	0.217
0.186	0.91	0.041	0.147
0.255	0.89	0.045	0.16
0.0	0.78	0.209	0.138
0.0	0.9	0.103	0.128
0.0	0.97	0.082	0.137
0.0	0.8	0.031	0.086
0.079	0.98	0.409	0.348
0.037	0.98	0.211	0.208
0.0	0.93	0.011	0.104
0.0	0.1	0.199	0.036
0.173	0.98	0.374	0.362
0.079	0.86	0.146	0.152
0.0	0.0	0.046	0.018
0.014	0.1	0.459	0.081
0.014	0.98	0.419	0.329
0.014	0.96	0.222	0.2
0.014	0.94	0.354	0.268
0.021	0.97	0.737	0.574
0.024	0.95	1.0	0.752
0.024	0.98	0.726	0.572
0.021	0.91	0.622	0.451
0.0	0.54	0.245	0.098
0.0	0.95	0.473	0.348
0.0	0.03	0.007	0.017
0.0	0.1	0.01	0.02
0.0	0.87	0.127	0.129
0.0	0.49	0.037	0.048
0.0	0.24	0.061	0.031
0.0	0.15	0.072	0.027
0.0	0.1	0.122	0.028
0.0	0.08	0.013	0.019
0.0	0.38	0.02	0.036
0.0	0.37	0.01	0.035
0.0	0.52	0.02	0.048
0.0	0.79	0.019	0.082
0.0	0.9	0.02	0.101
0.621	0.97	0.992	0.902
0.421	0.0	0.122	0.049
0.0	0.96	0.126	0.152
0.0	0.0	0.03	0.017
0.0	0.99	0.194	0.192
0.0	0.96	0.063	0.128
0.0	0.26	0.014	0.028
0.0	0.51	0.016	0.047
0.0	0.64	0.015	0.06
0.0	0.96	0.036	0.118
0.0	0.9	0.031	0.104
0.0	0.18	0.046	0.026
0.0	0.99	0.058	0.133
0.0	0.83	0.069	0.102
0.171	0.97	0.106	0.19
0.0	0.67	0.034	0.068
0.0	0.69	0.209	0.117
0.0	0.85	0.024	0.093
0.185	0.01	0.369	0.07
0.0	0.03	0.083	0.022
0.104	0.1	0.072	0.029
0.104	0.04	0.547	0.109
0.166	0.01	0.228	0.044
0.173	0.04	0.195	0.043
0.603	0.03	0.218	0.094
0.603	0.03	0.446	0.178
1.0	0.06	0.513	0.372
0.649	0.0	0.296	0.12
0.649	0.22	0.913	0.611
0.706	0.22	1.0	0.697
0.0	0.06	0.392	0.06
0.0	0.26	0.295	0.066
0.0	0.57	0.392	0.157
0.563	0.88	0.035	0.241
0.565	0.97	0.358	0.521
0.606	0.98	0.124	0.361
0.0	0.97	0.044	0.123
0.0	0.95	0.059	0.124
0.073	0.68	0.016	0.074
0.0	0.53	0.036	0.052
0.0	0.9	0.04	0.107
0.073	0.0	0.007	0.018
0.159	0.73	0.023	0.096
0.029	0.83	0.088	0.113
0.0	0.79	0.041	0.087
0.0	0.21	0.235	0.05
0.0	0.0	0.077	0.02
0.0	0.15	0.214	0.042
0.0	0.7	0.351	0.176
0.369	0.95	0.794	0.746
0.0	0.0	0.098	0.021
0.104	0.0	0.165	0.032
0.0	0.59	0.285	0.121
0.0	0.0	0.136	0.024
0.0	0.42	0.19	0.066
0.0	0.71	0.232	0.129
0.0	0.0	0.052	0.019
0.112	0.95	0.433	0.365
0.0	0.65	0.185	0.101
0.104	0.83	0.356	0.257
0.0	0.6	0.332	0.14
0.108	0.45	0.371	0.142
0.0	0.85	0.286	0.192
0.131	0.09	0.123	0.035
0.185	0.84	0.565	0.444
0.278	0.85	0.58	0.504
0.258	0.0	0.115	0.036
0.0	0.0	0.45	0.064
0.603	0.75	0.797	0.751
1.0	0.88	0.934	0.927
0.0	0.0	0.13	0.024
0.0	0.0	0.118	0.023
0.0	0.02	0.03	0.018
0.0	0.03	0.103	0.023
0.0	0.2	0.109	0.033
0.0	0.95	0.179	0.172
0.131	0.95	0.411	0.357
0.368	0.39	0.311	0.162
0.81	0.98	0.361	0.638
0.872	0.94	0.597	0.795
0.466	0.95	0.265	0.392
0.117	0.55	0.066	0.072
0.0	0.0	0.014	0.016
0.0	0.05	0.045	0.02
0.0	0.4	0.027	0.039
0.0	0.0	0.01	0.016
0.0	0.54	0.085	0.061
0.0	0.26	0.055	0.032
0.0	0.14	0.211	0.041
0.0	0.02	0.215	0.032
0.0	0.03	0.13	0.025
0.0	0.07	0.795	0.192
0.079	0.34	0.37	0.11
0.279	0.83	1.0	0.79
0.0	0.05	0.071	0.022
0.371	0.01	0.365	0.095
0.371	0.04	0.659	0.222
0.4	0.07	0.61	0.216
0.0	0.36	0.455	0.128
0.0	0.05	0.414	0.063
0.0	0.14	0.176	0.036
0.0	0.13	0.112	0.029
0.0	0.08	0.046	0.021
0.0	0.02	0.08	0.021
0.0	0.02	0.172	0.028
0.0	0.92	0.239	0.191
0.0	0.68	0.313	0.153
0.0	0.96	0.212	0.191
0.0	0.64	0.252	0.12
0.0	0.93	0.207	0.179
0.0	0.97	0.263	0.221
0.0	0.82	0.54	0.335
0.341	0.95	0.667	0.651
0.193	0.98	0.834	0.721
0.273	0.96	0.347	0.375
0.187	0.86	0.556	0.448
0.273	0.95	0.284	0.325
1.0	0.96	1.0	0.949
0.287	0.96	0.744	0.688
0.0	0.0	0.041	0.018
0.0	0.04	0.041	0.019
0.0	0.02	0.137	0.025
0.0	0.09	0.254	0.042
0.0	0.07	0.303	0.047
0.0	0.05	0.149	0.028
0.0	0.05	0.359	0.053
0.0	0.1	0.238	0.041
0.0	0.0	0.303	0.041
0.0	0.12	0.037	0.023
0.0	0.02	0.132	0.025
0.0	0.02	0.103	0.023
0.0	0.02	0.179	0.029
0.4	0.02	0.083	0.044
0.0	0.0	0.22	0.031
0.0	0.01	0.412	0.058
0.0	0.01	0.452	0.065
0.416	0.09	0.431	0.142
0.416	0.05	0.617	0.217
0.548	0.26	0.871	0.553
0.279	0.0	0.353	0.077
0.918	0.44	0.614	0.61
0.051	0.0	0.357	0.053
0.079	0.02	0.442	0.074
0.0	0.02	0.337	0.047
0.0	0.01	0.682	0.127
0.0	0.01	0.178	0.028
0.0	0.0	0.018	0.017
0.0	0.01	0.429	0.061
0.0	0.68	0.004	0.063
0.0	0.78	0.007	0.077
0.0	0.97	0.011	0.112
0.0	0.98	0.011	0.114
0.0	0.0	0.012	0.016
0.0	0.0	0.017	0.017
0.0	0.96	0.27	0.221
0.0	0.92	0.065	0.119
0.0	0.91	0.101	0.129
0.0	0.98	0.047	0.126
0.0	0.98	0.135	0.161
0.0	0.99	0.097	0.148
0.0	0.97	0.06	0.129
0.0	0.92	0.025	0.106
0.0	0.0	0.005	0.016
0.0	0.99	0.007	0.115
0.0	0.55	0.006	0.049
0.0	0.94	0.018	0.108
0.0	0.97	0.02	0.115
0.0	0.96	0.025	0.115
0.0	0.96	0.017	0.112
0.0	0.96	0.017	0.112
0.0	0.97	0.011	0.112
0.0	0.98	0.012	0.114
0.0	0.97	0.013	0.113
0.0	0.99	0.016	0.118
0.0	0.97	0.004	0.11
0.0	0.75	0.003	0.072
0.234	0.98	0.346	0.367
0.148	0.96	0.395	0.358
0.112	0.97	0.168	0.204
0.0	0.77	0.03	0.081
0.112	0.97	0.054	0.151
0.112	0.0	0.028	0.021
0.0	0.96	0.442	0.33
0.0	0.79	0.196	0.136
0.0	0.37	0.238	0.069
0.0	0.91	0.351	0.249
0.159	0.49	0.22	0.108
0.0	0.9	0.295	0.213
0.0	0.93	0.144	0.151
0.0	0.99	0.762	0.595
0.0	0.88	0.408	0.272
0.0	0.98	0.174	0.179
0.0	0.88	0.115	0.127
0.0	0.94	0.175	0.167
0.0	0.8	0.107	0.108
0.0	0.96	0.143	0.159
0.0	0.97	0.171	0.174
0.0	0.0	0.103	0.022
0.148	0.94	0.206	0.225
0.067	0.56	0.09	0.072
0.0	0.71	0.309	0.16
0.112	0.81	0.212	0.175
0.0	0.0	0.173	0.027
0.218	0.95	0.788	0.687
0.112	0.87	0.27	0.224
0.543	0.78	0.823	0.757
0.433	0.99	1.0	0.875
0.05	0.03	0.2	0.034
0.074	0.97	0.082	0.154
0.074	0.71	0.202	0.134
0.083	0.0	0.137	0.028
0.083	0.65	0.199	0.121
0.074	0.45	0.075	0.056
0.0	0.0	0.016	0.017
0.0	0.91	0.035	0.107
0.0	0.0	0.067	0.019
0.0	0.02	0.164	0.027
0.0	0.1	0.201	0.036
0.0	0.05	0.262	0.04
0.0	0.11	0.111	0.028
0.0	0.13	0.209	0.039
0.0	0.01	0.111	0.023
0.426	0.08	0.222	0.078
0.706	0.3	0.319	0.235
1.0	0.0	0.196	0.159
0.706	0.69	0.084	0.245
0.676	0.15	0.396	0.213
0.324	0.31	0.179	0.09
0.0	0.05	0.263	0.04
0.0	0.33	0.073	0.039
0.0	0.0	0.026	0.017
0.0	0.0	0.048	0.018
0.377	0.2	0.025	0.05
0.255	0.21	0.045	0.044
0.08	0.88	0.027	0.113
0.227	0.98	0.059	0.186
0.173	0.54	0.082	0.081
0.0	0.92	0.047	0.113
0.0	0.77	0.037	0.083
0.0	0.91	0.027	0.105
0.0	0.55	0.03	0.053
0.0	0.87	0.063	0.108
0.0	0.94	0.05	0.118
0.0	0.93	0.083	0.128
0.0	0.97	0.094	0.141
0.0	0.16	0.584	0.127
0.0	0.0	0.052	0.019
0.0	0.98	0.042	0.125
0.0	0.83	0.032	0.092
0.0	0.3	0.022	0.031
0.0	0.04	0.575	0.099
0.0	0.0	0.537	0.082
0.0	0.96	0.266	0.219
0.0	0.0	0.485	0.071
0.0	0.99	1.0	0.759
0.0	0.6	0.351	0.148
0.0	0.17	0.781	0.219
0.0	0.79	0.656	0.407
0.0	0.98	0.431	0.332
0.274	0.94	0.142	0.23
0.404	0.0	0.366	0.098
0.453	0.98	0.815	0.796
0.453	0.98	0.606	0.667
0.678	0.98	1.0	0.915
0.757	0.99	0.239	0.524
0.453	0.95	0.273	0.392
1.0	0.98	0.499	0.795
1.0	0.99	0.753	0.9
0.996	0.83	0.284	0.586
1.0	0.45	0.707	0.714
0.0	0.86	0.315	0.21
0.0	0.97	0.242	0.209
0.0	0.94	0.163	0.162
0.0	0.96	0.155	0.164
0.0	0.98	0.16	0.172
0.0	0.98	0.56	0.429
0.0	0.39	0.225	0.069
0.183	0.97	0.677	0.6
0.0	0.91	0.816	0.596
0.241	0.97	0.99	0.82
0.0	0.9	0.84	0.609
0.0	0.96	0.631	0.475
0.0	0.97	0.423	0.322
0.0	0.96	0.176	0.174
0.0	0.0	0.047	0.018
0.0	0.43	0.241	0.079
0.0	0.99	0.33	0.268
0.0	0.96	0.302	0.239
0.0	0.0	0.064	0.019
0.0	0.24	0.133	0.039
0.0	0.97	0.111	0.148
0.0	0.0	0.074	0.02
0.0	0.93	0.105	0.136
0.0	0.63	0.232	0.112
0.0	0.85	0.332	0.216
0.0	0.93	0.2	0.175
0.241	0.99	0.363	0.388
0.0	0.98	0.365	0.286
0.0	0.97	0.392	0.3
0.0	0.98	0.205	0.193
0.0	0.99	0.163	0.176
0.0	0.51	0.085	0.058
0.0	0.97	0.216	0.196
0.0	0.97	0.168	0.173
0.0	0.93	0.075	0.125
0.0	0.61	0.028	0.059
0.0	0.0	0.016	0.017
0.0	0.0	0.026	0.017
0.0	0.69	0.08	0.081
0.0	0.66	0.147	0.093
0.0	0.27	0.112	0.039
0.0	0.87	0.18	0.15
0.0	0.97	0.155	0.167
0.0	0.62	0.219	0.106
0.0	0.0	0.053	0.019
0.0	0.79	0.276	0.169
0.183	0.87	0.398	0.332
0.27	0.0	0.111	0.036
0.398	0.95	0.579	0.609
0.241	0.74	0.045	0.119
0.0	0.15	0.015	0.022
1.0	0.67	1.0	0.91
0.398	0.0	0.928	0.396
0.278	0.92	0.361	0.368
0.183	0.97	0.498	0.458
0.0	0.98	0.216	0.199
0.0	0.99	0.262	0.227
0.0	0.58	0.282	0.118
0.0	0.98	0.279	0.233
0.0	0.0	0.13	0.024
0.0	0.99	0.141	0.166
0.0	0.95	0.247	0.205
0.0	0.0	0.058	0.019
0.0	0.76	0.063	0.088
0.0	0.45	0.066	0.048
0.0	0.23	0.085	0.033
0.0	0.69	0.169	0.104
0.0	0.96	0.264	0.218
0.0	0.96	0.135	0.155
0.785	0.97	0.233	0.522
0.757	0.94	0.203	0.469
0.475	0.98	0.251	0.4
0.0	0.91	0.226	0.182
0.0	0.99	0.094	0.147
0.0	0.94	0.176	0.168
0.0	0.93	0.165	0.16
0.0	0.94	0.194	0.176
0.432	0.96	0.587	0.635
0.639	0.98	0.103	0.359
0.945	0.98	0.155	0.538
0.259	0.97	0.19	0.265
0.0	0.64	0.215	0.109
0.259	0.98	0.215	0.285
0.122	0.86	0.252	0.214
0.0	0.95	0.245	0.204
0.18	0.95	0.269	0.278
0.122	0.99	0.407	0.37
0.122	0.95	0.262	0.253
0.706	0.1	0.862	0.535
1.0	0.27	1.0	0.815
0.0	0.02	0.491	0.075
0.0	0.03	0.168	0.028
0.0	0.04	0.412	0.061
0.0	0.01	0.108	0.023
0.0	0.13	0.134	0.031
0.426	0.04	0.294	0.089
0.426	0.05	0.652	0.24
0.442	0.01	0.561	0.183
0.757	0.01	0.909	0.549
0.0	0.5	0.09	0.057
0.0	0.49	0.079	0.054
0.0	0.99	0.087	0.144
0.0	0.16	0.06	0.026
0.042	0.3	0.049	0.037
0.0	0.97	0.097	0.143
0.148	0.2	0.098	0.042
0.13	0.49	0.103	0.073
0.069	0.52	0.214	0.097
0.218	0.89	0.224	0.24
0.088	0.69	0.28	0.164
0.146	0.92	0.148	0.187
0.148	0.9	0.175	0.195
0.069	0.97	0.239	0.23
0.13	0.96	0.108	0.177
0.0	0.05	0.371	0.055
0.0	0.1	0.258	0.043
0.0	0.21	0.365	0.074
0.422	0.52	0.604	0.418
0.83	0.99	1.0	0.935
0.377	0.82	0.781	0.686
0.178	0.76	0.72	0.523
0.422	0.83	0.523	0.515
0.0	0.0	0.065	0.019
0.001	0.26	0.165	0.045
0.0	0.25	0.215	0.051
0.84	0.9	0.292	0.558
0.0	0.0	0.081	0.02
0.377	0.21	0.2	0.086
0.44	0.93	0.431	0.501
0.584	0.31	0.184	0.14
0.584	0.93	0.147	0.345
0.584	0.69	0.162	0.25
0.0	0.96	0.114	0.147
0.0	0.84	0.083	0.108
0.0	0.95	0.092	0.136
0.0	0.11	0.096	0.027
0.0	0.03	0.194	0.031
0.001	0.02	0.27	0.038
0.282	0.03	0.977	0.398
0.616	0.15	0.88	0.535
0.024	0.0	0.412	0.059
0.0	0.23	0.527	0.123
0.502	0.39	0.75	0.504
0.215	0.0	0.145	0.037
0.616	0.51	0.125	0.178
0.304	0.42	0.155	0.1
0.146	0.89	0.248	0.23
0.227	0.99	0.372	0.389
0.14	0.98	0.403	0.37
0.193	0.99	0.618	0.568
0.731	0.98	0.869	0.886
0.291	0.95	0.347	0.378
1.0	0.95	0.793	0.904
0.313	0.97	0.484	0.506
0.317	0.99	0.553	0.573
0.0	0.65	0.283	0.134
0.0	0.12	0.22	0.04
0.0	0.32	0.897	0.358
0.179	0.14	0.742	0.244
0.0	0.02	0.231	0.034
0.0	0.01	0.158	0.026
0.0	0.01	0.301	0.041
0.636	0.02	0.459	0.19
0.194	0.02	0.169	0.039
0.194	0.02	0.138	0.036
0.285	0.04	0.237	0.059
0.194	0.04	0.266	0.055
0.285	0.02	0.244	0.058
0.173	0.07	0.208	0.047
0.0	0.01	0.396	0.055
0.0	0.02	0.353	0.049
0.0	0.22	0.399	0.084
0.0	0.01	0.093	0.022
0.0	0.02	0.218	0.032
0.0	0.02	0.148	0.026
0.0	0.02	0.643	0.116
0.0	0.02	0.67	0.125
0.0	0.23	0.158	0.041
0.186	0.02	0.647	0.158
0.307	0.11	1.0	0.468
0.001	0.07	0.333	0.051
0.098	0.03	0.095	0.027
0.001	0.03	0.234	0.035
0.001	0.04	0.336	0.049
0.0	0.01	0.208	0.031
0.0	0.01	0.261	0.036
0.0	0.01	0.261	0.036
0.001	0.02	0.392	0.056
0.001	0.08	0.167	0.031
0.001	0.12	0.252	0.044
0.0	0.09	0.124	0.028
0.0	0.03	0.102	0.023
0.0	0.0	0.082	0.02
0.001	0.03	0.157	0.028
0.0	0.04	0.125	0.025
0.001	0.75	0.247	0.145
0.188	0.98	0.239	0.275
0.146	0.22	0.233	0.066
0.787	0.33	0.754	0.605
1.0	0.99	1.0	0.952
0.001	0.0	0.3	0.04
0.341	0.52	0.602	0.381
0.409	0.73	0.244	0.255
0.13	0.21	0.096	0.041
0.0	0.02	0.561	0.092
0.0	0.97	0.427	0.324
0.0	0.03	0.717	0.146
0.0	0.01	0.714	0.139
0.0	0.63	0.105	0.077
0.046	0.22	0.184	0.048
0.079	0.19	0.094	0.036
0.282	0.21	0.045	0.046
0.0	0.2	0.04	0.027
0.0	0.29	0.118	0.041
0.0	0.85	0.262	0.18
0.0	0.96	0.203	0.186
0.0	0.18	0.036	0.025
0.169	0.98	0.629	0.561
0.0	0.74	0.402	0.215
0.0	0.8	0.077	0.099
0.466	0.94	0.45	0.533
0.131	0.67	0.485	0.282
0.173	0.25	0.716	0.27
0.368	0.85	0.788	0.701
0.169	0.97	0.73	0.634
0.169	0.75	0.349	0.243
0.169	0.97	0.345	0.335
0.031	0.96	0.14	0.165
0.079	0.99	0.153	0.194
0.279	0.55	0.13	0.114
0.169	0.98	0.197	0.242
0.279	0.99	0.139	0.249
0.169	0.0	0.036	0.024
0.117	0.27	0.181	0.059
0.197	0.71	0.451	0.302
1.0	0.0	0.387	0.259
0.598	0.88	0.334	0.47
0.598	0.77	1.0	0.857
0.598	0.69	0.357	0.391
0.417	0.96	0.524	0.58
0.598	0.96	0.23	0.428
0.652	0.99	0.733	0.816
0.249	0.92	0.141	0.215
0.466	0.53	0.321	0.243
0.197	0.92	0.329	0.312
1.0	0.99	0.463	0.779
0.708	0.54	0.657	0.6
0.598	0.87	0.255	0.402
0.173	0.98	0.427	0.402
0.0	0.02	0.031	0.018
0.079	0.07	0.172	0.036
0.0	0.03	0.071	0.021
0.0	0.68	0.621	0.328
0.0	0.96	0.291	0.233
0.0	0.91	0.296	0.217
0.0	0.43	0.057	0.045
0.0	0.0	0.549	0.085
0.0	0.97	1.0	0.751
0.0	0.0	0.396	0.054
0.0	0.71	0.421	0.215
0.0	0.97	0.587	0.445
0.0	0.76	0.077	0.091
0.0	0.99	0.15	0.17
0.0	0.96	0.052	0.124
0.0	0.52	0.027	0.049
0.0	0.0	0.236	0.033
0.0	0.98	0.274	0.231
0.0	0.85	0.497	0.319
0.0	0.85	0.112	0.12
0.0	0.91	0.166	0.155
0.129	0.72	0.097	0.111
0.0	0.9	0.106	0.129
0.0	0.75	0.732	0.446
0.0	0.94	0.981	0.727
0.0	0.98	0.87	0.67
0.0	0.94	0.105	0.138
0.0	0.98	0.082	0.139
0.129	0.23	0.116	0.046
0.46	0.56	0.106	0.145
0.129	0.87	0.073	0.137
0.051	0.48	0.099	0.062
1.0	0.93	0.869	0.92
0.0	0.03	0.597	0.104
0.0	0.05	0.601	0.109
0.0	0.08	0.345	0.054
0.0	0.06	0.427	0.067
0.051	0.04	0.664	0.139
0.014	0.08	0.871	0.241
0.04	0.06	0.488	0.086
0.035	0.03	0.503	0.084
0.009	0.01	0.18	0.029
0.051	0.03	0.879	0.239
0.075	0.51	0.534	0.229
0.084	0.5	0.372	0.149
0.255	0.96	0.375	0.388
0.455	0.98	0.971	0.867
1.0	0.86	0.195	0.533
0.0	0.07	0.013	0.019
0.0	0.12	0.017	0.021
0.0	0.97	0.01	0.112
0.217	0.89	0.095	0.173
0.079	0.96	0.138	0.177
0.131	0.96	0.288	0.277
0.131	0.93	0.345	0.302
0.217	0.97	0.388	0.387
0.061	0.78	0.616	0.398
0.217	0.99	0.569	0.54
0.194	0.8	0.236	0.206
0.0	0.99	0.125	0.159
0.0	0.0	0.034	0.018
0.0	0.98	0.121	0.155
0.0	0.0	0.074	0.02
0.0	0.89	0.12	0.132
0.0	0.87	0.124	0.128
0.0	0.97	0.272	0.226
0.0	0.98	0.206	0.194
0.0	0.98	0.263	0.225
0.0	0.57	0.266	0.11
0.0	0.17	0.019	0.024
0.0	0.96	0.023	0.114
0.0	0.0	0.006	0.016
0.0	0.85	0.031	0.095
0.217	0.96	0.395	0.387
0.079	0.97	0.237	0.232
0.079	0.95	0.207	0.208
0.217	0.98	0.311	0.335
0.194	0.98	0.62	0.565
0.194	0.95	1.0	0.805
0.194	0.98	0.67	0.604
0.091	0.96	0.766	0.622
0.081	0.97	0.244	0.236
0.079	0.94	0.078	0.145
0.0	0.0	0.013	0.016
0.133	0.72	0.45	0.281
0.246	0.95	0.52	0.494
0.108	0.95	0.474	0.395
0.121	0.96	1.0	0.787
0.108	0.0	0.178	0.033
0.18	0.97	0.187	0.236
0.122	0.98	0.324	0.306
0.108	0.96	0.57	0.475
0.266	0.0	0.219	0.05
0.073	0.0	0.149	0.029
0.126	0.96	0.198	0.221
0.364	0.87	0.656	0.613
1.0	0.97	0.982	0.947
0.0	0.99	0.086	0.143
0.0	0.0	0.006	0.016
0.0	0.98	0.007	0.113
0.0	0.98	0.005	0.112
0.0	0.98	0.019	0.117
0.0	0.86	0.042	0.1
0.0	0.97	0.091	0.14
0.0	0.98	0.126	0.157
0.0	0.94	0.105	0.138
0.0	0.98	0.028	0.12
0.0	0.82	0.056	0.096
0.0	0.98	0.265	0.225
0.0	0.0	0.012	0.016
0.0	0.64	0.022	0.062
0.0	0.98	0.151	0.168
0.0	0.97	0.089	0.139
0.0	0.0	0.058	0.019
0.0	0.95	0.021	0.111
0.0	0.99	0.025	0.121
0.0	0.98	0.04	0.124
0.0	0.98	0.014	0.115
0.183	0.01	0.168	0.038
0.241	0.0	0.085	0.032
0.399	0.0	0.137	0.049
0.0	0.01	0.217	0.032
0.0	0.0	0.263	0.036
0.241	0.96	0.482	0.466
0.355	0.0	0.142	0.046
0.0	0.97	0.34	0.266
0.241	0.95	0.186	0.249
0.399	0.98	0.367	0.457
0.885	0.98	0.488	0.752
1.0	0.96	0.687	0.872
1.0	0.97	0.592	0.837
0.525	0.97	0.666	0.731
0.398	0.95	0.443	0.502
0.355	0.98	0.456	0.508
0.355	0.98	0.387	0.453
0.0	0.88	0.18	0.153
0.0	0.98	0.255	0.22
0.0	0.93	0.107	0.137
0.0	0.0	0.031	0.017
0.0	0.0	0.063	0.019
0.0	0.0	0.017	0.017
0.0	0.14	0.353	0.062
0.0	0.24	0.136	0.039
0.0	0.18	0.058	0.027
0.0	0.97	0.182	0.179
0.525	0.06	0.52	0.202
0.0	0.64	0.007	0.059
0.0	0.79	0.008	0.079
0.0	0.91	0.007	0.099
0.259	0.95	0.005	0.16
0.428	0.98	0.026	0.229
0.428	0.98	0.055	0.246
0.64	0.95	0.354	0.541
0.565	0.98	0.261	0.448
0.565	0.97	0.514	0.642
0.565	0.93	0.166	0.351
0.917	0.99	0.894	0.924
1.0	0.94	0.504	0.784
0.64	0.99	0.62	0.751
0.917	0.84	0.392	0.638
0.525	0.99	0.275	0.446
0.428	0.97	0.117	0.281
0.241	0.64	0.062	0.104
0.0	0.98	0.011	0.114
0.0	0.95	0.008	0.107
0.398	0.98	0.456	0.528
0.565	0.99	0.996	0.898
0.0	0.0	0.007	0.016
0.0	0.0	0.144	0.025
0.241	0.93	0.189	0.243
0.0	0.98	0.634	0.488
0.0	0.97	0.454	0.343
0.0	0.85	0.15	0.133
0.0	0.9	0.137	0.141
0.0	0.96	0.003	0.108
0.0	0.98	0.004	0.112
0.0	0.8	0.027	0.085
0.0	0.93	0.149	0.153
0.0	0.0	0.001	0.016
0.0	0.96	0.005	0.108
0.0	0.94	0.009	0.105
0.0	0.98	0.018	0.116
0.0	0.94	0.021	0.109
0.0	0.98	0.016	0.116
0.0	0.99	0.024	0.121
0.0	0.71	0.006	0.067
0.0	0.95	0.118	0.146
0.0	0.97	0.101	0.144
0.0	0.58	0.298	0.123
0.0	0.94	0.3	0.231
0.0	0.8	0.007	0.08
0.241	0.0	0.58	0.138
0.0	0.0	0.003	0.016
0.0	0.15	0.009	0.022
0.0	0.7	0.054	0.076
0.0	0.79	0.123	0.11
0.183	0.96	0.562	0.504
0.0	0.86	0.64	0.43
0.259	0.96	0.871	0.759
0.0	0.98	0.314	0.254
0.0	0.98	0.06	0.131
0.0	0.96	0.05	0.123
0.0	0.96	0.046	0.122
0.259	0.98	0.024	0.178
0.259	0.94	0.024	0.166
0.259	0.99	0.008	0.173
0.0	0.86	0.023	0.094
0.0	0.75	0.005	0.073
0.241	0.67	0.019	0.097
0.0	0.72	0.008	0.069
0.241	0.7	0.007	0.099
0.0	0.86	0.01	0.091
0.0	0.91	0.038	0.108
0.0	0.98	0.062	0.132
0.0	0.95	0.078	0.131
0.355	0.95	0.093	0.233
0.382	0.98	0.043	0.224
0.0	0.98	0.061	0.131
0.0	0.98	0.068	0.134
0.0	0.93	0.151	0.154
0.0	0.97	0.147	0.163
0.0	0.95	0.478	0.351
0.0	0.98	0.238	0.211
0.0	0.89	0.019	0.099
0.0	0.96	0.107	0.144
0.0	0.93	0.084	0.128
0.0	0.97	0.242	0.21
0.055	0.87	0.644	0.463
0.281	0.96	0.482	0.484
0.154	0.86	0.16	0.177
0.104	0.97	0.864	0.703
0.166	0.97	0.517	0.465
0.0	0.98	0.243	0.213
0.0	0.0	0.188	0.028
0.0	0.0	0.11	0.022
0.0	0.93	0.173	0.163
0.0	0.72	0.119	0.096
0.0	0.93	0.302	0.228
0.0	0.84	0.482	0.304
0.0	0.92	0.172	0.16
1.0	0.96	0.946	0.94
0.104	0.97	0.478	0.406
0.16	0.97	0.474	0.428
0.0	0.01	0.149	0.026
0.0	0.01	0.242	0.034
0.0	0.0	0.196	0.029
0.0	0.01	0.515	0.079
0.0	0.05	0.63	0.118
0.0	0.01	0.405	0.057
0.0	0.01	0.453	0.065
0.0	0.01	0.416	0.059
0.0	0.01	0.334	0.046
0.0	0.01	0.47	0.069
0.576	0.01	0.282	0.105
0.458	0.01	0.191	0.066
1.0	0.01	0.554	0.378
0.0	0.94	0.099	0.136
0.095	0.95	0.153	0.185
0.146	0.0	0.122	0.03
0.157	0.95	0.134	0.193
0.193	0.98	0.157	0.227
0.14	0.95	0.09	0.168
0.0	0.92	0.197	0.171
0.135	0.93	0.027	0.135
0.152	0.96	0.222	0.243
0.193	0.93	0.279	0.281
0.092	0.98	0.079	0.16
0.0	0.96	0.032	0.117
0.0	0.75	0.037	0.08
0.0	0.96	0.087	0.136
0.0	0.98	0.054	0.129
0.0	0.77	0.057	0.088
0.0	0.78	0.018	0.08
0.0	0.87	0.055	0.105
0.0	0.98	0.082	0.139
0.27	0.85	0.036	0.149
0.398	0.97	0.085	0.25
0.525	0.97	0.331	0.481
0.565	0.96	0.235	0.418
0.565	0.96	0.372	0.527
1.0	0.97	0.215	0.605
0.399	0.96	0.459	0.52
0.565	0.98	0.326	0.5
0.64	0.98	0.364	0.565
0.525	0.97	0.637	0.712
0.398	0.95	0.248	0.35
0.0	0.99	0.339	0.274
0.0	0.92	0.06	0.117
0.0	0.95	0.012	0.108
0.0	0.97	0.004	0.11
0.0	0.98	0.0	0.111
0.0	0.0	0.065	0.019
0.0	0.96	0.089	0.137
0.0	0.99	0.426	0.333
0.0	0.83	0.169	0.135
0.0	0.95	0.027	0.113
0.0	0.82	0.003	0.083
0.0	0.98	0.001	0.111
0.0	0.74	0.014	0.073
0.0	0.0	0.022	0.017
0.0	0.87	0.134	0.132
0.0	0.96	0.118	0.148
0.0	0.98	0.176	0.18
0.0	0.0	0.068	0.02
0.0	0.95	0.084	0.133
0.0	0.97	0.171	0.174
0.0	0.88	0.044	0.104
0.0	0.0	0.071	0.02
0.0	0.62	0.094	0.073
0.0	0.24	0.133	0.039
0.0	0.8	0.061	0.094
0.0	0.57	0.063	0.061
0.0	0.91	0.032	0.106
0.0	0.98	0.269	0.228
0.259	0.91	0.126	0.206
0.355	0.98	0.564	0.594
0.382	0.97	0.629	0.649
0.109	0.92	1.0	0.769
0.25	0.0	0.363	0.075
0.0	0.97	0.407	0.31
0.0	0.94	0.395	0.289
0.0	0.95	0.288	0.227
0.0	0.0	0.059	0.019
0.0	0.0	0.172	0.027
0.0	0.98	0.132	0.16
0.0	0.0	0.002	0.016
0.0	0.91	0.076	0.121
0.0	0.9	0.554	0.384
0.0	0.98	0.506	0.387
0.0	0.97	0.351	0.273
0.188	0.92	0.365	0.333
0.0	0.98	0.328	0.263
0.0	0.84	0.033	0.093
0.0	0.61	0.002	0.055
0.0	0.96	0.256	0.213
0.0	0.55	0.188	0.085
0.0	0.92	0.19	0.168
0.0	0.94	0.183	0.17
0.0	0.92	0.236	0.19
0.0	0.0	0.109	0.022
0.183	0.94	0.032	0.151
0.259	0.65	0.173	0.149
0.183	0.94	0.138	0.2
0.0	0.0	0.078	0.02
0.0	0.98	0.243	0.214
0.0	0.8	0.087	0.101
0.0	0.98	0.123	0.156
0.0	0.87	0.637	0.433
0.0	0.87	0.386	0.254
0.051	0.94	1.0	0.757
0.051	0.71	0.709	0.431
0.051	0.84	0.549	0.372
0.051	0.94	0.166	0.176
0.455	0.75	0.302	0.319
0.0	0.93	0.628	0.457
0.275	0.82	0.734	0.609
0.0	0.97	0.566	0.428
0.275	0.96	0.602	0.577
0.275	0.9	0.133	0.211
0.455	0.62	0.986	0.762
0.455	0.0	0.631	0.219
0.76	0.82	0.903	0.867
0.46	0.96	0.82	0.795
0.0	0.96	0.577	0.432
0.0	0.21	0.469	0.101
0.0	0.49	0.412	0.143
1.0	0.67	0.943	0.894
0.0	0.31	0.44	0.112
0.0	0.99	0.889	0.688
0.241	0.99	0.449	0.455
0.183	0.83	0.793	0.619
0.0	0.02	0.262	0.037
0.416	0.05	0.284	0.087
0.0	0.02	0.01	0.017
0.0	0.04	0.008	0.018
0.11	0.06	0.022	0.023
0.163	0.13	0.075	0.035
0.282	0.69	0.253	0.204
0.0	0.93	0.105	0.136
0.0	0.97	0.386	0.296
0.0	0.97	0.039	0.121
0.0	0.98	0.366	0.287
0.416	0.98	0.432	0.517
0.241	0.98	1.0	0.828
0.182	0.85	0.27	0.239
0.241	0.97	0.519	0.501
0.182	0.94	0.925	0.757
0.163	0.98	0.749	0.65
0.163	0.95	0.699	0.597
0.11	0.76	0.479	0.309
0.0	0.84	0.129	0.123
0.0	0.0	0.007	0.016
0.0	0.9	0.094	0.125
0.282	0.81	0.028	0.138
0.0	0.94	0.029	0.112
0.416	0.88	0.046	0.201
1.0	0.8	0.062	0.396
0.11	0.94	0.047	0.14
0.11	0.0	0.023	0.021
0.0	0.57	0.004	0.051
0.0	0.77	0.017	0.078
0.0	0.99	0.155	0.173
0.0	0.91	0.33	0.236
0.0	0.99	0.737	0.575
0.0	0.46	0.574	0.209
0.0	0.49	0.832	0.392
0.0	0.96	0.712	0.54
0.0	0.92	0.447	0.315
0.014	0.0	0.487	0.073
0.0	0.0	0.139	0.024
0.377	0.4	0.195	0.121
0.377	0.6	0.661	0.484
0.116	0.1	0.297	0.06
0.285	0.77	0.364	0.304
0.285	0.68	0.3	0.227
0.377	0.95	0.393	0.452
0.667	0.96	0.254	0.479
1.0	0.95	0.755	0.893
0.693	0.86	0.296	0.472
1.0	0.94	0.467	0.764
0.278	0.0	0.436	0.098
0.718	0.96	1.0	0.917
0.427	0.94	0.773	0.75
0.217	0.98	0.804	0.71
0.255	0.94	0.718	0.647
0.0	0.0	0.372	0.05
0.0	0.98	0.454	0.348
0.0	0.31	0.654	0.2
0.0	0.19	0.674	0.172
0.0	0.9	0.328	0.232
0.422	0.92	0.357	0.429
0.933	0.98	0.245	0.603
0.706	0.71	0.182	0.317
0.0	0.97	0.315	0.251
0.0	0.79	0.244	0.155
0.422	0.96	0.093	0.259
0.0	0.97	0.123	0.153
0.0	0.95	0.082	0.132
0.0	0.93	0.001	0.101
0.0	0.8	0.007	0.08
0.0	0.98	0.049	0.127
0.0	0.99	0.002	0.113
0.0	0.82	0.059	0.097
0.0	0.29	0.056	0.034
0.0	0.91	0.017	0.102
0.0	0.0	0.002	0.016
0.0	0.75	0.003	0.072
0.12	0.98	0.012	0.139
0.706	0.95	0.026	0.318
0.078	0.52	0.005	0.053
0.12	0.68	0.018	0.081
0.047	0.1	0.188	0.038
0.12	0.21	0.004	0.03
0.047	0.39	0.072	0.047
0.078	0.94	0.104	0.156
0.047	0.0	0.032	0.019
0.047	0.97	0.041	0.132
0.0	0.02	0.02	0.017
0.0	0.02	0.035	0.018
0.0	0.1	0.025	0.021
0.0	0.02	0.053	0.019
0.0	0.91	0.0	0.097
0.0	0.0	0.0	0.016
0.0	0.89	0.329	0.228
0.0	0.38	0.333	0.094
0.0	0.45	0.005	0.04
0.0	0.5	0.007	0.045
0.0	0.77	0.0	0.074
0.0	0.97	0.0	0.109
0.0	0.0	0.0	0.016
0.0	0.94	0.0	0.103
0.0	0.0	0.0	0.016
0.0	0.7	0.029	0.071
0.0	0.92	0.002	0.1
0.0	0.0	0.0	0.016
0.0	0.96	0.0	0.107
0.0	0.6	0.0	0.053
0.0	0.97	0.0	0.109
0.0	0.9	0.0	0.095
0.44	0.98	0.0	0.219
0.0	0.98	0.0	0.111
0.0	0.78	0.017	0.079
0.256	0.72	0.0	0.104
0.422	0.96	0.001	0.206
0.199	0.69	0.0	0.089
0.427	0.97	0.0	0.211
0.631	0.0	0.0	0.049
1.0	0.89	0.0	0.394
0.0	0.41	0.017	0.038
0.0	0.94	0.001	0.103
0.0	0.58	0.141	0.078
0.427	0.94	0.154	0.291
0.0	0.62	0.114	0.078
0.0	0.0	0.269	0.037
0.0	0.77	0.31	0.178
0.0	0.9	0.55	0.38
0.0	0.71	0.41	0.209
0.0	0.27	0.261	0.061
0.63	0.94	0.157	0.376
0.0	0.85	0.343	0.222
0.0	0.56	0.134	0.073
0.0	0.81	0.25	0.163
0.0	0.23	0.127	0.037
0.0	0.17	0.096	0.03
0.135	0.17	0.484	0.122
0.0	0.42	0.469	0.148
0.0	0.53	0.21	0.087
0.0	0.14	0.247	0.045
0.791	0.38	0.46	0.4
0.473	0.99	0.649	0.709
0.479	0.92	0.322	0.427
0.286	0.98	0.467	0.485
0.135	0.95	0.49	0.419
0.0	0.98	0.558	0.427
0.0	0.93	0.76	0.562
0.0	0.92	0.622	0.447
0.199	0.96	0.612	0.551
0.0	0.88	0.255	0.186
0.199	0.99	1.0	0.819
0.199	0.9	0.491	0.424
0.286	0.9	0.214	0.262
0.286	0.96	0.131	0.235
0.422	0.97	0.307	0.415
0.0	0.98	0.235	0.209
0.0	0.96	0.289	0.232
0.0	0.52	0.572	0.23
0.404	0.72	0.733	0.615
0.404	0.95	0.763	0.74
0.404	0.9	0.558	0.57
0.882	0.73	0.909	0.874
0.532	0.63	0.65	0.562
0.0	0.95	0.639	0.476
0.0	0.96	0.904	0.685
0.0	0.54	0.7	0.319
0.404	0.98	1.0	0.866
0.404	0.34	0.257	0.135
0.532	0.41	0.314	0.216
1.0	0.65	0.563	0.705
0.668	0.93	0.737	0.803
0.0	0.97	0.274	0.227
0.0	0.98	0.533	0.408
0.0	0.98	0.45	0.345
0.0	0.96	0.431	0.323
0.0	0.86	0.362	0.236
0.0	0.95	0.395	0.293
0.0	0.95	0.241	0.202
0.0	0.95	0.159	0.163
0.0	0.69	0.323	0.161
0.0	0.94	0.378	0.278
0.184	0.48	0.263	0.125
0.0	0.99	0.462	0.359
0.0	0.0	0.11	0.022
0.0	0.39	0.241	0.073
0.0	0.97	0.303	0.244
0.0	0.95	0.516	0.379
0.0	0.96	0.251	0.211
0.404	0.98	0.815	0.781
0.597	0.95	0.403	0.561
0.404	0.96	0.643	0.664
0.133	0.52	0.091	0.075
0.0	0.75	0.12	0.101
0.0	0.0	0.137	0.024
0.0	0.96	0.18	0.175
0.0	0.98	0.117	0.153
0.0	0.28	0.118	0.04
0.0	0.03	0.099	0.023
0.0	0.0	0.036	0.018
0.0	0.1	0.11	0.027
0.472	0.21	0.127	0.082
0.0	0.92	0.757	0.555
0.0	0.0	0.323	0.043
0.0	0.3	0.469	0.119
0.0	0.37	0.355	0.098
0.0	0.91	0.213	0.176
0.0	0.69	0.419	0.207
0.282	0.82	0.59	0.499
0.282	0.99	1.0	0.841
0.282	0.3	0.465	0.183
0.0	0.47	0.467	0.161
0.0	0.4	0.137	0.054
0.0	0.94	0.237	0.197
0.0	0.94	0.099	0.136
0.0	0.0	0.362	0.049
0.0	0.94	0.009	0.105
0.0	0.77	0.002	0.075
0.0	0.78	0.014	0.079
0.0	0.84	0.021	0.09
0.0	0.9	0.031	0.104
0.0	0.98	0.01	0.114
0.0	0.73	0.027	0.074
0.0	0.0	0.007	0.016
0.0	0.11	0.007	0.02
0.0	0.98	0.009	0.114
0.0	0.92	0.014	0.103
0.0	0.94	0.029	0.111
0.0	0.96	0.017	0.112
0.0	0.96	0.026	0.115
0.0	0.86	0.015	0.092
0.0	0.98	0.019	0.117
0.0	0.98	0.005	0.112
0.0	0.92	0.008	0.101
0.0	0.99	0.0	0.113
0.0	0.94	0.0	0.103
0.0	0.0	0.0	0.016
0.0	0.53	0.03	0.051
0.0	0.0	0.001	0.016
0.0	0.47	0.002	0.041
0.0	0.93	0.004	0.102
0.0	0.05	0.007	0.018
0.282	0.0	0.0	0.026
0.317	0.89	0.002	0.157
0.0	0.0	0.0	0.016
0.189	0.93	0.012	0.141
0.304	0.69	0.003	0.107
0.0	0.78	0.004	0.076
0.0	0.97	0.01	0.112
0.0	0.64	0.0	0.058
0.0	0.0	0.0	0.016
0.468	0.96	0.0	0.22
0.304	0.95	0.0	0.17
0.215	0.0	0.0	0.023
0.317	0.96	0.0	0.176
0.616	0.96	0.0	0.27
0.433	0.89	0.0	0.186
0.502	0.97	0.003	0.236
1.0	0.88	0.0	0.389
0.0	0.99	0.001	0.113
0.0	0.79	0.0	0.077
0.466	0.54	0.0	0.105
0.0	0.0	0.0	0.016
0.0	0.0	0.0	0.016
0.0	0.16	0.004	0.022
0.0	0.91	0.003	0.098
0.0	0.45	0.002	0.04
0.0	0.31	0.0	0.03
0.0	0.0	0.0	0.016
0.0	0.05	0.019	0.019
0.0	0.11	0.006	0.02
0.0	0.23	0.03	0.028
0.0	0.59	0.019	0.055
0.416	0.85	0.014	0.176
0.0	0.68	0.0	0.062
0.0	0.0	0.0	0.016
0.0	0.29	0.026	0.031
0.0	0.98	0.068	0.134
0.0	0.87	0.008	0.092
0.0	0.95	0.0	0.105
0.0	0.91	0.0	0.097
0.0	0.95	0.01	0.108
0.0	0.87	0.012	0.093
0.0	0.63	0.0	0.056
0.293	0.99	0.001	0.179
0.0	0.78	0.009	0.078
0.0	0.2	0.006	0.024
0.0	0.19	0.007	0.024
0.0	0.39	0.026	0.038
0.0	0.93	0.009	0.103
0.0	0.43	0.004	0.038
0.0	0.22	0.002	0.025
0.0	0.06	0.0	0.018
0.0	0.39	0.0	0.035
0.0	0.31	0.0	0.03
0.0	0.59	0.0	0.052
0.0	0.75	0.0	0.071
0.0	0.25	0.0	0.026
0.0	0.43	0.001	0.038
0.0	0.23	0.034	0.028
0.0	0.54	0.023	0.051
0.282	0.57	0.041	0.092
0.282	0.65	0.038	0.106
0.282	0.9	0.068	0.18
0.0	0.78	0.007	0.077
0.0	0.83	0.0	0.083
0.0	0.65	0.0	0.059
0.0	0.88	0.0	0.092
0.0	0.0	0.0	0.016
0.0	0.25	0.0	0.026
0.0	0.98	0.001	0.111
0.0	0.0	0.0	0.016
0.0	0.93	0.0	0.101
0.0	0.58	0.0	0.051
0.0	0.0	0.0	0.016
0.0	0.85	0.0	0.087
0.0	0.4	0.0	0.036
0.0	0.86	0.0	0.088
0.0	0.33	0.0	0.031
0.0	0.0	0.0	0.016
0.0	0.0	0.0	0.016
0.0	0.63	0.002	0.057
0.0	0.9	0.0	0.095
0.0	0.99	0.001	0.113
0.0	0.88	0.007	0.094
0.0	0.97	0.029	0.118
0.0	0.98	0.033	0.121
0.0	0.83	0.042	0.094
0.0	0.2	0.028	0.026
0.0	0.0	0.025	0.017
0.0	0.08	0.03	0.02
0.0	0.15	0.046	0.025
0.496	0.59	0.068	0.146
0.304	0.61	0.432	0.287
0.231	0.41	0.317	0.138
0.377	0.14	0.392	0.131
0.304	0.9	1.0	0.82
0.086	0.41	0.256	0.092
0.0	0.88	0.034	0.101
0.0	0.08	0.026	0.02
0.0	0.98	0.543	0.415
0.0	0.28	0.176	0.048
0.307	0.96	0.169	0.265
0.508	0.98	0.876	0.84
0.668	0.98	0.397	0.603
0.668	0.97	0.274	0.501
0.307	0.92	0.682	0.632
0.76	0.97	0.587	0.765
0.307	0.97	1.0	0.841
0.0	0.97	0.661	0.504
0.508	0.98	0.206	0.38
0.307	0.98	0.492	0.515
0.597	0.98	0.221	0.432
0.0	0.95	0.029	0.113
0.508	0.97	0.209	0.377
0.304	0.98	0.062	0.21
0.404	0.96	0.054	0.23
0.671	0.98	0.046	0.331
0.671	0.98	0.014	0.309
1.0	0.98	0.015	0.451
0.671	0.69	0.005	0.192
0.307	0.21	0.09	0.055
0.217	0.17	0.082	0.042
0.285	0.72	0.07	0.133
0.406	0.91	0.082	0.228
0.612	0.99	0.14	0.38
0.612	0.42	0.215	0.192
0.659	0.52	0.603	0.525
1.0	0.92	0.635	0.842
1.0	0.97	1.0	0.95
0.287	0.66	0.399	0.28
0.287	0.01	0.513	0.126
0.427	0.11	0.492	0.177
0.0	0.0	0.143	0.025
0.0	0.9	0.003	0.096
0.0	0.96	0.001	0.107
0.0	0.97	0.013	0.113
0.001	0.89	0.019	0.099
0.0	0.94	0.0	0.103
0.0	0.91	0.0	0.097
0.0	0.0	0.0	0.016
0.0	0.82	0.0	0.082
0.0	0.0	0.0	0.016
0.0	0.98	0.0	0.111
0.0	0.89	0.0	0.093
0.0	0.97	0.0	0.109
0.0	0.97	0.0	0.109
0.0	0.98	0.0	0.111
0.001	0.99	0.003	0.114
0.001	0.91	0.0	0.097
0.001	0.95	0.001	0.105
0.001	0.97	0.003	0.11
0.0	0.77	0.02	0.079
0.001	0.97	0.009	0.112
0.001	0.99	0.0	0.113
0.0	0.96	0.015	0.111
0.0	0.95	0.003	0.105
0.001	0.4	0.059	0.043
0.0	0.28	0.046	0.032
0.0	0.68	0.16	0.1
0.0	0.98	0.001	0.111
0.0	0.98	0.0	0.111
0.0	0.86	0.002	0.089
0.0	0.0	0.006	0.016
0.0	0.26	0.011	0.028
0.0	0.0	0.005	0.016
0.0	0.31	0.148	0.047
0.001	0.89	0.019	0.099
0.0	0.91	0.0	0.097
0.0	0.98	0.0	0.111
0.0	0.98	0.0	0.111
0.001	0.0	0.0	0.016
0.0	0.0	0.0	0.016
0.281	0.83	0.0	0.132
0.0	0.95	0.0	0.105
0.0	0.99	0.0	0.113
0.001	0.93	0.003	0.102
0.0	0.8	0.002	0.079
0.598	0.72	0.0	0.178
0.598	0.9	0.002	0.241
0.598	0.95	0.0	0.26
0.598	0.77	0.0	0.194
0.0	0.0	0.0	0.016
0.0	0.98	0.0	0.111
0.0	0.0	0.0	0.016
0.0	0.97	0.0	0.109
0.001	0.97	0.0	0.109
0.001	0.11	0.0	0.02
0.0	0.13	0.057	0.025
0.0	0.11	0.024	0.021
0.598	0.98	0.006	0.276
0.598	0.99	0.055	0.313
0.281	0.45	0.045	0.074
0.24	0.35	0.276	0.112
0.24	0.0	0.032	0.027
0.614	0.82	0.081	0.263
0.182	0.8	0.035	0.118
0.0	0.03	0.002	0.017
0.001	0.23	0.019	0.027
0.0	0.95	0.01	0.108
0.0	0.68	0.032	0.069
0.0	0.0	0.017	0.017
0.001	0.89	0.236	0.181
0.001	0.92	0.227	0.186
0.001	0.97	0.141	0.161
0.001	0.93	0.21	0.18
0.001	0.95	0.252	0.208
0.001	0.95	0.293	0.231
0.001	0.05	0.309	0.046
0.001	0.0	0.09	0.021
0.001	0.91	0.302	0.221
0.001	0.91	0.05	0.112
0.001	0.96	0.096	0.14
0.0	0.95	0.213	0.188
0.001	0.88	0.14	0.137
0.0	0.0	0.103	0.022
0.001	0.93	0.277	0.215
0.0	0.92	0.128	0.142
0.918	0.95	0.719	0.864
0.952	0.94	0.898	0.922
0.421	0.48	0.239	0.17
0.644	0.46	0.259	0.24
0.087	0.11	0.022	0.025
0.0	0.0	0.079	0.02
0.0	0.16	0.239	0.046
0.0	0.02	0.002	0.017
0.0	0.03	0.002	0.017
0.0	0.74	0.002	0.071
0.0	0.0	0.003	0.016
0.0	0.0	0.001	0.016
0.0	0.0	0.032	0.017
0.034	0.0	0.038	0.019
0.0	0.65	0.258	0.125
0.952	0.94	0.56	0.799
0.189	0.73	0.151	0.145
0.074	0.24	0.222	0.058
1.0	0.98	0.188	0.589
0.67	0.95	0.02	0.299
0.524	0.4	0.026	0.095
0.0	0.46	0.005	0.041
0.916	0.45	0.24	0.324
0.42	0.4	0.154	0.116
0.0	0.34	0.081	0.041
0.0	0.42	0.063	0.045
0.0	0.9	0.363	0.252
0.0	0.94	0.201	0.179
0.435	0.99	0.453	0.548
0.435	0.92	0.198	0.315
0.76	0.84	0.172	0.395
1.0	0.75	0.605	0.772
1.0	0.87	0.364	0.667
0.719	0.97	0.687	0.806
0.42	0.95	0.403	0.48
0.42	0.0	0.125	0.049
0.0	0.93	0.373	0.271
0.498	0.98	1.0	0.885
0.0	0.95	0.376	0.281
0.0	0.94	0.331	0.249
0.0	0.92	0.489	0.345
0.444	0.47	0.181	0.148
1.0	0.99	0.34	0.704
0.464	0.92	0.293	0.398
0.21	0.0	0.118	0.033
0.035	0.97	0.342	0.28
0.212	0.97	0.332	0.343
0.657	0.98	0.991	0.909
0.213	0.98	0.535	0.506
0.0	0.0	0.101	0.022
0.0	0.89	0.162	0.148
0.0	0.0	0.06	0.019
0.0	0.96	0.472	0.351
0.301	0.95	0.657	0.626
0.0	0.97	0.512	0.386
0.103	0.0	0.253	0.042
0.179	0.99	0.491	0.461
0.0	0.0	0.085	0.021
0.677	0.96	0.725	0.81
0.341	0.86	0.429	0.418
0.088	0.98	0.228	0.233
0.037	0.98	0.15	0.177
0.0	0.77	0.325	0.185
0.179	0.96	0.268	0.282
1.0	0.98	0.959	0.945
0.341	0.96	0.913	0.807
0.019	0.02	0.238	0.036
0.0	0.0	0.071	0.02
0.0	0.98	0.243	0.214
0.584	0.29	1.0	0.681
0.534	0.99	0.687	0.755
0.805	0.98	0.858	0.896
0.361	0.94	0.367	0.42
0.178	0.76	0.35	0.251
0.0	0.48	0.212	0.079
0.0	0.96	0.208	0.189
0.404	0.12	0.573	0.214
0.427	0.95	0.763	0.748
0.686	0.96	0.91	0.887
0.0	0.02	0.21	0.032
0.341	0.97	0.172	0.284
0.207	0.98	0.464	0.447
0.0	0.5	0.204	0.081
0.0	0.89	0.059	0.111
0.0	0.0	0.091	0.021
0.305	0.0	0.271	0.063
0.207	0.98	0.572	0.533
0.305	0.94	0.251	0.31
0.305	0.97	0.725	0.686
0.272	0.0	0.226	0.052
0.124	0.0	0.241	0.042
0.272	0.99	0.898	0.789
0.292	0.97	0.758	0.704
0.0	0.85	0.018	0.091
0.0	0.97	0.069	0.132
0.0	0.0	0.108	0.022
0.0	0.99	0.19	0.19
0.0	0.0	0.017	0.017
0.0	0.87	0.269	0.19
0.0	0.93	0.266	0.208
0.0	0.59	0.677	0.326
0.0	0.98	0.993	0.751
0.0	0.94	0.481	0.349
0.0	0.85	0.074	0.107
0.0	0.93	0.027	0.109
0.0	0.87	0.049	0.104
0.0	0.91	0.056	0.114
0.0	0.95	0.053	0.122
0.0	0.91	0.017	0.102
0.0	0.37	0.026	0.036
0.0	0.85	0.057	0.102
0.963	0.98	0.103	0.505
0.798	0.98	0.124	0.446
0.432	0.52	0.023	0.102
0.272	0.96	0.025	0.176
0.272	0.97	0.051	0.191
0.272	0.89	0.059	0.17
0.67	0.99	1.0	0.915
0.509	0.92	0.627	0.677
0.503	0.19	0.721	0.378
0.497	0.98	0.445	0.564
0.141	0.55	0.87	0.517
0.092	0.81	0.316	0.221
0.509	0.32	0.304	0.175
0.815	0.68	0.195	0.357
0.815	0.35	0.085	0.164
0.815	0.19	0.295	0.216
0.757	0.35	0.077	0.147
0.458	0.4	0.071	0.097
0.0	0.67	0.124	0.088
0.458	0.91	0.284	0.383
0.0	0.25	0.206	0.05
0.0	0.16	0.145	0.034
0.0	0.0	0.163	0.026
0.0	0.56	0.068	0.06
0.0	0.0	0.012	0.016
0.0	0.5	0.227	0.086
0.0	0.97	0.645	0.491
0.0	0.92	0.302	0.224
0.0	0.66	0.164	0.097
0.0	0.99	0.115	0.155
0.0	0.97	0.062	0.129
0.0	0.0	0.1	0.022
0.241	0.7	0.197	0.169
0.183	0.96	0.164	0.221
0.0	0.84	0.019	0.09
0.241	0.68	0.075	0.116
0.109	0.99	0.056	0.156
0.181	0.96	0.101	0.187
0.545	0.96	0.35	0.5
0.852	0.95	0.563	0.773
0.525	0.96	0.429	0.554
0.595	0.98	0.513	0.659
0.0	0.96	0.018	0.112
0.0	0.97	0.016	0.114
0.852	0.96	0.356	0.642
1.0	0.88	0.439	0.722
0.852	0.99	1.0	0.938
0.0	0.94	0.0	0.103
0.0	0.98	0.0	0.111
0.0	0.37	0.074	0.042
0.531	0.51	0.016	0.115
0.698	0.29	0.0	0.096
0.531	0.37	0.002	0.085
0.466	0.87	0.0	0.189
0.317	0.39	0.0	0.061
0.215	0.69	0.0	0.092
0.0	0.52	0.0	0.045
0.0	0.6	0.014	0.056
0.0	0.87	0.0	0.09
0.215	0.92	0.0	0.14
0.282	0.95	0.071	0.198
0.0	0.97	0.06	0.129
0.317	0.98	0.071	0.219
0.317	0.98	0.001	0.183
0.0	0.0	0.0	0.016
0.0	0.82	0.054	0.096
0.0	0.24	0.006	0.026
0.0	0.89	0.0	0.093
0.215	0.87	0.0	0.128
0.282	0.65	0.0	0.095
0.282	0.0	0.0	0.026
0.215	0.96	0.0	0.151
0.199	0.08	0.513	0.124
0.433	0.07	0.58	0.209
0.433	0.01	0.361	0.104
0.197	0.01	0.738	0.201
0.0	0.91	0.585	0.413
0.262	0.95	0.922	0.785
0.282	0.12	0.332	0.091
0.0	0.18	0.763	0.213
0.0	0.36	0.343	0.093
0.272	0.29	0.363	0.135
0.466	0.52	0.561	0.404
1.0	0.33	1.0	0.833
0.649	0.3	0.93	0.662
0.435	0.11	0.63	0.253
0.093	0.02	0.257	0.043
0.056	0.02	0.292	0.045
0.048	0.01	0.076	0.022
0.0	0.05	0.28	0.042
0.0	0.02	0.07	0.02
0.0	0.0	0.007	0.016
0.119	0.0	0.019	0.021
0.0	0.97	0.084	0.137
0.0	0.61	0.122	0.078
0.0	0.93	0.238	0.194
0.387	0.66	0.276	0.239
0.282	0.73	0.078	0.137
0.262	0.91	0.08	0.184
0.262	0.81	0.077	0.153
0.197	0.0	0.107	0.031
0.272	0.69	0.322	0.239
0.0	0.77	0.282	0.165
0.416	0.75	0.314	0.312
0.402	0.87	0.231	0.303
0.466	0.99	0.254	0.404
0.262	0.83	0.175	0.205
0.0	0.0	0.018	0.017
0.0	0.54	0.224	0.092
0.0	0.99	0.074	0.139
0.0	0.0	0.004	0.016
0.0	0.27	0.033	0.03
0.0	0.9	0.03	0.104
0.0	0.73	0.04	0.077
0.0	0.95	0.032	0.115
0.0	0.93	0.03	0.11
0.0	0.04	0.204	0.032
0.207	0.96	0.076	0.182
1.0	0.0	0.064	0.11
0.724	0.98	0.148	0.431
0.593	0.99	0.316	0.511
0.0	0.29	0.288	0.069
0.0	0.99	0.333	0.27
0.0	0.0	0.012	0.016
0.0	0.86	0.063	0.106
0.0	0.83	0.111	0.115
0.0	0.97	0.096	0.142
0.0	0.0	0.081	0.02
0.0	0.0	0.035	0.018
0.0	0.98	0.173	0.178
0.0	0.89	0.231	0.178
0.0	0.96	0.344	0.265
0.0	0.34	0.343	0.089
0.0	0.98	0.287	0.238
0.0	0.95	0.358	0.27
0.0	0.27	0.403	0.093
0.0	0.5	0.207	0.081
0.0	0.96	0.129	0.153
0.0	0.72	0.127	0.098
0.317	0.91	0.481	0.474
0.282	0.99	0.301	0.359
0.282	0.96	0.314	0.354
0.317	0.57	0.031	0.095
0.317	0.42	0.086	0.083
0.0	0.79	0.053	0.09
0.416	0.96	0.229	0.348
0.468	0.95	0.663	0.699
0.698	0.97	1.0	0.916
0.468	0.99	0.459	0.567
0.0	0.5	0.22	0.085
0.0	0.0	0.265	0.036
0.0	0.99	0.617	0.479
0.419	0.97	1.0	0.867
0.389	0.84	0.658	0.611
0.0	0.15	0.077	0.027
0.0	0.87	0.258	0.184
0.389	0.9	0.597	0.594
0.083	0.6	0.096	0.082
1.0	0.96	0.34	0.691
0.138	0.94	0.226	0.234
0.083	0.97	0.533	0.44
0.0	0.14	0.424	0.077
0.0	0.99	0.87	0.674
0.0	0.0	0.25	0.034
0.0	0.98	0.532	0.407
0.0	0.97	0.987	0.743
0.0	0.92	0.834	0.614
0.0	0.96	0.215	0.192
0.0	0.58	0.095	0.068
0.0	0.76	0.198	0.129
0.0	0.0	0.043	0.018
0.0	0.4	0.011	0.037
0.0	0.97	0.018	0.114
0.0	0.89	0.022	0.1
0.262	0.96	0.086	0.203
0.0	0.98	0.222	0.202
0.272	0.98	0.319	0.364
0.199	0.93	0.072	0.169
0.0	0.96	0.139	0.157
0.0	0.97	0.049	0.125
0.0	0.0	0.002	0.016
0.0	0.75	0.033	0.079
0.0	0.0	0.028	0.017
0.0	0.97	0.258	0.218
0.0	0.0	0.087	0.021
0.282	0.93	0.402	0.406
0.199	0.81	0.332	0.267
0.262	0.98	0.724	0.673
0.698	0.98	0.829	0.865
0.616	0.98	0.11	0.355
0.572	0.92	0.492	0.604
0.572	0.99	0.603	0.716
0.616	0.94	0.07	0.308
0.929	0.9	0.649	0.824
0.387	0.96	0.398	0.466
1.0	0.3	0.507	0.49
0.929	0.98	1.0	0.945
1.0	0.96	0.708	0.879
0.649	0.92	0.18	0.393
0.26	0.87	0.149	0.205
0.435	0.98	0.392	0.494
0.433	0.96	0.14	0.293
0.329	0.94	0.188	0.277
0.0	0.96	0.373	0.283
0.0	0.0	0.073	0.02
0.0	0.79	0.258	0.16
0.0	0.61	0.029	0.059
0.0	0.34	0.057	0.038
0.0	0.99	0.181	0.185
0.0	0.58	0.283	0.118
0.0	0.0	0.028	0.017
0.0	0.74	0.087	0.09
0.0	0.2	0.042	0.027
0.0	0.0	0.008	0.016
0.0	0.97	0.02	0.115
0.416	0.91	0.021	0.198
0.197	0.0	0.019	0.024
0.0	0.0	0.016	0.017
0.0	0.98	0.043	0.125
0.0	0.6	0.015	0.056
0.0	0.96	0.045	0.121
0.0	0.0	0.011	0.016
0.0	0.0	0.012	0.016
0.0	0.49	0.068	0.053
0.0	0.6	0.05	0.062
0.0	0.66	0.063	0.072
0.0	0.0	0.013	0.016
0.185	0.03	0.386	0.077
0.494	0.3	0.608	0.344
0.574	0.23	0.777	0.474
1.0	0.6	1.0	0.898
0.141	0.04	0.314	0.058
0.0	0.03	0.25	0.037
0.698	0.96	0.07	0.351
0.417	0.37	0.013	0.072
0.698	0.45	0.0	0.129
0.0	0.05	0.004	0.018
0.371	0.13	0.0	0.04
0.0	0.0	0.003	0.016
0.0	0.03	0.02	0.018
0.0	0.04	0.003	0.017
0.0	0.15	0.003	0.022
0.0	0.36	0.025	0.036
0.282	0.25	0.016	0.046
0.371	0.74	0.001	0.13
0.079	0.17	0.006	0.026
0.0	0.1	0.002	0.019
0.0	0.54	0.0	0.047
0.0	0.06	0.0	0.018
0.0	0.05	0.005	0.018
0.0	0.03	0.02	0.018
1.0	0.89	0.004	0.397
0.368	0.22	0.0	0.048
0.698	0.0	0.0	0.055
0.282	0.75	0.162	0.178
0.416	0.0	0.008	0.034
0.194	0.77	0.66	0.488
1.0	0.82	0.54	0.761
0.406	0.99	0.727	0.734
0.391	0.96	0.47	0.525
0.612	0.96	0.887	0.864
0.76	0.03	0.694	0.391
0.287	0.95	0.427	0.439
0.285	0.73	0.746	0.578
0.6	0.92	0.679	0.745
0.6	0.95	0.429	0.583
0.455	0.99	1.0	0.879
0.76	0.98	0.752	0.849
0.406	0.99	0.263	0.384
0.179	0.98	0.838	0.718
0.455	0.97	0.42	0.52
0.275	0.98	0.195	0.278
0.0	0.98	0.026	0.119
1.0	0.98	0.185	0.586
0.001	0.98	0.049	0.127
1.0	0.98	0.425	0.754
0.76	0.99	0.097	0.413
0.68	0.99	0.628	0.769
0.0	0.23	0.543	0.129
0.46	0.53	0.979	0.724
0.0	0.04	0.016	0.018
0.0	0.23	0.056	0.03
0.0	0.42	0.161	0.061
0.46	0.87	0.579	0.596
0.0	0.62	0.652	0.322
0.46	0.74	1.0	0.813
0.46	0.34	0.657	0.385
0.46	0.72	0.869	0.733
0.0	0.8	0.175	0.13
0.0	0.11	0.087	0.026
0.0	0.31	0.072	0.037
0.0	0.73	0.411	0.216
0.0	0.25	0.331	0.072
0.0	0.6	0.304	0.13
0.0	0.15	0.267	0.049
0.0	0.08	0.147	0.029
0.0	0.07	0.192	0.033
0.0	0.22	0.04	0.028
0.0	0.02	0.044	0.019
0.0	0.05	0.276	0.041
0.0	0.12	0.356	0.061
0.0	0.03	0.211	0.032
0.0	0.29	0.263	0.064
0.0	0.16	0.281	0.052
0.0	0.05	0.362	0.054
0.0	0.97	0.418	0.318
0.114	0.98	0.498	0.431
0.114	0.83	0.478	0.342
1.0	0.0	0.315	0.217
0.281	0.73	0.414	0.318
0.399	0.42	0.346	0.196
0.527	0.95	0.275	0.427
0.0	0.0	0.042	0.018
0.0	0.77	0.218	0.139
0.0	0.98	0.204	0.193
0.0	0.0	0.036	0.018
0.0	0.94	0.303	0.232
0.0	0.59	0.227	0.102
0.0	0.95	0.285	0.226
0.0	0.97	0.202	0.189
0.0	0.98	0.147	0.166
0.0	0.9	0.198	0.166
0.0	0.43	0.043	0.043
0.242	0.95	0.046	0.175
0.114	0.98	0.131	0.189
0.0	0.78	0.09	0.099
0.0	0.67	0.036	0.068
0.265	0.2	0.11	0.053
0.0	0.09	0.004	0.019
0.0	0.08	0.0	0.019
0.732	0.93	0.0	0.301
0.049	0.91	0.0	0.105
0.0	0.0	0.0	0.016
0.925	0.96	0.002	0.397
0.753	0.1	0.0	0.073
0.963	0.98	0.008	0.429
0.753	0.96	0.014	0.333
0.751	0.98	1.0	0.925
0.416	0.85	0.315	0.359
0.317	0.99	0.495	0.527
0.416	0.98	0.351	0.452
0.466	0.97	0.343	0.463
0.502	0.99	0.843	0.827
0.616	0.0	0.086	0.062
0.502	0.88	0.1	0.26
0.502	0.97	0.489	0.596
0.416	0.98	0.584	0.635
0.466	0.97	0.198	0.352
0.0	0.48	0.04	0.047
0.0	0.0	0.039	0.018
0.0	0.12	0.082	0.026
0.0	0.96	0.156	0.165
0.0	0.2	0.138	0.036
0.0	0.04	0.109	0.024
0.0	0.06	0.105	0.025
0.0	0.84	0.142	0.128
0.0	0.15	0.033	0.024
0.0	0.44	0.203	0.072
0.0	0.98	0.659	0.508
0.0	0.0	0.19	0.029
0.448	0.98	0.742	0.754
0.304	0.98	0.165	0.27
0.215	0.98	0.272	0.307
0.283	0.98	0.783	0.721
0.0	0.2	0.291	0.058
0.0	0.95	0.259	0.212
0.214	0.92	0.601	0.528
0.283	0.96	0.359	0.389
0.46	0.94	0.088	0.261
0.255	0.24	0.082	0.052
0.375	0.38	0.042	0.075
0.0	0.12	0.34	0.058
0.0	0.03	0.518	0.083
0.0	0.06	0.708	0.15
0.404	0.45	0.442	0.263
0.072	0.35	0.305	0.092
0.173	0.57	0.198	0.121
0.0	0.85	0.355	0.229
0.173	0.93	0.11	0.18
0.227	0.74	0.138	0.151
0.0	0.0	0.047	0.018
0.0	0.96	0.026	0.115
0.227	0.98	0.087	0.2
0.049	0.57	0.022	0.058
0.227	0.04	0.195	0.047
0.562	0.09	0.18	0.088
0.0	0.85	1.0	0.701
0.0	0.64	0.607	0.3
